0.1453 -0.15 2.60076 
1.6382 0.9 1.13891 
1.279 0.9 1.13891 
0.4416 0.45 2.65376 
1.9412 0.6 0.98839 
3.1877 -0.15 0.734341 
1.5608 0.3 0.874115 
3.3533 0.95 1.172 
1.7488 0.4 0.911707 
1.8053 0.8 1.08174 
1.1602 0.95 1.172 
1.5206 0.65 1.01048 
1.673 0.3 0.874115 
1.2892 0.65 1.01048 
2.4056 -0.15 0.734341 
1.873 0.4 0.911707 
2.4599 0.8 1.08174 
1.2506 0.85 1.10982 
1.3678 0.75 1.05665 
2.6892 0.75 1.05665 
0.5516 0 2.60776 
1.7326 0.8 1.08174 
2.9595 0.05 0.792136 
2.3126 -0.2 0.719341 
2.1503 0.65 1.01048 
1.7309 0.55 0.967303 
1.1828 0.85 1.10982 
1.5995 0.55 0.967303 
1.5471 0.45 0.930502 
1.512 0.5 0.949298 
1.4154 0.7 1.03256 
0.5752 -0.05 2.60776 
2.9792 0 2.60776 
2.8166 0.9 1.13891 
2.5058 0.75 1.05665 
2.1752 -0.2 0.719341 
1.7604 0.45 0.930502 
1.7782 0.35 0.892911 
0.272 0.5 2.65776 
2.1214 0.4 0.911707 
2.1946 0.95 1.172 
1.53 0.65 1.01048 
3.3861 -0.35 0.676341 
2.2541 0.2 0.840524 
1.4361 0.75 1.05665 
3.8312 0.3 0.874115 
1.379 0.95 1.172 
1.7357 0.4 0.911707 
2.6841 0.3 0.874115 
3.0598 0.15 0.823728 
2.7996 0.45 0.930502 
1.8968 0.1 0.807932 
1.7338 0.3 0.874115 
2.7321 0.9 1.13891 
2.8997 0.35 0.892911 
1.0946 0.85 1.10982 
1.5604 0.55 0.967303 
1.1657 0.95 1.172 
1.3363 0.85 1.10982 
1.2672 0.85 1.10982 
1.3232 0.8 1.08174 
0.4785 0.1 2.62176 
1.9571 0.55 0.967303 
3.32 0.05 0.792136 
1.373 -0.4 2.57576 
1.7282 0.8 1.08174 
2.8058 0.6 0.98839 
1.2133 0.9 1.13891 
1.6809 0.85 1.10982 
2.2168 -0.25 0.704341 
2.3292 0.05 0.792136 
2.2948 0.15 0.823728 
1.377 0.95 1.172 
4.0207 0.4 0.911707 
0.3611 0.1 2.62176 
0.8274 0 2.60776 
2.1048 0.35 0.892911 
2.6022 0.35 0.892911 
1.5096 -0.5 2.56576 
2.4387 -0.1 0.749341 
2.8451 0.3 0.874115 
1.9716 -0.15 0.734341 
3.3193 0.85 1.10982 
1.2074 0.9 1.13891 
2.6781 0.85 1.10982 
0.4764 0.15 2.62776 
2.4872 -0.1 0.749341 
1.5865 0.4 0.911707 
1.8946 0.3 0.874115 
1.6019 0.3 0.874115 
1.6524 0.45 0.930502 
2.2573 6.93889e-17 0.776341 
3.2536 -0.2 0.719341 
1.674 0.514048 0.954298 
3.1864 0.35 0.892911 
2.8843 0.35 0.892911 
1.6337 0.3 0.874115 
2.5748 0.45 0.930502 
1.8807 0.55 0.967303 
1.8345 0.7 1.03256 
2.0808 -0.05 0.763341 
1.7631 0.7 1.03256 
1.8863 0.65 1.01048 
4.221 0.2 0.840524 
2.2839 0.3 0.874115 
2.244 0.35 2.64576 
0.9685 0.1 2.62176 
1.8662 0.65 1.01048 
1.9319 6.93889e-17 0.776341 
1.8234 0.2 0.840524 
1.2482 0.85 1.10982 
2.3304 -0.4 0.663341 
1.4751 0.8 1.08174 
1.4943 -0.2 2.59576 
0.9488 0.05 2.61476 
2.0535 0.45 0.930502 
2.8595 0.2 0.840524 
1.5659 0.5 0.949298 
2.5693 0.45 0.930502 
2.2032 0.8 1.08174 
1.8038 0.95 1.172 
0.5756 0.05 2.61476 
2.3506 0.05 0.792136 
1.1784 0.9 1.13891 
1.9719 0.05 0.792136 
1.8088 0.55 0.967303 
1.481 0.9 1.13891 
1.7426 0.514048 0.954298 
1.4859 0.6 0.98839 
2.6421 0.9 1.13891 
1.439 0.7 1.03256 
1.5783 0.45 0.930502 
1.7752 0.514048 0.954298 
1.522 0.514048 0.954298 
1.3889 0.85 1.10982 
1.735 0.35 0.892911 
2.2821 0.9 1.13891 
1.75 0.35 0.892911 
1.9756 0.45 0.930502 
4.4761 0.65 1.01048 
1.8275 0.15 0.823728 
3.6754 0.514048 0.954298 
2.7567 0.3 0.874115 
2.2453 0.9 1.13891 
1.5186 0.6 0.98839 
2.1707 0.15 0.823728 
1.8839 0.9 1.13891 
1.7566 0.35 0.892911 
1.5798 0.3 0.874115 
1.5207 0.4 0.911707 
1.1436 0.85 1.10982 
2.5044 0.75 1.05665 
1.8046 0.35 0.892911 
3.4915 0.1 0.807932 
2.5073 0.4 0.911707 
1.5279 0.75 1.05665 
2.7033 0.3 0.874115 
2.5859 0.35 0.892911 
2.0485 0.3 0.874115 
2.2703 0.25 0.857319 
2.8994 0.8 1.08174 
2.2012 0.4 0.911707 
1.4946 0.85 1.10982 
0.451 0.1 2.62176 
3.1757 0.45 0.930502 
1.7613 0.65 1.01048 
1.3717 0.9 1.13891 
1.7049 0.4 0.911707 
1.6751 0.6 0.98839 
2.8533 0.65 1.01048 
1.2467 0.85 1.10982 
1.495 0.6 0.98839 
3.3875 0.9 1.13891 
2.99 0.514048 0.954298 
2.2189 0.4 0.911707 
1.2118 0.85 1.10982 
1.7995 0.3 0.874115 
2.2974 0.2 0.840524 
1.3681 0.95 1.172 
1.3609 0.8 1.08174 
2.8473 0.45 0.930502 
1.3877 0.55 0.967303 
1.6149 0.95 1.172 
1.5088 0.7 1.03256 
1.404 0.65 1.01048 
2.0025 0.1 0.807932 
2.5668 0.35 0.892911 
0.345 -0.65 2.55076 
2.0838 0.35 0.892911 
1.6764 0.4 0.911707 
1.2801 0 2.60776 
1.5451 0.95 1.172 
1.5406 0.65 1.01048 
0.4898 0 2.60776 
2.0696 0.4 0.911707 
1.2865 0.9 1.13891 
1.8588 0.25 0.857319 
1.6239 0.3 0.874115 
1.9633 0.55 0.967303 
1.3203 0.7 1.03256 
0.5152 0.05 2.61476 
1.6665 0.85 1.10982 
3.7952 0.15 0.823728 
1.726 0.3 0.874115 
3.7065 0.85 1.10982 
1.4249 0.7 1.03256 
2.3609 0.95 1.172 
1.3905 0.8 1.08174 
2.3556 -0.45 0.650341 
2.2269 0.8 1.08174 
1.7212 0.4 0.911707 
1.4752 0.45 0.930502 
1.8738 0.05 0.792136 
1.894 0.1 0.807932 
1.7816 6.93889e-17 0.776341 
1.9322 0.7 1.03256 
1.8435 0.1 0.807932 
1.4829 0.65 1.01048 
2.9711 0.4 0.911707 
1.2837 0.65 1.01048 
2.9104 0.15 0.823728 
1.5514 0.9 1.13891 
1.7731 0.3 0.874115 
2.1953 -0.3 0.689341 
2.1498 0.65 1.01048 
1.3914 0.75 1.05665 
1.3661 0.8 1.08174 
1.1999 0.95 1.172 
2.5247 0.7 1.03256 
1.7952 0.2 0.840524 
1.8292 -0.05 0.763341 
1.5664 0.55 0.967303 
3.6073 -0.05 0.763341 
1.8803 0.9 1.13891 
3.2077 -0.15 0.734341 
1.4322 0.35 0.892911 
3.068 0.75 1.05665 
2.5931 0.55 0.967303 
1.3273 0.8 1.08174 
2.4896 0.85 1.10982 
4.3214 0.15 0.823728 
2.0608 0.2 0.840524 
1.2112 0.85 1.10982 
4.677 -0.15 0.734341 
1.6201 0.5 0.949298 
1.4379 0.85 1.10982 
1.782 0.45 0.930502 
1.1721 0.95 1.172 
1.4802 0.7 1.03256 
1.6534 -0.25 2.59076 
1.9675 0.55 0.967303 
3.5903 0.35 0.892911 
1.5792 0.85 1.10982 
1.2041 0.9 1.13891 
1.5649 0.6 0.98839 
1.7231 0.8 1.08174 
2.0948 0.3 0.874115 
1.9182 0.4 0.911707 
1.583 0.95 1.172 
1.4491 0.85 1.10982 
2.4977 0.7 1.03256 
0.4496 0.35 2.64576 
2.1682 0.35 0.892911 
1.1891 0.8 1.08174 
1.5876 0.514048 0.954298 
2.1879 -0.15 0.734341 
1.3405 0.55 0.967303 
2.5914 0.4 0.911707 
2.2984 0.35 0.892911 
1.4706 0.8 1.08174 
1.9902 0.65 1.01048 
2.7833 0.45 0.930502 
1.6165 0.45 0.930502 
4.1197 0.15 0.823728 
1.0887 0.85 1.10982 
2.0162 0.15 0.823728 
1.6445 0.25 0.857319 
1.317 0.75 1.05665 
1.4041 0.7 1.03256 
1.4209 0 2.60776 
1.6406 0.9 1.13891 
0.5042 0 2.60776 
1.7829 0.75 1.05665 
1.6585 -0.5 2.56576 
2.5592 -0.25 0.704341 
1.4388 0.45 0.930502 
2.4957 0.75 1.05665 
1.9579 0.3 0.874115 
2.3497 0.15 0.823728 
1.1413 0.95 1.172 
1.9549 0.15 0.823728 
2.4374 0.514048 0.954298 
2.2401 -0.35 0.676341 
1.8284 0.45 0.930502 
2.8808 -0.25 0.704341 
1.2413 0.7 1.03256 
3.5592 0.4 0.911707 
0.401 -0.15 2.60076 
1.8268 0.7 1.03256 
2.2648 0.85 1.10982 
2.3237 -0.4 0.663341 
1.2608 0.8 1.08174 
1.2111 0.95 1.172 
1.5832 0.6 0.98839 
2.8575 0.35 0.892911 
1.6553 0.514048 0.954298 
3.5918 0.7 1.03256 
1.707 0.95 1.172 
2.8692 0.45 0.930502 
3.7185 0.55 0.967303 
1.2434 0.9 1.13891 
1.8059 0.3 0.874115 
2.434 6.93889e-17 0.776341 
2.6627 0.85 1.10982 
1.9203 0.1 0.807932 
1.8187 0.2 0.840524 
2.6082 0.15 0.823728 
1.6119 0.35 0.892911 
1.941 0.75 1.05665 
1.472 0.6 0.98839 
1.6282 0.5 0.949298 
1.6605 0.3 0.874115 
1.4668 0.7 1.03256 
1.663 -0.05 2.60776 
2.0598 0.45 0.930502 
2.1529 0.3 0.874115 
1.232 0.85 1.10982 
1.7367 0.45 0.930502 
5.001 0.3 0.874115 
1.834 0.3 0.874115 
1.4549 0.4 0.911707 
1.7119 0.15 0.823728 
1.575 0.6 0.98839 
2.4802 0.55 0.967303 
3.3031 -0.4 0.663341 
1.6764 0.6 0.98839 
1.8308 0.35 0.892911 
1.3944 0.55 0.967303 
2.0745 0.95 1.172 
1.7415 0.4 0.911707 
2.4153 0.514048 0.954298 
2.5287 -0.2 2.59576 
2.2501 0.2 0.840524 
1.548 0.514048 0.954298 
1.6143 0.35 0.892911 
2.5707 0.4 0.911707 
1.8663 0.15 0.823728 
2.5835 0.75 1.05665 
1.5676 0.2 2.63276 
0.9155 0.3 2.64176 
1.6621 0.9 1.13891 
1.7498 0.35 0.892911 
1.4978 0.6 0.98839 
1.9258 0.8 1.08174 
2.6919 0.514048 0.954298 
2.3595 -0.25 0.704341 
1.3056 0.9 1.13891 
3.2615 -0.05 0.763341 
2.4807 0.75 1.05665 
1.1472 0.9 1.13891 
2.1161 -0.1 0.749341 
1.5212 0.25 0.857319 
1.1903 0.8 1.08174 
0.4459 0.25 2.63776 
0.8838 0.15 2.62776 
1.8085 0.75 1.05665 
1.5296 0.55 0.967303 
2.5932 0.05 2.61476 
2.9102 0.35 2.64576 
0.8075 -0.7 2.54576 
2.3012 0.05 0.792136 
1.0983 0.85 1.10982 
1.4204 0.8 1.08174 
2.393 0.5 0.949298 
1.5365 0.45 0.930502 
3.8513 0.4 0.911707 
1.8529 6.93889e-17 0.776341 
2.4204 0.514048 0.954298 
2.6331 0.7 1.03256 
4.0838 0.65 1.01048 
2.0974 0.2 0.840524 
1.7272 0.2 0.840524 
2.3065 -0.25 0.704341 
0.9986 0.9 1.13891 
0.4951 0.6 2.66776 
3.1626 0.6 0.98839 
1.6346 0.514048 0.954298 
1.3111 0.95 1.172 
1.8314 0.3 0.874115 
2.2981 -0.05 0.763341 
1.8658 -0.05 0.763341 
2.0369 0.9 1.13891 
1.3319 0.8 1.08174 
1.3018 0.8 1.08174 
2.5766 0.65 1.01048 
1.3595 0.8 1.08174 
2.1272 -0.2 0.719341 
2.3791 0.55 0.967303 
0.4157 -0.3 2.58576 
1.743 0.8 1.08174 
2.0957 0.2 0.840524 
2.3002 0.9 1.13891 
1.1921 0.95 1.172 
1.4928 0.7 1.03256 
2.9534 0.6 0.98839 
1.7532 0.65 1.01048 
2.55 0.65 1.01048 
1.6076 0.7 1.03256 
2.5858 0.5 0.949298 
2.371 0.45 0.930502 
2.1822 -0.2 0.719341 
2.5069 0.1 0.807932 
3.0194 0.2 0.840524 
1.9502 0.4 0.911707 
3.2018 0.55 0.967303 
1.653 0.25 0.857319 
1.807 0.45 0.930502 
2.3692 0.65 1.01048 
2.4042 0.75 1.05665 
1.5213 0.6 0.98839 
2.3253 -0.1 0.749341 
2.5467 -0.05 0.763341 
2.5148 0.35 0.892911 
1.438 0.85 1.10982 
1.7682 0.3 0.874115 
2.7349 0.45 0.930502 
1.8693 0.25 0.857319 
1.4544 -0.2 2.59576 
3.0088 0.6 0.98839 
1.9073 6.93889e-17 0.776341 
2.5329 6.93889e-17 0.776341 
1.2878 0.85 1.10982 
2.573 0.6 0.98839 
1.3898 0.75 1.05665 
0.7051 -0.15 2.60076 
3.2113 0.25 0.857319 
1.7275 0.7 1.03256 
1.5678 0.45 0.930502 
1.8015 0.7 1.03256 
2.5256 -0.4 0.663341 
3.9644 0.15 2.62776 
1.9761 0.55 0.967303 
1.7422 -0.3 2.58576 
3.1049 0.4 0.911707 
1.1989 0.9 1.13891 
1.4343 0.7 1.03256 
1.9148 0.25 0.857319 
1.3096 0.95 1.172 
2.8598 0.5 0.949298 
1.8484 0.05 2.61476 
1.756 0.8 1.08174 
1.4246 0.7 1.03256 
1.4749 0.65 1.01048 
1.8867 0.65 1.01048 
2.0554 -0.15 0.734341 
2.9763 0.25 0.857319 
1.6327 0.55 0.967303 
1.453 0.55 0.967303 
2.6449 0.3 0.874115 
1.6155 0.15 2.62776 
2.2182 0.25 0.857319 
1.9183 6.93889e-17 0.776341 
1.4429 0.45 0.930502 
2.0543 -0.25 0.704341 
1.903 6.93889e-17 0.776341 
2.3843 0.6 0.98839 
2.779 0.55 0.967303 
1.799 0.6 0.98839 
1.5069 0.8 1.08174 
1.7229 0.95 1.172 
1.4013 0.8 1.08174 
1.3161 0.8 1.08174 
1.5704 -0.9 2.52876 
1.8923 0.55 0.967303 
1.3192 0.9 1.13891 
2.9471 -0.05 2.60776 
1.9739 0.55 0.967303 
2.29 0.55 0.967303 
2.6672 0.1 0.807932 
1.9524 0.4 0.911707 
1.9318 0.35 0.892911 
1.4723 -0.2 2.59576 
0.7325 0.1 2.62176 
0.7932 -1.15 2.50876 
2.245 0.1 0.807932 
1.2273 0.85 1.10982 
1.5274 0.6 0.98839 
1.3301 0.85 1.10982 
0.4977 -0.35 2.58076 
1.7133 0.8 1.08174 
1.3901 0.75 1.05665 
1.5925 0.15 2.62776 
2.1414 0.35 0.892911 
2.1621 0.7 1.03256 
2.6801 -0.8 0.559341 
2.6297 0.4 0.911707 
1.9393 0.15 0.823728 
1.9038 0.3 0.874115 
1.9065 -0.1 0.749341 
3.0187 0.7 1.03256 
1.3061 0.8 1.08174 
1.2726 0.9 1.13891 
4.8502 6.93889e-17 0.776341 
2.6361 0.3 0.874115 
1.3635 0.75 1.05665 
2.5769 0.55 0.967303 
1.5732 0.45 0.930502 
1.489 0.514048 0.954298 
1.9407 0.45 0.930502 
2.4302 0.4 0.911707 
1.3156 0.75 1.05665 
1.8686 0.95 1.172 
2.5609 0.65 1.01048 
1.783 0.2 0.840524 
2.4075 0.05 0.792136 
1.7198 0.65 1.01048 
1.55 0.7 1.03256 
1.6604 0.35 0.892911 
1.5115 0.6 0.98839 
3.0115 0.4 0.911707 
2.9048 0.35 0.892911 
3.4439 -0.6 0.611341 
1.6048 0.514048 0.954298 
1.1304 0.85 1.10982 
2.0719 -0.05 0.763341 
1.8026 0.514048 0.954298 
0.4859 -0.15 2.60076 
3.0322 0.514048 0.954298 
1.388 0.6 0.98839 
1.8601 0.55 0.967303 
2.6761 0.25 0.857319 
3.4931 0.7 1.03256 
1.4467 -0.8 2.53676 
1.6665 0.8 1.08174 
1.4288 0.65 1.01048 
1.3698 0.85 1.10982 
0.5427 -0.35 2.58076 
2.0299 0.45 0.930502 
1.548 0.4 0.911707 
1.5898 0.55 0.967303 
1.7209 0.2 0.840524 
1.3817 0.75 1.05665 
0.4189 0.05 2.61476 
2.2909 0.15 0.823728 
2.7864 0.65 1.01048 
1.3943 0.65 1.01048 
1.2485 0.85 1.10982 
2.3038 0.9 1.13891 
1.5807 0.55 0.967303 
2.5163 -0.15 0.734341 
1.2499 0.65 1.01048 
1.1551 0.9 1.13891 
1.8396 0.25 0.857319 
2.188 -0.05 0.763341 
1.628 0.9 1.13891 
1.741 0.35 0.892911 
2.1771 -0.3 0.689341 
1.8613 0.15 0.823728 
1.4727 0.6 0.98839 
2.8398 0.45 0.930502 
1.4345 0.6 0.98839 
2.1904 0.85 1.10982 
3.1108 -0.2 0.719341 
2.7704 6.93889e-17 0.776341 
3.1936 0.2 0.840524 
1.4912 0.5 0.949298 
0.4405 -0.1 2.60576 
0.94 0.1 2.62176 
1.5982 0.95 1.172 
1.7638 0.35 0.892911 
1.2801 0.65 1.01048 
1.8021 0.15 0.823728 
1.169 0.75 1.05665 
2.6061 0.514048 0.954298 
2.3732 0.45 0.930502 
2.3151 0.7 1.03256 
3.4108 0.6 0.98839 
3.691 -0.05 0.763341 
1.7137 0.35 0.892911 
2.0282 -0.2 0.719341 
3.0429 0.35 0.892911 
1.8818 6.93889e-17 0.776341 
1.4207 0.7 1.03256 
1.541 -0.15 2.60076 
0.9283 0.05 2.61476 
1.7343 0.8 1.08174 
1.6701 0.4 0.911707 
1.4412 0.95 1.172 
1.4257 0.75 1.05665 
2.3022 0.15 0.823728 
1.544 0.75 1.05665 
2.1263 0.7 1.03256 
1.423 0.65 1.01048 
1.9098 0.45 0.930502 
3.7592 0.35 0.892911 
1.4042 0.75 1.05665 
1.5361 0.8 1.08174 
0.4277 0.5 2.65776 
0.7204 0.2 2.63276 
2.1513 0.35 0.892911 
2.8785 0.3 0.874115 
1.6919 0.4 0.911707 
4.2527 -0.2 0.719341 
2.2246 0.2 0.840524 
2.0525 0.4 0.911707 
3.4746 -0.05 0.763341 
1.5591 0.55 0.967303 
1.5038 0.55 0.967303 
1.7434 0.35 0.892911 
1.6036 0.514048 0.954298 
1.5242 0.55 0.967303 
2.2881 0.7 1.03256 
1.8171 0.2 0.840524 
1.8791 0.05 0.792136 
3.6187 0.45 0.930502 
1.6891 0.2 0.840524 
1.2062 0.7 1.03256 
1.7359 0.55 0.967303 
1.5969 0.75 1.05665 
1.9187 0.4 0.911707 
1.3264 0.95 1.172 
2.4754 0.85 1.10982 
2.3613 -0.4 0.663341 
1.4269 0.6 0.98839 
2.9378 -0.05 0.763341 
1.5263 0.5 0.949298 
2.5096 -0.3 0.689341 
1.5895 0.3 0.874115 
0.4702 -0.1 2.60576 
2.1158 0.35 0.892911 
1.7372 0.2 0.840524 
1.603 0.85 1.10982 
1.4095 0.75 1.05665 
1.6319 0.55 0.967303 
2.4834 0.7 1.03256 
2.4842 -0.3 0.689341 
1.1721 0.8 1.08174 
4.8337 -0.25 0.704341 
1.5846 0.9 1.13891 
1.5948 -2.2 2.40976 
2.0597 0.25 0.857319 
1.3265 0.8 1.08174 
2.2944 0.95 1.172 
1.4947 0.7 1.03256 
1.4503 0.6 0.98839 
1.4547 0.6 0.98839 
2.1796 0.2 0.840524 
3.1633 0 2.60776 
1.9504 0.55 0.967303 
1.1732 0.85 1.10982 
2.9655 0.2 0.840524 
1.3342 0.8 1.08174 
1.6255 0.45 0.930502 
1.3398 0.8 1.08174 
1.5555 0.514048 0.954298 
2.3643 0.75 1.05665 
4.1197 6.93889e-17 0.776341 
1.8136 0.4 0.911707 
1.3293 0.75 1.05665 
1.2687 0.8 1.08174 
2.1806 -0.25 0.704341 
2.2949 0.3 0.874115 
1.5282 0.8 1.08174 
3.0592 0.15 0.823728 
2.8466 0.45 0.930502 
1.369 0.75 1.05665 
2.9422 0.15 0.823728 
2.618 0.75 1.05665 
1.8672 0.05 2.61476 
1.8705 0.65 1.01048 
1.853 0.15 0.823728 
1.4275 0.95 1.172 
1.8841 0.25 0.857319 
1.4729 0.35 0.892911 
1.1421 0.9 1.13891 
1.4579 0.4 2.64976 
2.5525 -0.15 0.734341 
1.4849 0.6 0.98839 
1.7055 0.4 0.911707 
1.8838 0.75 1.05665 
1.71 0.4 0.911707 
1.8228 0.1 0.807932 
1.5912 0.9 1.13891 
1.4728 0.65 1.01048 
1.8493 0.3 0.874115 
2.2005 0.2 2.63276 
1.72 0.85 1.10982 
2.0062 6.93889e-17 0.776341 
1.1726 0.85 1.10982 
2.2101 -0.25 0.704341 
2.6099 -0.1 0.749341 
2.5048 0.514048 0.954298 
1.6703 0.35 2.64576 
5.4189 0.25 0.857319 
3.5729 -0.05 0.763341 
1.6018 0.7 1.03256 
3.1994 -0.05 0.763341 
2.735 0.1 0.807932 
3.8004 0.45 0.930502 
1.8259 0.2 0.840524 
2.8716 0.8 1.08174 
3.0882 -0.05 0.763341 
2.1614 0.2 0.840524 
1.3207 0.85 1.10982 
2.5281 0.2 0.840524 
1.6396 -0.45 2.57076 
0.869 0.1 2.62176 
3.2443 0.3 0.874115 
1.3259 0.75 1.05665 
2.6135 0.7 1.03256 
2.6129 -0.6 0.611341 
1.898 0.35 0.892911 
2.4088 0.25 0.857319 
1.6811 0.35 0.892911 
1.6245 -0.5 2.56576 
1.6325 0.85 1.10982 
2.0608 -0.05 0.763341 
1.1778 0.75 1.05665 
2.2762 0.95 1.172 
5.0988 0.45 0.930502 
2.3445 -0.5 0.637341 
1.2938 0.8 1.08174 
1.2788 0.85 1.10982 
1.559 -0.15 2.60076 
0.9211 -0.15 2.60076 
2.0467 0.45 0.930502 
2.049 0.95 1.172 
1.4742 0.7 1.03256 
1.2992 0.75 1.05665 
4.093 -0.05 0.763341 
1.8843 0.25 0.857319 
2.8488 -0.05 0.763341 
1.8109 0.45 0.930502 
2.7314 0.55 0.967303 
2.453 0.1 0.807932 
1.8423 0.7 1.03256 
1.3209 0.75 1.05665 
1.9027 0.6 0.98839 
2.0006 0.05 0.792136 
2.5311 0.75 1.05665 
2.8916 0.2 0.840524 
3.7936 0.25 0.857319 
1.5706 0.8 1.08174 
2.2644 -0.35 0.676341 
1.5366 0.75 1.05665 
1.1167 0.95 1.172 
2.798 0.514048 0.954298 
3.1945 0.1 0.807932 
1.2227 0.1 2.62176 
2.0065 -0.6 2.55576 
5.1417 0.514048 0.954298 
1.7022 0.2 0.840524 
2.2717 0.05 0.792136 
1.6899 0.35 0.892911 
3.2711 0.85 1.10982 
1.4478 0.7 1.03256 
1.9514 -0.05 0.763341 
1.1287 0.95 1.172 
2.242 -0.25 0.704341 
1.3898 0.65 1.01048 
2.3851 -0.1 0.749341 
1.6937 0.35 0.892911 
1.3764 0.85 1.10982 
1.5752 0.55 0.967303 
1.4737 -0.9 2.52876 
1.7182 0.75 1.05665 
1.9398 0.1 0.807932 
2.8032 0.35 0.892911 
1.8532 0.75 1.05665 
1.4868 0.6 0.98839 
2.3224 0.514048 0.954298 
3.2415 0.95 1.172 
0.5281 -0.2 2.59576 
0.836 0.05 2.61476 
0.9246 -0.75 2.54076 
1.5863 0.9 1.13891 
1.2081 0.95 1.172 
3.5973 0.8 1.08174 
1.214 0.9 1.13891 
2.7977 0.45 0.930502 
1.8241 0.15 0.823728 
1.564 0.35 0.892911 
2.2706 -0.3 0.689341 
2.1624 0.8 1.08174 
2.2691 -0.35 0.676341 
2.3353 -0.15 0.734341 
1.4056 0.45 0.930502 
2.3726 -0.3 0.689341 
1.8311 0.3 0.874115 
1.3131 0.85 1.10982 
1.5201 0.65 1.01048 
2.3376 0.9 1.13891 
1.3172 0.85 1.10982 
1.6295 0.45 0.930502 
1.7761 0.55 0.967303 
3.3797 0.6 0.98839 
1.3294 0.9 1.13891 
1.4113 0.75 1.05665 
2.7223 0.75 1.05665 
2.0884 0.45 0.930502 
2.1799 0.6 0.98839 
1.3593 0.65 1.01048 
2.1266 -0.25 0.704341 
2.1135 0.45 0.930502 
3.2962 0.9 1.13891 
1.6068 -0.1 2.60576 
0.8121 -0.45 2.57076 
0.8781 -0.2 2.59576 
1.6599 0.85 1.10982 
1.758 0.3 0.874115 
1.2851 0.7 1.03256 
1.1254 0.95 1.172 
1.624 0.55 0.967303 
1.4089 0.6 0.98839 
1.7173 0.45 0.930502 
1.5642 0.05 2.61476 
2.5023 -0.15 0.734341 
2.7793 0.35 0.892911 
1.3474 0.2 2.63276 
2.0102 0.514048 0.954298 
1.7205 0.25 0.857319 
1.9058 6.93889e-17 0.776341 
1.2736 0.6 0.98839 
1.3227 0.05 2.61476 
2.2733 0.15 0.823728 
1.5001 0.85 1.10982 
1.3458 0.8 1.08174 
2.336 0.75 1.05665 
1.2914 0.9 1.13891 
1.6549 0.45 0.930502 
2.3222 6.93889e-17 0.776341 
1.5056 0.95 1.172 
1.8258 0.3 0.874115 
2.1481 0.4 0.911707 
3.6476 0.05 0.792136 
1.9252 0.6 0.98839 
1.9581 0.05 2.61476 
3.2369 0.35 0.892911 
3.1955 -0.15 0.734341 
1.1199 0.9 1.13891 
1.4515 0.7 1.03256 
1.357 0.75 1.05665 
3.0004 0.25 0.857319 
2.919 0.25 0.857319 
2.942 0.55 0.967303 
1.0887 0.95 1.172 
1.5359 0.65 1.01048 
1.5566 0.6 0.98839 
1.1262 0.95 1.172 
1.8059 0.3 0.874115 
1.4521 0.45 0.930502 
1.4535 0.5 0.949298 
1.7297 0.25 0.857319 
1.4325 0.4 2.64976 
2.7857 -0.45 0.650341 
2.3387 0.3 0.874115 
2.6963 0.35 0.892911 
4.5642 6.93889e-17 0.776341 
2.1077 0.65 1.01048 
1.8425 0.1 0.807932 
1.3258 0.85 1.10982 
1.9601 0.05 0.792136 
1.7183 0.2 0.840524 
1.5793 0.514048 0.954298 
1.4347 0.85 1.10982 
2.5233 0.8 1.08174 
2.8231 0.514048 0.954298 
3.1378 0.3 0.874115 
1.2623 0.7 1.03256 
0.4515 0.05 2.61476 
2.3302 0.1 0.807932 
1.5575 0.4 0.911707 
2.0036 0.1 0.807932 
3.8617 0.55 0.967303 
1.6215 0.55 0.967303 
2.4624 0.7 1.03256 
1.5177 0.514048 0.954298 
2.7024 0.6 0.98839 
1.9419 6.93889e-17 0.776341 
1.8838 0.2 0.840524 
1.091 0.85 1.10982 
1.8479 0.3 0.874115 
2.1348 0.8 1.08174 
1.4631 0.65 1.01048 
1.4379 0.8 1.08174 
1.3344 0.8 1.08174 
1.7392 0.45 0.930502 
1.5583 0.55 0.967303 
1.982 6.93889e-17 0.776341 
2.5834 0.35 0.892911 
1.5946 0.65 1.01048 
1.6047 0.4 0.911707 
1.6303 0.25 0.857319 
1.9272 0.25 0.857319 
3.2745 0.95 1.172 
1.9212 0.15 0.823728 
2.4419 0.6 0.98839 
2.5646 -0.2 0.719341 
3.0129 0.514048 0.954298 
1.2055 0.9 1.13891 
2.4659 0.85 1.10982 
1.2648 0.85 1.10982 
2.3347 -0.4 0.663341 
2.7782 0.3 0.874115 
1.288 0.65 1.01048 
1.2017 0.85 1.10982 
1.435 0.9 1.13891 
0.4967 -0.15 2.60076 
2.2067 0.25 0.857319 
1.7022 0.6 0.98839 
3.6381 0.6 0.98839 
1.6857 0.35 0.892911 
1.7607 0.15 0.823728 
1.6918 0.8 1.08174 
1.8284 0.85 1.10982 
2.4708 0.65 1.01048 
2.0123 -0.05 0.763341 
2.8309 -0.15 0.734341 
2.1525 -0.5 0.637341 
1.4269 0.9 1.13891 
1.4213 0.75 1.05665 
1.7811 0.2 0.840524 
1.8516 -0.1 0.749341 
1.5586 0.2 0.840524 
3.6894 0.05 0.792136 
1.2339 0.9 1.13891 
1.7852 0.3 0.874115 
1.7264 0.95 1.172 
1.4014 0.8 1.08174 
4.3335 0.05 0.792136 
1.1642 0.8 1.08174 
1.7925 0.2 0.840524 
4.3798 0.55 0.967303 
1.5179 0.6 0.98839 
2.3141 0.85 1.10982 
2.4355 0.65 1.01048 
1.5467 0.55 0.967303 
2.0173 -0.2 0.719341 
2.8491 0 2.60776 
1.7496 0.8 1.08174 
2.5802 0.1 2.62176 
2.0765 0.4 0.911707 
2.4084 -0.25 0.704341 
1.369 0.8 1.08174 
1.4203 0.7 1.03256 
1.7883 0.2 0.840524 
1.1753 0.8 1.08174 
1.4728 0.6 0.98839 
1.2149 0.85 1.10982 
3.7083 0.65 1.01048 
1.9256 0.4 0.911707 
1.1273 0.95 1.172 
3.9956 0.45 0.930502 
2.9906 0.75 1.05665 
2.5042 0.65 1.01048 
1.7141 0.3 0.874115 
1.2891 0.95 1.172 
1.2071 0.95 1.172 
1.7487 0.4 0.911707 
1.1318 0.95 1.172 
2.8876 0.25 0.857319 
1.7704 0.5 0.949298 
1.8173 0.15 0.823728 
2.7454 -0.15 2.60076 
1.9339 0.6 0.98839 
1.1518 0.9 1.13891 
1.2984 0.85 1.10982 
1.2367 0.9 1.13891 
1.6654 0.45 0.930502 
2.0163 0.65 1.01048 
1.5607 0.55 0.967303 
2.2443 -0.2 0.719341 
3.5554 0.55 0.967303 
1.5802 0.45 0.930502 
3.2823 0.75 1.05665 
1.7926 0.65 1.01048 
1.2118 0.85 1.10982 
1.3068 0.8 1.08174 
2.0084 6.93889e-17 0.776341 
2.4671 0.9 1.13891 
2.4581 0.8 1.08174 
1.6876 0.4 0.911707 
1.2532 0.25 2.63776 
2.2078 0.3 0.874115 
1.6374 0.55 0.967303 
3.6221 0.75 1.05665 
1.498 0.55 0.967303 
1.5708 0.45 0.930502 
1.4301 0.7 1.03256 
0.7553 0 2.60776 
1.9379 -0.35 2.58076 
1.5241 0.95 1.172 
1.9261 0.2 0.840524 
2.6205 0.3 0.874115 
1.7755 0.35 0.892911 
2.4173 -0.35 0.676341 
2.0684 0.75 1.05665 
1.2577 0.9 1.13891 
0.7702 -0.25 2.59076 
1.9115 0.6 0.98839 
