2.0924
1.8223
1.687
2.2471
2.1904
2.2499
1.893
1.97
2.2126
1.7597
1.976
2.1797
1.6903
2.2308
1.5317
2.3943
1.7369
1.9429
1.9989
1.9164
2.0117
2.0997
1.9114
2.2099
2.3248
1.5967
2.1369
1.5352
2.1304
2.0757
1.8745
2.7077
1.8586
1.8105
1.7828
2.1729
1.9091
1.8323
2.3493
1.9032
1.8005
1.7971
2.0437
2.0257
2.1252
2.2716
2.0777
1.5179
1.9278
2.2441
1.9044
2.2356
2.0759
1.8753
1.82
2.5231
1.4569
1.9702
2.0346
1.8438
1.813
2.386
1.9076
1.7129
2.3978
1.8842
1.8724
1.9722
1.7289
2.2276
1.7914
2.3608
1.7758
1.8015
2.0136
2.021
1.9421
1.988
2.054
1.7924
1.9701
2.0065
1.5498
2.17
1.8021
1.7588
2.2927
1.8172
2.0188
1.5828
1.8195
1.7468
2.1169
2.173
2.32
2.2343
1.3934
1.9556
1.8767
1.9855
1.9547
2.0078
2.1859
2.2368
1.9372
2.2488
1.834
1.7643
2.2244
1.7558
2.6637
1.7373
1.8668
2.0195
1.9638
1.9886
1.7555
1.6931
2.1463
1.7128
2.3331
1.912
1.7051
1.8491
1.9422
2.1698
1.9748
1.5747
1.8298
2.2473
1.9075
1.96
1.6672
2.2069
1.7094
2.3665
1.7457
1.7186
2.4415
1.9371
1.766
1.8927
1.865
1.6752
1.7035
1.9976
2.1367
1.7669
2.0288
2.0384
1.8148
2.242
2.2802
1.413
1.7196
1.8143
2.3162
2.1882
2.3349
1.6474
2.3474
2.0774
1.8175
2.119
1.9837
2.041
2.0781
2.0812
2.1393
1.9807
2.1379
2.2144
1.8529
1.764
1.9045
1.5288
2.2464
1.5856
2.1381
1.8148
1.7229
2.3608
1.7484
2.0225
1.8083
1.9882
2.0609
1.6766
1.914
1.8472
2.5787
1.8503
2.2529
1.6675
1.9765
1.8639
2.0422
2.2151
1.9317
2.0569
1.6653
1.9266
1.6789
1.9532
2.0733
2.2528
2.1615
1.9867
1.7502
1.9124
1.8312
2.396
1.5726
1.9705
2.2256
1.9094
2.4126
1.563
1.8923
1.8881
2.0769
1.905
2.2219
2.0071
1.9152
1.7001
1.5329
1.9416
2.0362
1.5642
2.3177
2.0192
2.0631
2.3029
1.8481
2.1827
1.7173
2.2209
1.6681
2.6053
1.9345
1.8704
1.9543
1.8387
2.3204
1.9653
1.8835
2.1205
2.132
1.5379
1.9199
1.7483
2.1255
1.9078
1.9431
1.8281
1.9427
1.9393
2.3664
1.7449
1.9277
1.7803
1.7426
2.1699
1.9784
1.8937
1.8656
1.9723
1.91
1.8009
2.0469
1.618
2.0697
2.4633
1.5453
2.0726
1.6159
1.8306
1.3805
2.3441
1.6367
2.1069
2.2177
2.2649
1.8771
1.7972
1.9472
1.991
2.1252
1.9045
1.8663
1.9564
1.6543
2.1683
1.9929
1.7328
2.6281
1.5625
2.4407
1.7869
2.1851
1.7283
2.2746
2.0299
1.6985
1.9598
1.8441
2.2055
1.5985
2.215
1.864
1.8603
2.0717
2.2308
1.5273
2.3085
2.186
2.0446
2.1812
2.0538
2.0945
2.1801
1.7175
2.1232
1.892
1.9809
2.0831
2.0952
1.9008
1.9996
2.3395
1.9115
1.8207
1.8479
2.3853
2.2386
1.9126
1.688
2.1392
2.363
1.8472
2.0525
2.1439
1.7137
2.1339
1.991
2.129
2.3341
1.8289
2.2122
2.279
2.0522
1.7654
2.1627
2.0295
2.1708
1.9501
1.7967
2.0163
1.8231
2.0603
1.8351
2.2228
1.955
1.9896
2.2023
1.4916
1.97
2.0221
1.8605
1.7369
2.0214
1.7905
2.5019
1.6543
2.0924
2.152
1.398
2.2123
2.031
1.8638
2.2815
2.2774
2.0077
1.8477
1.7765
2.0556
1.9125
2.2246
1.6798
2.0931
1.8354
1.9011
1.5964
2.4265
1.9068
1.8054
1.9481
2.3571
1.9205
1.9181
2.0536
2.0548
2.0228
2.446
1.523
1.879
2.2082
1.6796
2.2658
1.4386
2.0017
2.4959
2.0593
1.7071
2.0104
1.957
2.2468
1.5772
1.8507
2.0422
1.7349
2.399
1.6848
1.7104
1.9038
2.0724
2.0806
1.9582
2.0916
2.1506
1.748
2.0443
1.913
2.0738
2.2668
2.0856
2.0705
2.1192
1.7768
2.0917
1.9025
1.99
2.0077
1.974
1.769
1.9543
1.9857
2.3161
1.6055
2.4181
2.4608
2.1355
1.8793
1.7885
1.6592
2.0949
2.2043
2.1099
2.2318
1.9577
1.954
1.9462
1.7724
1.9174
2.0737
1.9611
2.1636
2.2109
1.8605
1.817
1.932
2.1156
1.5163
2.3293
1.9276
1.9524
1.8899
2.4495
1.7225
2.06
2.1763
2.045
2.0005
2.4011
1.7033
1.9481
2.3296
1.7317
2.4064
2.0016
2.0515
2.0291
2.5013
1.7245
1.7845
1.8625
2.117
1.9884
2.2585
1.8005
2.1731
2.0922
1.7126
2.1828
1.8616
1.8786
2.2992
1.9761
1.7303
1.9069
2.1967
2.275
1.9684
1.8631
2.1559
2.0173
1.7785
2.188
2.109
2.0391
1.8093
2.0549
1.8582
2.1458
1.8591
2.4656
1.9146
2.0573
1.9741
1.8812
1.9063
1.7408
1.9724
2.0313
1.8016
1.8898
1.9312
1.7442
2.2268
1.8155
1.7869
1.9355
1.8848
1.8413
2.1439
1.7111
2.6647
1.814
1.9089
2.2053
1.903
2.0447
1.6712
1.5854
2.0534
2.1521
2.1339
2.0298
1.6702
1.9438
2.1532
1.8891
1.666
1.9817
1.7154
1.6662
2.1045
2.1725
2.2838
2.0054
2.1353
1.7255
1.585
1.8617
1.9677
2.2419
2.0107
1.9088
1.9294
2.2125
1.7896
1.8906
2.0124
2.0211
2.116
1.7557
2.2463
2.0442
2.0879
1.6094
2.0089
1.9967
1.8324
2.3043
2.1306
1.4323
2.0464
2.3976
1.9401
1.8328
1.969
2.3957
1.8143
2.0308
2.052
1.8747
1.9985
2.1302
1.6245
2.256
1.8904
1.9721
2.0437
2.2072
1.8106
1.6468
2.2201
2.1881
1.8317
1.9876
1.93
2.0424
2.1627
1.8281
2.4232
1.6946
1.8537
1.5559
1.8153
2.6142
1.6332
1.9088
1.7195
2.2779
1.8634
2.0232
1.6829
2.4453
1.8235
2.2193
1.5898
2.0838
1.8907
1.9917
1.9578
2.1132
1.6089
2.3219
1.5881
2.2634
1.9512
1.7687
2.0003
1.8883
1.9682
1.8784
1.8264
1.7562
1.814
1.9609
1.9115
2.0973
2.1022
2.143
1.973
1.403
2.5627
1.6556
2.1778
1.6946
1.7818
2.1176
2.2717
2.0423
1.8149
1.9651
1.984
1.8161
1.7906
2.1278
1.685
1.9534
2.2359
2.0319
2.012
1.6114
2.0534
1.9069
1.864
1.965
1.7035
1.9969
2.015
1.7453
2.6469
1.9307
1.7336
1.7873
1.9917
1.7722
2.2293
1.9077
2.3162
1.879
2.402
1.8553
1.6795
2.3456
1.5374
2.1074
2.1976
1.6487
2.0183
1.9453
1.8645
2.0711
1.5338
2.2162
1.8636
2.3571
1.8643
1.8826
2.0175
1.7963
2.26
2.2791
1.7256
2.1743
1.9349
1.8431
1.9472
1.6721
2.2698
1.6828
2.4327
1.7501
1.5889
1.9495
2.0002
1.8547
1.5486
2.1029
2.1793
1.5002
2.0856
2.0454
1.7757
2.4105
1.7678
2.1622
2.0889
2.0404
1.9405
1.9331
2.2628
1.6034
2.2976
1.7112
2.1667
2.0211
1.5588
1.7725
2.4173
1.5684
1.9688
2.1658
1.8826
1.8138
2.0462
2.1352
1.8123
1.7792
2.6704
1.9655
1.8917
1.9282
2.1298
1.7469
2.1915
1.6813
1.6308
2.223
1.8322
1.7288
1.9839
1.6309
1.9795
1.6592
2.1351
1.6796
2.1238
2.0713
2.0285
1.9567
2.024
2.1731
1.3238
1.663
2.0435
1.9713
1.9094
1.9859
1.9006
2.2077
2.1501
1.8426
2.0519
1.8604
2.1183
1.8857
2.1099
1.9923
1.8302
1.9892
2.1517
1.6986
2.2784
1.9147
2.1663
1.9402
1.7814
2.2725
2.0416
2.2552
2.0992
1.9384
1.8784
2.128
1.9771
2.0252
1.9229
1.9055
1.6622
2.1611
2.0985
1.7987
2.0228
1.7773
2.3607
1.9341
1.8171
1.9198
2.4567
2.021
1.5152
2.0835
2.1111
1.7691
2.069
1.9249
2.6276
1.7947
1.9375
1.8821
2.1224
2.0656
1.8956
1.7678
2.179
2.084
1.8407
1.8515
1.7526
1.6672
2.2209
2.2033
1.6551
1.6591
2.3573
2.1045
1.8927
1.9745
1.928
1.7996
2.3511
2.0591
1.8991
2.0696
2.077
1.8221
2.0959
1.7586
1.8898
2.3035
1.5885
2.1987
1.8851
2.3652
2.1357
2.015
1.8384
2.1341
2.0455
1.5565
1.917
2.4806
1.7382
1.8564
1.8963
1.7344
2.2229
1.7497
2.3142
2.1908
1.9295
1.5819
2.1862
1.7211
2.3249
1.631
2.0031
1.8516
2.0025
1.9078
2.1932
1.7642
1.675
2.3277
2.2773
1.8139
1.6585
2.2637
2.2291
1.9256
2.0804
2.1921
1.8553
1.5947
1.9111
2.0727
1.8254
1.9085
1.8315
2.374
1.9165
1.8307
2.1491
1.9223
1.8372
1.8525
1.9582
1.8619
1.7821
2.3122
1.9807
1.6495
1.8526
1.9473
1.7322
2.4012
1.8323
1.9511
2.0721
1.8318
1.9692
2.2805
1.697
1.9194
2.0244
2.0565
1.7726
2.3504
2.1186
2.1597
1.8433
2.0283
2.1619
1.589
1.5445
2.2802
2.1279
2.3042
1.8358
1.7525
2.0745
1.9964
1.7597
1.9884
1.9995
2.141
1.8684
2.592
1.5932
1.7732
1.9923
2.3899
1.9259
1.7149
2.151
1.7129
2.132
1.5973
2.1924
1.9596
2.4211
1.7569
1.8879
2.1699
1.7757
1.8248
2.3459
1.6493
1.868
2.0183
1.953
1.9437
1.838
1.9613
1.8981
1.722
1.9568
1.9131
2.1246
1.7808
1.8711
1.7529
2.3314
1.877
1.7837
1.9782
2.0077
1.8633
1.8824
1.7183
2.1938
2.0192
1.8526
1.8327
2.1135
2.0768
2.0342
1.8012
2.0465
2.3144
1.6156
2.4009
1.9662
2.2414
2.2506
1.4784
1.8761
1.9511
2.1878
1.7642
1.9271
2.0801
1.6532
2.1337
1.5159
2.1366
1.8181
2.0596
2.091
1.66
2.15
1.7932
1.943
1.6251
1.8541
1.8373
2.1757
2.2638
1.545
1.985
2.5456
1.7406
2.417
1.9169
1.7337
2.1532
2.2066
1.8733
1.9597
2.0314
1.8745
2.3828
1.848
2.385
2.3055
1.6319
1.9622
2.3281
1.3556
3.0419
1.8188
1.9811
1.8341
2.0758
1.7303
1.7592
2.2411
1.9532
1.5894
1.7422
2.706
1.8179
1.8901
2.146
1.5151
1.9593
2.0786
1.944
2.3713
2.1215
2.2372
2.0639
1.8719
1.8365
2.3254
1.6859
1.85
2.3475
1.4503
2.3031
1.8442
2.2171
2.0873
1.7692
1.9292
2.0616
1.9872
2.1435
1.8859
1.9706
2.0072
1.9919
1.8521
1.9591
2.0343
2.0308
2.3697
1.8404
2.2296
2.2292
2.0794
2.0952
1.7931
1.8707
2.4706
1.5836
1.7723
2.3194
2.0672
1.488
1.9073
2.113
2.1046
1.9341
1.8678
1.9462
2.2516
1.9683
2.1352
1.8737
2.1072
1.8199
2.3445
1.7603
2.2833
2.2919
1.8926
1.825
1.9921
2.1953
1.6867
2.0613
2.0828
1.9201
1.7532
1.9553
2.124
2.1292
1.8771
1.6259
2.3132
1.9562
1.8673
2.73
1.6116
2.6186
1.6336
1.8051
1.9453
1.8965
2.3129
2.1981
1.8664
2.0166
2.1513
1.7501
2.0449
2.1088
1.9139
2.1338
2.2204
2.0183
1.6627
1.7186
1.979
1.858
2.0001
1.9729
2.4043
1.6247
2.0224
1.9548
1.8619
2.1086
1.8021
2.0537
1.955
1.7077
1.8958
2.2832
1.715
2.2391
1.7975
2.07
1.5679
2.2125
2.0014
1.6658
2.3018
1.8016
2.1964
2.3822
1.269
2.2435
1.6974
2.0591
1.6394
2.1294
1.9391
1.8237
1.8727
1.7756
1.991
2.0617
1.8243
1.9441
2.0436
1.9775
1.4543
2.2858
2.198
2.1577
2.012
2.2801
2.0168
1.9099
1.6372
2.3303
1.8371
1.875
2.0336
2.2478
2.0847
1.7114
1.7904
2.1115
2.1465
1.9789
2.0076
1.829
1.9697
2.0864
2.0547
1.8923
1.8626
2.2413
1.9879
2.3411
1.5477
1.7972
1.8486
1.8114
1.964
1.7082
1.9241
2.2267
2.1667
2.0115
1.9711
2.3777
1.904
2.5432
1.9424
1.9513
1.5138
2.2941
1.9395
1.6226
2.0425
2.2529
2.2291
1.5743
2.0023
1.8036
2.3454
1.8993
1.6178
2.3769
2.3612
1.7182
2.004
1.8579
1.8401
2.6418
2.2068
1.7068
1.8988
2.1294
1.8548
1.858
1.9119
2.2586
1.8269
1.7463
2.0343
2.2517
1.8207
2.1691
2.1394
2.1488
1.641
1.956
1.9589
1.9534
1.7769
2.0417
2.0076
2.217
1.8754
1.7707
2.1081
1.7749
1.94
1.9681
1.9655
1.6293
2.5153
2.0961
2.0232
2.2163
1.9593
1.6035
2.1781
2.1784
2.247
2.0583
1.7832
1.927
1.8599
1.8011
2.0624
2.4211
1.479
2.0386
1.7112
2.0647
2.0285
1.8466
1.7169
2.0882
2.0152
1.708
1.8421
1.9923
1.999
1.7903
1.8851
1.9545
1.9444
2.0607
1.8488
2.1925
2.1582
2.0024
1.9802
2.173
1.8897
1.8555
1.7256
2.1404
1.6785
1.8084
1.7802
1.9549
2.0377
2.2486
2.0656
2.1076
2.0714
1.8318
1.6083
1.8903
2.3802
1.7898
2.6262
1.7492
1.8255
2.0233
2.0225
1.9443
2.0892
2.0444
1.9062
1.9314
2.1935
2.0214
1.8788
1.5345
1.9486
1.7625
1.643
1.9008
2.0561
2.4687
1.9664
1.7145
2.249
1.7464
1.9077
1.9425
2.2811
2.0619
1.9304
1.8894
1.5878
1.9224
2.1589
1.8503
2.3031
1.7073
2.6228
1.6606
2.0653
1.604
1.6464
2.0004
2.369
2.1333
2.2068
1.8826
1.7297
1.7663
2.1739
2.2571
1.8605
1.95
2.1245
2.3346
1.8397
2.454
2.4152
1.8115
1.6833
1.9349
1.9079
2.3245
1.9298
2.0447
2.2948
1.9645
2.6767
1.4223
2.2319
1.757
2.1488
2.2177
1.8756
1.849
2.1067
2.3262
1.9976
1.3339
2.632
2.137
2.0652
2.3208
1.4302
2.1681
1.5504
2.3273
2.4335
2.3729
1.8951
1.9336
1.8413
2.2345
1.5143
2.2689
1.9002
1.9238
1.7072
1.8892
2.2689
1.8824
1.8951
1.6972
2.2168
1.8739
2.2488
2.0738
2.3598
1.7695
1.9937
2.0563
1.9813
1.8802
2.4339
1.8005
2.0113
1.7093
2.4569
1.73
2.3068
2.3353
2.0667
1.8667
1.9569
1.9969
2.1147
1.9213
2.7546
1.6719
2.2008
2.1552
1.7191
1.6316
2.0796
2.1073
2.2794
1.5588
1.945
2.0649
2.113
2.0922
2.2327
2.2988
1.6693
1.8134
2.0595
2.1337
1.6579
1.5206
2.5192
1.996
2.3685
2.0862
1.739
1.7888
2.1079
1.8762
1.759
1.9983
1.7372
1.8581
1.9043
2.0498
1.9007
1.8484
1.814
1.9928
1.8924
2.3874
1.8186
2.4834
1.7532
1.9072
2.0044
1.9576
2.469
1.6876
1.8953
2.3304
2.0765
2.4198
1.9394
1.9708
2.1375
1.8037
1.7755
2.1081
1.9458
2.4363
1.9795
2.2637
1.9946
1.8968
1.6762
2.2688
1.5291
2.216
1.5237
2.3464
1.8541
1.7696
2.2621
1.6037
2.3116
2.1322
1.8603
1.8493
1.7753
2.4717
2.1108
1.8624
2.4264
1.7006
1.9198
1.9858
2.084
1.8625
2.0177
1.8896
1.7315
2.1509
2.2742
1.5011
1.9677
1.8467
1.7083
2.6057
1.9988
1.9349
1.9985
2.2186
2.5161
2.1082
1.7171
2.0138
1.7665
2.1577
2.2038
2.023
1.8958
2.0549
2.1015
1.6295
2.0493
2.2808
1.8699
2.0664
1.4738
2.4227
2.5182
1.5702
2.1274
2.1217
1.7456
1.7231
2.6022
1.6584
2.1461
1.9382
2.1319
1.9483
1.9498
1.8499
2.0482
1.8876
2.1243
1.9301
1.954
1.9092
1.8186
2.0876
1.9608
1.9806
2.4233
1.8422
2.4526
1.8674
1.9244
1.9638
2.4293
1.7487
1.8442
2.2168
2.1792
1.6989
1.8219
2.0332
2.1409
1.7138
2.1975
1.9711
2.3306
1.5432
2.2555
1.7691
1.8502
1.8572
1.7867
2.0927
2.0988
2.039
2.0887
1.9688
1.756
1.9208
2.3568
2.0163
1.5258
1.7656
2.0028
2.1343
1.8254
2.3079
2.0809
2.0191
1.8383
2.102
2.092
1.7981
2.4174
1.8475
1.9963
2.2047
2.2059
1.7733
1.727
1.8722
2.1957
1.6478
1.8184
1.8329
2.2739
1.8318
2.1863
1.4604
2.4667
1.5507
1.993
1.8519
2.1233
1.7704
2.2212
1.7933
2.1655
2.0415
2.1755
2.0839
2.1912
2.5946
1.7533
2.1707
1.978
2.0037
1.7987
2.042
1.9033
2.1697
2.0107
1.7509
2.0875
2.0185
1.8906
2.3867
2.4092
2.1305
2.1621
2.0867
1.7834
2.2466
1.8101
1.8015
2.298
1.5875
1.8022
1.8382
2.1774
2.0268
2.1413
1.9343
1.8562
2.1984
2.0179
1.7524
2.2162
1.7637
1.8954
1.8698
2.2046
1.9639
2.0583
2.0586
1.5644
2.3545
2.0088
2.0823
1.9965
1.792
1.6802
2.1145
1.9824
2.2118
1.778
1.9668
1.903
2.0677
2.3234
1.8632
1.9814
1.883
1.9197
2.0389
2.0075
1.9487
1.8501
1.7991
2.0004
1.7259
2.3464
2.4752
1.8766
2.1821
1.8543
2.4891
1.7428
2.6395
1.9518
2.4378
1.5416
1.7819
1.9326
2.0295
2.0948
1.5911
1.8289
2.3106
1.7318
1.6855
1.9878
1.7824
1.975
1.7933
1.7359
1.9634
2.1409
2.1063
1.8301
1.7027
1.9316
1.9964
1.9136
1.9652
2.2256
2.2196
1.7098
1.9986
1.8428
1.9722
1.6691
2.1611
1.8203
2.2345
1.979
1.7815
1.4358
2.2781
1.7369
2.7363
1.8797
2.3833
1.9437
1.8278
1.6146
2.1401
2.0946
2.2972
1.4851
2.0919
2.193
1.6546
2.0756
1.9824
1.7582
2.244
2.1238
2.3026
2.0487
2.0358
1.9541
2.1416
1.8468
2.0507
1.905
2.1405
1.8093
1.865
2.0976
1.8508
1.9247
1.9234
1.7915
1.9992
1.7831
1.9999
2.0343
1.9986
2.3775
1.9324
1.5678
1.8843
2.1314
2.07
1.8689
2.4394
1.6553
2.0385
2.0758
1.9528
2.0503
2.1089
2.0909
2.0793
1.8507
1.7879
1.5038
2.3303
2.2905
1.4532
2.3371
1.919
1.7087
2.1149
2.3016
1.1933
2.3618
1.9578
2.0388
1.6988
2.1354
1.9478
1.8286
1.9003
1.9603
1.8586
1.9266
1.7775
2.138
2.2795
2.2429
2.0546
2.2537
2.0322
1.9837
1.8639
1.7874
2.0372
2.0047
1.7359
1.856
1.7628
2.1683
1.8553
1.9304
1.7925
2.2871
1.9655
2.1101
1.9749
1.7931
2.299
1.8619
2.1513
1.8496
2.3365
1.8006
2.1836
1.6425
2.4042
2.3459
1.7713
2.2792
1.9639
1.9466
1.8522
2.2689
1.7884
2.7264
1.5095
2.0574
1.8815
1.8695
1.8932
1.9012
2.2633
1.75
1.8291
2.0675
1.8104
1.9091
1.688
1.8325
1.9917
1.8859
2.2838
1.9442
1.5272
2.0476
2.3097
2.0428
1.8263
2.2844
2.1172
1.6118
2.0854
1.8419
1.7446
2.2482
1.9484
1.8541
1.9876
2.1493
2.0131
2.0264
1.5415
1.8307
1.8431
2.0646
1.839
2.2076
2.035
1.7656
2.0059
2.0353
1.9598
2.015
1.6155
1.9831
2.05
1.9117
2.3022
2.1558
1.6103
2.2857
2.18
1.9769
2.1396
1.7673
1.8074
2.1673
1.8294
1.8418
2.0172
2.0749
1.9168
1.7751
2.5487
2.1309
1.8386
2.07
2.0689
1.9927
1.9346
2.0431
1.6392
2.1527
2.274
2.0237
1.8122
2.2072
2.4369
1.6213
1.8928
1.7336
2.0405
1.9377
1.6806
2.2855
1.9478
1.7327
2.2297
1.848
2.2099
1.6284
2.2621
1.88
2.3715
1.6948
2.297
1.6761
2.2558
2.5956
2.2866
2.1639
1.7406
1.9871
1.9638
1.8886
2.0678
1.8346
1.9121
2.4761
1.7811
1.9307
2.0307
1.7294
1.8651
1.6159
2.2107
2.052
1.629
1.8306
2.0393
1.6235
2.2967
2.0033
1.7876
1.8919
2.0746
1.9049
2.5077
1.8196
2.0734
1.7904
2.3156
2.0382
1.9202
2.0524
1.8901
2.2586
2.1068
1.85
1.8941
1.7814
1.8012
1.8647
1.9307
2.282
1.7536
2.2268
1.9623
1.6877
2.0014
1.8326
2.3276
1.8799
2.1896
2.0171
1.7199
2.2682
1.5354
2.3303
1.7161
2.1364
1.7727
2.152
1.8487
2.0828
2.1759
1.9487
1.853
2.2622
2.0002
2.1151
1.8766
1.9998
2.0811
1.9742
1.8345
2.4528
1.6906
2.0026
1.878
2.2548
2.0639
1.9104
1.9085
1.8724
1.8426
1.9988
1.624
2.0274
2.1272
1.7605
1.5523
2.5233
2.0295
2.1375
2.0885
2.1375
1.7718
2.002
1.5644
2.6045
2.3618
1.9815
2.1384
2.0126
1.8368
1.9376
2.3343
1.8662
1.581
2.1263
1.9591
1.8216
2.0585
2.4868
1.7737
2.1529
1.6214
1.9125
1.7491
2.3911
1.7903
1.7782
2.3113
1.7774
1.9683
2.3097
2.1804
1.7045
1.8772
1.6702
2.4758
2.0635
1.8026
2.2166
1.6951
1.9103
2.0921
1.9662
1.7418
1.9355
1.7088
2.1671
1.9334
2.2419
1.7243
2.174
1.9764
2.0866
1.7964
1.8542
2.2233
2.2028
2.1734
1.9651
2.0967
1.6438
1.878
2.0568
1.9101
1.9605
1.7748
2.4746
1.5545
2.0164
2.1046
1.705
2.1948
2.5162
1.8172
1.7943
1.9861
2.1967
1.4484
2.07
1.8308
2.1751
2.0757
2.0413
1.8522
1.916
1.9514
2.2258
2.255
1.7008
1.9732
2.1572
1.6323
2.109
1.9703
1.5612
2.0096
1.884
1.9781
1.8269
2.397
1.7569
2.2882
2.1624
2.1442
1.8308
1.7229
2.1707
1.775
1.9728
2.3899
1.5719
2.0516
2.7197
1.8498
2.1162
1.9828
1.7793
2.0813
2.0386
1.9629
1.7544
2.1989
1.8428
1.7927
2.1753
1.9975
1.98
1.8027
2.0871
1.9385
1.8914
2.0909
1.7006
2.2158
2.0515
2.0892
1.7671
2.2519
2.1305
1.956
1.8426
2.102
1.7755
2.0318
2.1619
2.0707
1.9194
2.0182
1.9769
1.8999
2.2353
1.6576
2.0049
1.8883
2.1974
1.8738
2.35
1.9767
2.1466
2.0456
1.8972
2.0042
1.8408
1.8071
2.2089
1.8704
1.5692
1.956
1.9358
1.8554
2.1015
1.9152
1.8909
1.8682
1.9679
1.8175
2.0619
2.1915
1.8813
1.7908
1.922
1.7086
2.3292
2.0955
2.1022
2.3422
1.7964
2.323
1.7458
2.1422
1.9642
1.623
2.2609
1.8431
2.0126
1.9399
2.1428
2.09
1.8326
2.1288
1.9843
1.6006
2.2097
2.2082
1.4095
1.9793
1.6775
1.909
1.9942
2.1938
1.9737
1.9132
1.9157
2.0959
1.8907
1.8219
2.0143
1.9094
2.3437
2.1039
1.7462
2.015
1.5841
1.8767
1.8566
2.4453
1.998
1.6596
2.003
1.757
1.5407
2.0808
2.0488
2.1267
1.7662
1.8653
2.2764
2.1631
1.9572
1.9931
1.7645
2.1322
2.1772
1.7966
1.8935
1.8609
2.1353
1.9302
1.9401
1.634
1.8783
2.1943
1.8945
1.7436
1.9414
2.0758
1.865
2.2371
1.6806
2.5296
2.1459
1.8234
2.3552
2.1279
1.9856
1.8142
2.0135
1.8861
2.4952
1.794
1.9622
2.3363
2.3928
1.7889
1.8405
2.3516
1.8957
2.4553
2.1828
1.6289
2.2954
1.9402
1.9036
1.5133
2.3181
2.0251
2.0822
2.1165
1.9395
1.7972
2.0414
2.0623
1.6806
2.1139
2.4372
2.2152
2.0833
1.8269
2.026
1.918
2.0958
1.7261
2.1219
1.8911
2.4408
2.257
1.6913
2.2965
1.8092
1.7444
2.1034
1.9263
2.1789
1.9536
2.2249
1.7348
1.8462
2.2938
2.0886
1.439
2.0306
1.7489
1.8836
1.9445
1.9266
1.9107
1.7552
2.5979
2.0398
1.8196
2.5242
1.8425
1.4817
2.2204
1.9509
1.9019
1.9247
2.035
2.123
1.9201
1.9004
2.0597
1.9644
2.3694
1.827
2.5238
2.4047
2.0524
1.9845
1.8208
1.9765
1.6855
2.3517
1.753
1.6977
2.0636
1.7075
2.3957
1.7946
2.1686
1.9008
1.9964
2.1652
1.586
2.2502
2.0876
2.1041
1.4917
2.2988
1.8708
2.1227
1.704
1.8772
2.0235
2.0239
1.783
2.1274
2.038
1.8427
2.2962
2.1613
1.4669
1.7974
2.5242
1.8164
1.5367
2.1824
1.8117
2.0061
1.7578
2.0502
2.1984
2.1016
1.8081
2.1943
2.1402
1.658
1.7873
2.4131
1.6512
1.9608
1.7415
1.973
1.9273
2.1438
1.9141
1.8369
1.9815
2.1907
1.396
2.3243
2.0263
1.8512
2.2669
2.0471
1.7717
1.6705
2.237
2.0555
2.1791
2.1062
1.538
2.1378
2.2515
1.9933
1.6299
2.1738
1.9906
1.9646
1.8399
1.8552
1.7767
2.0368
2.1795
2.164
2.0277
2.0759
2.1733
1.8836
1.9154
2.2332
2.0284
1.8348
2.151
1.6558
2.0483
1.8736
2.294
2.155
2.3126
1.8893
1.9326
1.9879
1.9455
2.0216
2.05
2.253
2.1828
1.748
2.3359
1.5736
2.0243
2.4757
1.5176
2.3097
2.3344
1.6215
2.125
2.1203
2.2977
1.6639
2.1296
2.1021
2.4286
1.6656
1.7413
2.0967
2.1948
2.1095
2.2025
2.2082
1.4733
2.3088
1.8426
2.1287
1.8712
1.8547
1.6851
2.0838
1.8485
1.9917
1.8581
2.1698
1.9027
2.1551
2.4996
1.7357
1.8959
1.9449
1.5303
1.9438
2.1573
1.9284
2.1332
1.8648
2.0912
1.9728
1.8493
1.8971
2.3351
2.0628
2.1495
1.8736
2.1508
1.6985
1.6171
2.5517
1.8331
1.6708
2.3484
1.6972
2.3518
1.8052
1.7641
2.4307
1.9815
1.853
1.9254
2.0285
2.0884
2.078
2.0273
1.6858
1.6444
2.1805
1.737
1.5325
2.2492
1.8191
2.0782
1.8921
1.901
1.7438
2.0026
2.2337
1.7237
2.2046
1.4853
2.7092
1.805
1.9393
1.9511
1.9047
2.482
1.8312
2.0948
2.1445
1.723
1.8412
2.505
1.6883
1.826
2.1975
2.0159
2.1565
1.8816
1.8026
2.3138
1.8714
1.7479
2.0186
1.7331
2.1043
1.9065
1.9599
1.7784
2.0878
1.6016
2.1423
1.4698
2.2067
2.1148
1.7428
2.0201
1.8472
2.0272
1.5931
2.5363
2.0963
1.9203
2.2334
2.0405
2.3307
1.8271
1.6932
1.8788
1.9746
2.1771
1.764
2.3011
1.773
1.6793
2.1365
1.6178
2.1401
1.4668
2.3149
1.7176
2.0648
2.2965
1.9787
2.0599
1.9968
1.6682
2.1063
2.0212
2.0725
1.5072
1.8297
2.0931
1.9031
2.0565
2.0577
1.9169
2.016
2.2713
1.791
2.4836
2.1358
2.0697
1.7853
2.054
1.6969
1.9804
1.9641
2.4841
1.8686
2.2252
1.737
2.3061
1.825
2.1371
1.8142
2.1568
1.8558
2.194
2.0219
2.4651
1.9259
1.9296
1.9864
1.6997
2.3583
1.6738
2.257
2.5147
1.8124
1.9702
1.5522
2.2999
1.835
1.7723
2.1435
1.8563
1.7837
2.4373
2.31
1.4334
1.7986
2.3276
1.9917
1.895
1.9238
1.9129
2.1966
2.1693
1.8847
1.8613
2.1015
2.1068
2.1329
1.5213
2.0358
2.1332
2.1957
1.8919
1.9572
1.8712
2.0177
1.7088
1.9426
1.7672
2.2885
2.2398
2.1509
1.6524
1.6766
2.0157
1.944
2.0231
1.9736
1.6958
2.2061
1.8162
1.5099
1.8613
2.273
2.246
1.9315
2.1921
1.7265
1.7355
1.9944
2.102
1.8389
1.7767
2.0551
1.9589
2.0454
2.0645
2.0593
2.153
2.2316
1.4896
2.1452
1.9012
2.355
1.6475
2.0813
1.9109
2.2629
1.9
2.0257
2.0116
1.8477
1.6275
1.8687
1.9671
2.2511
1.7977
2.1581
1.8038
1.9989
2.3951
1.5445
2.201
2.0902
1.9846
1.624
2.0124
1.9074
2.1304
1.9029
2.0901
2.1456
2.0997
1.9634
1.9103
1.7802
2.2466
1.8259
1.8284
2.067
2.0487
1.8037
2.0228
2.2954
1.9179
2.0564
1.773
2.1609
1.7519
1.8006
1.9381
2.0666
1.8449
2.0696
1.961
2.008
1.9562
2.0352
1.822
2.1476
2.3475
1.4454
2.1991
2.1345
1.6652
1.9162
1.7358
2.0339
2.08
1.9194
1.8385
1.967
1.8117
2.0046
1.6505
2.1542
1.8615
1.8242
2.1792
1.9028
1.6892
1.972
1.7623
2.0526
2.1029
1.8421
2.0336
1.8929
1.9789
2.3137
2.0745
1.8799
2.2696
1.9126
2.1305
1.8379
1.7343
1.663
1.7115
2.1973
1.7878
1.8711
1.8699
1.8611
2.0785
1.6672
2.6176
2.1665
1.805
1.8862
1.8308
1.83
1.7766
2.1453
1.9526
2.128
2.1964
1.7395
1.7993
1.8469
1.7629
2.3307
1.9433
1.8296
1.7754
1.7234
1.9072
1.7441
2.4136
1.9872
2.1078
1.7381
2.2922
2.2562
1.9473
1.9249
1.8902
1.9562
1.9345
2.2745
1.9845
2.0785
1.9051
1.9066
2.2001
1.8922
2.0643
1.543
1.9247
2.9357
1.6561
1.6421
2.2525
1.8927
2.0479
1.8571
2.1693
2.0707
2.3131
2.0141
1.6342
2.1412
2.1978
1.7263
1.9634
1.9262
2.3887
2.2805
1.6645
2.091
1.8821
2.4128
1.5331
1.9483
2.0209
1.9563
1.8195
1.8643
2.4258
1.9658
1.8031
1.8184
2.2392
2.0202
2.239
2.0717
1.7539
2.0222
2.1508
1.5507
1.993
1.9856
2.1687
1.5634
1.7644
2.2759
2.0131
2.2567
1.6317
2.0949
2.0266
2.0624
1.9027
1.5669
1.945
1.8489
1.7376
1.8286
2.0213
2.1951
1.9895
2.1934
1.9751
1.7713
1.643
1.9448
2.3339
1.772
2.5111
1.9696
1.7014
2.3958
1.4607
2.5815
2.108
1.7456
2.0886
2.0496
1.8342
2.0055
1.7426
2.144
1.9575
1.9627
1.9882
2.1596
1.8757
1.9279
2.1135
1.9467
1.6029
2.1816
1.9937
2.4195
1.7869
2.1653
1.619
1.776
2.2745
2.0291
1.8606
1.7709
2.0349
1.8335
2.2187
1.8761
2.3123
1.803
1.8884
2.1368
2.0376
2.004
1.9947
1.977
2.4042
1.3029
2.258
2.0586
1.978
1.7557
1.9319
2.0161
1.8664
1.8623
1.9998
2.1736
1.7068
1.8927
1.8981
1.7858
2.2798
1.8032
2.0491
2.411
1.9412
2.3082
1.6877
2.0442
1.6903
1.6842
2.1762
1.6189
2.2149
1.8752
1.6495
2.4064
1.7425
2.344
1.8932
1.6465
2.025
1.9566
1.8063
1.9031
1.8651
1.6376
2.1368
1.6232
2.0555
2.075
1.8576
2.0926
1.6951
1.8207
2.2272
2.113
2.0961
1.9568
1.7852
1.648
1.8427
2.1192
1.8936
2.3443
1.8745
1.6893
2.247
2.1472
1.3749
2.2877
1.4306
2.4784
1.7306
1.7734
1.9706
2.1894
2.2245
1.9592
2.2232
1.7606
1.7613
1.8446
1.9173
2.1025
2.0363
1.9481
2.3862
1.8655
1.6035
2.3836
1.7261
2.0499
1.9707
2.0021
1.9166
1.6253
2.1916
1.8948
1.7612
2.1648
2.1555
1.473
1.9487
1.9402
2.2992
1.7296
1.8946
2.1339
2.17
1.5477
1.7216
2.1916
1.9441
1.8702
2.3184
1.5108
1.9284
2.0745
1.9011
1.99
2.0915
2.2703
2.0927
2.1228
1.7423
2.0393
1.9236
1.9436
1.8105
1.8289
2.0454
2.2556
1.7332
1.6273
2.3134
1.99
1.9164
2.0564
1.7809
2.1762
1.761
1.7244
1.7489
2.322
1.7101
1.8273
1.8256
2.1623
2.3199
1.6455
1.9321
2.1518
2.2307
2.0701
1.9192
2.4419
1.6586
2.2742
2.0089
1.9655
1.6885
2.4284
1.8804
1.8321
2.3148
1.8823
2.098
1.6154
2.0557
1.8346
2.1585
1.9813
2.0823
2.4421
1.6657
2.3311
1.8251
2.0752
1.8031
2.0508
1.9169
2.667
2.4689
2.4375
1.7536
1.5941
1.7305
2.1328
2.3137
1.8638
2.2583
2.0648
1.6676
2.0938
2.2944
2.1858
1.5509
1.9176
2.3002
1.8811
1.9651
1.8906
1.5546
2.3898
1.9794
2.1545
2.256
1.9715
1.8808
2.1344
1.989
1.9587
1.8668
2.1083
1.6246
2.0415
2.3503
2.1729
1.9333
1.7577
1.9247
2.0097
1.5505
2.4789
2.0599
1.8482
1.8156
1.7919
1.7653
2.6134
2.1174
2.1079
2.1345
1.8201
1.7511
2.3031
2.0168
2.154
1.874
2.1829
1.8044
2.006
1.7684
2.0289
2.1531
1.489
2.3606
1.9048
1.9275
2.0704
1.7079
2.1077
1.9885
1.8928
2.4941
2.2521
1.7037
1.7301
1.8708
1.9742
1.8499
1.9006
1.9123
1.9771
2.0623
2.13
2.1925
2.2717
2.2086
1.8061
1.7532
2.0029
2.2317
2.1138
2.0848
1.8122
1.8279
2.151
2.0712
2.2084
1.8919
1.497
2.299
1.8872
2.0791
1.5815
2.4568
1.5728
1.899
2.0675
2.1553
1.9587
1.7732
1.9953
1.9374
1.8279
2.0516
2.2711
1.4274
2.5322
1.6168
2.2902
2.064
2.0599
2.0529
2.1583
1.8492
2.0205
1.9889
1.8581
1.8893
1.6563
2.5219
1.6132
2.1595
1.8572
1.9193
2.3544
1.8491
2.0679
1.9156
2.0461
2.1374
2.1784
2.0667
1.9965
2.1284
2.154
2.0824
1.8648
1.8642
1.7365
1.8831
2.2966
2.0617
1.6286
1.926
2.0161
1.7265
1.9709
1.7924
1.9264
2.1869
1.868
1.9665
1.9484
2.1639
1.8305
2.303
1.9066
1.8245
2.2741
1.7043
1.9148
2.3398
1.7842
2.1244
1.5366
2.1186
1.7622
1.7884
2.2973
1.753
1.7782
1.9898
1.6012
2.1254
2.0674
1.9835
1.6975
2.1458
1.825
1.9403
2.1712
1.6046
1.8638
2.0918
1.8324
1.852
1.8652
1.5808
2.1669
2.0549
2.0111
2.2216
2.0182
2.0093
2.5041
1.8862
1.8717
1.7301
2.118
1.5262
2.1339
1.7368
1.8479
2.3906
1.8602
2.1436
2.3309
2.0934
1.5512
1.8999
2.1141
1.9648
2.0269
1.7104
1.8729
2.1694
2.0695
2.1577
1.9285
1.9605
1.7949
1.7232
2.0506
2.3124
1.8705
1.9282
2.0459
1.7085
2.1301
1.8057
2.037
1.8291
1.4566
2.4763
1.5709
2.2518
2.2804
1.8731
1.8405
1.7733
1.8386
1.9913
2.1111
2.1236
1.7736
2.5199
1.4885
2.1369
1.826
2.0109
2.075
1.8005
2.1747
1.7802
1.8927
2.0266
2.0446
1.8685
1.8969
1.8637
1.8447
2.2943
2.0428
2.1753
1.8694
1.6688
2.011
2.2408
1.8492
1.8291
1.8933
1.7725
2.1572
1.7469
2.2152
1.6583
2.0991
2.184
1.6622
2.1614
2.0879
1.9141
2.2409
1.991
1.8808
2.1322
1.6039
2.4601
2.0522
2.0775
1.971
2.1417
1.5583
2.4644
1.6753
1.7024
2.3941
2.0323
2.2063
1.963
2.0037
2.361
2.0225
2.4762
1.5351
1.7291
2.1889
1.8566
2.4277
2.0154
1.6693
2.076
1.9788
2.0171
1.7498
1.8896
1.8495
1.8413
1.946
2.0418
2.2866
1.6007
2.4498
1.9909
1.726
1.7859
2.1161
2.511
1.6867
2.0568
1.7443
1.9074
2.0221
1.8306
2.0383
1.7796
1.8272
2.2447
1.9358
1.7809
1.9707
1.9239
2.2367
2.1017
1.9904
1.9972
1.6912
2.191
1.7702
1.7615
1.9949
2.1437
1.8547
2.198
1.8777
1.7447
2.1561
1.9129
1.5483
2.2905
1.9058
1.6974
2.0902
2.2845
2.0409
1.8693
2.2484
1.8229
2.3457
1.9249
1.8925
2.0734
2.688
1.8537
1.8245
2.012
2.0041
1.8661
2.2943
1.8134
2.6915
1.8964
1.501
2.37
1.7581
2.4298
1.7026
1.8097
1.7887
2.1548
1.4895
1.8301
1.9442
2.3294
2.0438
1.9
1.3635
1.9454
2.1562
2.3037
1.846
1.6845
2.2723
2.0054
2.0784
2.3831
1.7449
1.7513
1.7559
1.9082
2.0793
2.0221
1.6918
1.9678
2.2375
2.161
1.825
2.1824
2.1825
1.739
1.9867
1.7518
1.6544
2.4751
1.739
1.9205
1.9573
2.2099
2.0242
1.881
2.4112
2.157
2.2762
1.6274
2.0687
2.2235
1.9831
2.5406
1.4481
1.8472
2.2891
1.8582
2.2287
1.9527
1.8767
2.083
1.7018
2.2178
1.4271
2.4673
2.1096
1.4781
2.4599
2.2504
1.8759
1.9081
1.9569
1.8819
1.8517
2.1529
2.5877
1.7838
1.6337
2.4316
1.7998
2.0044
2.1347
1.6155
2.6256
1.6041
2.0044
1.9032
1.9834
2.0109
1.7991
2.1053
2.1529
2.1228
1.8639
2.2352
1.5406
2.0765
1.7792
2.3598
1.8184
1.6644
2.2079
2.0267
1.8402
1.7055
2.0046
1.9202
1.6702
1.8403
2.1976
2.0491
1.9611
2.3594
1.8478
1.4784
2.0506
1.9186
1.7186
2.4574
1.796
1.9022
2.1403
1.807
1.9175
2.017
2.0997
1.4482
2.1837
1.8823
2.2001
1.9662
1.4288
2.3186
2.0054
1.6329
2.1854
1.7507
2.5277
2.2189
1.9005
1.8427
2.47
2.315
1.7614
1.8007
2.0322
1.9182
1.8479
1.8238
2.2256
1.9009
2.1438
1.8862
1.8649
2.2301
2.1085
1.9585
1.9702
1.7943
1.5853
2.1155
2.1812
2.0684
1.608
1.8895
2.0581
2.1532
1.9494
2.1054
1.7631
1.8628
2.0796
1.7568
1.8198
2.2036
2.0548
1.9662
2.1773
1.4776
1.9174
1.9664
2.1854
1.9125
2.0246
2.228
2.0168
1.8275
2.3215
2.0601
1.809
2.0156
1.5141
2.5155
2.0097
1.8754
1.9085
1.6746
2.1815
2.357
1.6004
1.9661
1.5519
2.0826
1.8907
2.2214
2.2223
1.7485
1.5945
2.2169
2.1992
2.0995
2.4149
1.8863
1.4947
1.9646
2.3075
1.6658
2.5388
1.997
1.8879
2.1161
1.9462
2.2346
1.878
2.0708
2.1774
2.128
2.2415
1.6096
2.4576
1.4781
2.0887
2.2348
1.8392
2.2526
1.9089
2.0018
2.2072
2.0037
1.9075
2.221
2.1053
2.4474
1.6528
1.916
2.0779
2.091
1.8678
2.044
2.0547
1.7515
2.2414
2.0925
1.9423
1.9777
2.1181
2.2464
1.7846
2.2284
2.2036
1.9052
2.3434
1.9197
1.9007
2.0433
2.0118
2.2598
2.0248
2.0346
1.8335
1.7506
2.2241
2.0574
1.8438
1.8517
2.2779
2.5274
1.7889
1.888
2.4383
1.7912
2.2163
1.8388
1.9084
1.6155
2.1403
1.62
2.0661
2.6352
2.1165
2.149
1.8689
2.023
2.088
1.9225
2.0898
1.9258
1.7052
2.3356
1.8394
2.0174
2.0532
1.5659
2.6253
1.7693
2.1095
2.1317
2.1972
1.9616
2.0388
1.9344
1.8715
1.9302
1.8415
2.1188
1.9024
2.3939
1.6359
1.9956
2.0246
2.3567
1.8781
1.8519
2.4147
1.9095
1.5586
2.1381
1.6852
2.1813
1.9137
1.9823
2.0637
1.9827
1.7346
2.419
1.9067
1.8478
2.1108
1.7113
2.3511
1.9091
2.1132
2.1121
1.9926
2.1347
1.6564
1.76
2.0406
2.0285
2.0394
1.7615
1.9057
1.753
1.925
1.8192
1.8766
2.2489
1.9404
2.2117
1.7498
1.8903
2.0297
2.1217
2.3637
1.7615
1.6976
1.6272
2.3447
2.1663
1.8618
2.2334
1.9343
2.092
1.5758
1.9508
2.2037
1.9986
1.7279
1.6977
1.8114
2.2734
1.7638
2.2571
2.0388
1.8618
1.9006
2.3499
1.8792
2.0073
1.9552
1.839
1.9368
2.2036
1.7219
2.4074
1.8637
1.7204
2.1763
2.073
1.835
1.7436
1.993
1.9121
2.1825
1.9715
2.4465
1.7617
1.7763
1.8716
2.3576
1.7927
2.2348
2.0403
1.8289
1.7748
1.6861
2.6604
1.8645
1.6393
2.1607
2.0814
1.8184
2.3619
1.9474
1.6259
2.5129
1.9485
1.8083
1.8457
2.2615
1.9976
2.4515
1.7309
2.0483
2.1519
2.2879
1.6729
1.9087
1.9406
1.8364
2.2304
1.7541
1.9356
1.8214
2.607
1.6966
2.0512
1.7724
1.542
2.1047
1.8911
1.8083
2.2525
1.8908
2.2062
2.0496
2.114
1.6056
2.0756
1.8158
1.9914
1.9346
2.0866
1.8524
1.9149
2.1771
1.9464
1.8572
1.9693
1.6389
2.0097
2.1636
1.8216
2.0342
1.9137
1.8943
2.2653
2.4314
1.4192
2.1702
2.38
1.8848
1.9393
1.8392
2.0693
2.1219
1.6409
1.7064
2.2263
1.9185
2.0704
1.694
2.1343
1.7789
1.9152
2.5709
1.6366
2.2982
1.7875
2.1414
2.1285
1.9341
1.9386
2.0895
1.7665
1.7977
2.0951
1.805
2.0921
1.8193
1.8872
1.9974
1.8696
2.2414
1.8485
1.7866
2.4331
1.7983
2.024
1.8482
1.8723
2.3761
2.2248
1.696
1.9444
1.9288
1.8045
2.5705
1.7183
1.9031
1.7031
2.1381
2.3022
2.1929
1.4988
1.7178
1.6335
1.9326
1.9032
2.2914
1.6238
2.0744
1.7933
1.989
2.3144
1.9028
1.712
2.3792
1.962
1.818
2.0284
2.1225
1.7647
2.0025
2.1173
2.2102
1.438
2.4363
2.0028
1.8728
2.1275
1.956
1.8225
1.9798
1.9034
2.2145
2.0944
1.9324
1.8438
2.0581
1.7422
1.7706
1.8426
2.0869
1.7344
2.2499
1.8622
2.1021
2.0712
2.7151
1.6703
2.1162
1.9239
2.3474
1.7787
2.5399
1.6847
2.0617
1.6354
2.0488
1.7013
2.4746
2.2329
2.049
1.8208
1.8479
1.6312
2.0259
1.9879
2.3975
1.8856
1.6785
2.0978
2.4222
1.8224
1.7101
2.3142
1.9623
1.6412
2.102
2.2617
2.0519
1.6479
2.2368
1.672
1.9395
2.0476
2.2455
2.0526
2.2139
1.7537
1.9775
1.9272
2.1317
1.9272
2.1079
1.9851
2.5524
2.1164
2.1144
1.8912
2.3269
2.0998
1.7551
1.8629
1.7353
1.7921
2.1333
2.2363
2.0684
1.8305
2.0562
1.6125
1.9251
1.9841
1.8399
2.3871
1.4571
1.9664
2.0557
1.7503
2.3251
1.8901
1.5494
2.013
2.0588
2.1695
2.1988
1.8863
1.9674
1.6594
2.183
1.8595
2.3026
2.1511
1.751
2.3278
1.5248
2.146
1.6582
2.0241
2.0521
1.6772
2.5181
1.7089
1.6751
1.9171
1.6162
1.6258
2.1597
1.7036
2.4975
2.2403
2.0063
1.4549
2.1341
2.1285
1.7278
2.3408
1.9866
1.756
2.0243
2.2797
1.8939
2.0375
1.8847
2.1342
1.6414
1.6905
1.8975
1.5457
2.3378
1.7757
1.7581
2.1004
1.9161
1.8012
2.2946
1.8532
1.8434
2.1918
1.8768
2.4308
1.5504
2.0267
2.2463
1.9497
2.185
1.9328
1.8476
1.9101
1.8344
2.3048
2.1318
1.6975
2.3025
1.7643
2.2587
2.2609
2.0786
1.9453
2.0811
1.8768
1.7259
2.3214
1.8308
2.1365
1.5654
1.8463
1.9197
2.0738
1.8532
1.8414
2.3743
1.9607
1.6255
1.8164
1.9415
1.9644
1.6273
2.5771
2.0338
2.2936
1.9524
2.0286
2.0131
1.8786
1.7085
2.1807
2.1624
1.6482
1.7747
1.9703
1.937
2.0807
2.1631
1.9826
1.8896
1.8992
1.9664
2.1481
1.6918
2.0698
1.9898
1.9637
1.8781
2.1122
1.9757
2.2123
2.1135
2.0472
1.9561
2.4181
1.8478
1.8288
2.2495
1.945
2.4002
1.4181
2.1023
2.5389
2.1872
1.7037
2.1256
1.9013
2.0003
2.0001
1.9573
2.1156
1.7307
1.9356
1.562
1.6002
1.7479
2.0188
2.1174
2.0908
1.9932
2.5817
1.8899
2.1989
1.6608
1.9719
2.1588
1.9359
1.7399
2.0074
1.9089
1.6743
2.3438
2.1475
2.207
1.9254
2.4831
2.1726
1.8672
2.0919
1.6291
2.2278
1.8876
2.1975
2.1039
1.654
1.9895
2.4249
1.8238
2.0002
1.9538
1.4173
1.9259
1.6744
2.0276
1.8264
2.1103
1.5852
2.0257
2.289
1.5691
2.4048
1.8844
2.2787
1.7512
2.4264
1.6399
1.9241
2.3043
2.2821
1.7225
2.1208
1.8742
2.1535
1.7062
2.3035
2.0029
1.7021
2.2864
1.908
1.9937
1.7915
2.1606
2.1596
1.7148
1.9767
2.0703
1.9155
1.8514
2.2117
1.6588
1.8936
2.2345
1.8376
1.7928
1.716
2.0371
2.3209
1.5386
2.204
2.1002
1.9897
1.8511
1.9108
2.3998
1.9334
2.1525
1.7578
2.128
1.961
1.7795
1.7813
1.9896
2.5249
1.6387
1.8379
1.8413
1.9991
1.7138
2.1606
1.7969
1.9544
1.7154
2.099
2.4551
1.8006
2.042
2.2028
1.7142
1.9301
2.1223
1.8296
2.1324
1.681
1.9438
1.6761
2.3218
1.7617
2.0266
1.9107
1.6397
2.1199
2.0516
1.6141
2.3081
1.7073
1.8214
2.302
1.9784
1.7915
1.6828
2.413
1.9592
2.0065
2.0688
1.93
1.9257
1.9879
2.0966
1.873
2.2114
1.669
1.824
2.3662
1.6718
2.0783
1.7283
2.1397
1.3156
2.2562
1.6693
2.6004
1.7765
1.9492
2.2416
2.1701
1.6265
2.6456
2.1998
1.932
1.4326
2.0815
2.0342
2.2761
1.8066
2.1658
2.0335
2.122
1.8557
1.9858
2.2774
1.9398
2.1501
1.8873
1.9197
2.4336
1.7517
2.0173
2.083
1.8881
1.8933
2.1695
1.6553
2.214
1.5462
1.8498
2.1684
2.027
2.5021
1.7413
2.306
1.91
1.9897
2.2001
1.8513
1.838
2.2308
1.6802
2.658
1.8202
1.8115
1.7794
2.0221
2.1391
2.0486
1.729
1.8379
2.146
2.1704
1.9786
2.0681
2.0479
1.9046
2.0677
2.1316
1.8517
1.9528
1.817
2.2351
1.887
2.2232
1.7662
2.1845
1.9461
2.1175
2.3721
1.6685
1.7861
1.941
1.8525
2.5549
1.5052
2.2892
1.7091
1.7137
1.7461
1.8908
1.7641
1.8317
1.6282
2.1489
1.9819
1.7357
2.0098
1.9101
1.739
1.9167
1.9551
1.7122
2.4347
1.766
2.0027
2.0076
2.2785
1.3549
2.1481
2.258
1.5266
2.1348
2.2197
1.5577
2.4559
1.8361
1.8376
1.9011
2.1499
1.5367
2.2371
1.9053
1.5373
2.1947
2.0086
1.9577
1.6891
2.1725
2.4125
1.9696
2.307
2.0324
1.8967
1.9559
2.1672
1.8408
1.7598
2.0748
2.0685
1.8867
2.2873
2.1365
1.9733
1.9151
2.0896
2.0921
1.9178
2.0972
1.8716
1.9393
1.9774
1.9478
2.5154
1.4626
2.0613
2.1676
1.9599
2.2964
2.0052
1.86
1.7698
2.1025
2.0509
1.7878
2.1244
1.705
1.7621
2.0019
1.9601
1.8864
1.8497
1.9907
2.257
1.738
2.2047
1.6285
2.2582
1.8568
1.8444
1.8764
1.7515
2.2087
1.3372
2.1322
1.98
1.8486
1.956
1.4658
1.9629
2.2439
1.9311
2.2729
1.8645
1.973
1.7672
2.2389
2.2179
1.9557
2.3282
2.0969
1.8635
1.8212
2.0601
1.915
1.6886
2.1905
1.8337
1.801
2.0706
1.8686
1.7469
2.1778
1.8401
1.979
2.409
1.7952
1.5853
1.9541
2.3371
1.637
1.845
2.0902
2.3625
1.8867
2.2061
2.2448
2.1311
2.3106
1.7749
2.3589
2.033
2.1524
2.2401
1.7717
2.3924
1.7035
1.6636
2.237
1.9213
1.961
1.8208
1.7656
2.1691
2.1166
1.9945
1.8772
2.3851
1.731
2.1439
1.909
1.7039
2.2179
2.5409
1.2536
2.2016
2.0554
1.7582
1.5968
2.1133
2.2036
1.7492
1.841
1.7653
2.189
2.3648
2.0958
1.9884
1.8752
1.8857
2.0309
2.0838
2.1708
2.0103
2.0967
2.0553
2.0985
1.6773
2.2529
1.6934
2.0024
2.2943
1.5875
2.0062
1.8996
1.8412
1.8167
1.9859
1.9482
2.3728
1.5374
1.8794
2.1187
1.7883
2.337
2.9023
1.7814
1.9781
2.1294
1.9872
1.7317
2.2126
2.3187
1.9403
1.929
2.0116
1.9629
2.4232
2.0363
1.9172
1.9942
1.6343
2.1698
1.8645
2.0038
1.7919
2.306
1.7611
1.95
2.1916
1.9746
2.3759
1.7409
1.5369
2.8988
1.8304
2.0717
2.512
2.1193
2.1193
1.8326
1.9348
1.8569
2.0821
1.7761
1.8789
2.0288
1.9743
1.9424
1.8325
2.1596
2.142
2.2716
1.8641
1.6486
1.9517
2.0301
2.4046
1.7209
2.1086
2.0357
2.1375
1.6363
2.1651
2.1289
2.0092
1.6171
2.1516
1.8976
2.2013
2.0867
1.9604
1.7503
1.8626
1.8695
1.864
1.8511
2.4356
1.8705
1.7031
2.1791
1.6764
2.1581
1.7131
2.551
2.3367
1.935
1.6696
2.1092
2.2537
1.8432
1.7861
2.0178
1.7489
1.5891
1.8395
2.2972
2.0273
2.0854
1.7168
2.3244
1.5193
2.2352
1.7881
1.9801
1.8415
2.1051
1.9342
2.2654
2.3327
2.139
2.1177
1.5962
1.8743
2.2168
2.3405
1.74
1.7421
2.1036
2.1439
2.2298
1.8958
2.3501
1.9408
1.9025
1.8752
1.9713
1.8797
2.1036
1.732
2.2999
1.5933
2.3885
1.6217
1.6019
2.5695
2.0114
2.0547
2.4253
1.8031
2.0422
2.0402
2.1252
1.4998
2.1384
2.0811
2.1935
2.2294
1.6015
2.0681
2.1128
2.1628
1.8246
1.781
1.8499
1.559
2.0516
2.2651
2.0612
1.9399
2.1509
1.8832
1.793
2.0017
2.0353
1.7966
2.2315
2.1963
2.108
1.6487
1.9268
2.0226
1.9996
1.8198
2.5158
1.7549
2.3504
2.1179
2.421
1.7106
2.1703
1.9517
2.1066
1.8204
1.83
2.0611
1.705
1.9795
2.1693
2.129
2.0657
2.2037
1.6874
2.2719
1.6943
2.0002
2.3185
1.7798
2.0384
2.0091
2.3213
2.1314
1.846
1.4944
2.169
1.8308
2.1837
2.1403
1.8984
1.8531
2.1437
1.8119
1.9726
1.9672
1.8113
1.6687
2.5487
1.6199
1.9726
2.1259
2.3026
2.0314
1.8164
1.8671
1.9549
2.2534
1.8049
1.7477
2.3811
2.201
2.045
1.8644
2.037
1.7846
2.0154
1.7945
2.1
1.8612
2.2832
1.8988
1.8634
2.2049
1.7239
1.9194
2.3807
1.5927
2.1482
2.0783
1.8891
1.8992
2.2882
1.826
1.7852
2.0859
2.0614
1.877
1.8302
2.0978
1.9431
2.1406
1.9219
1.9178
2.056
1.9178
1.8649
1.9238
1.9344
1.7649
2.162
1.9155
1.9167
2.2154
1.9064
1.9658
2.0067
1.5911
2.1618
2.1009
2.0197
1.7971
2.1001
1.7291
1.9804
1.8289
2.3126
1.8503
1.875
2.0736
1.7356
2.3693
1.8311
2.224
2.1037
1.8504
1.6696
2.3511
1.7686
1.7428
2.2132
2.0468
2.1175
1.9815
2.0873
2.1007
2.1934
1.9478
2.0727
1.8518
1.8182
2.2617
1.78
1.5667
2.4225
1.9155
2.2707
1.6445
1.9645
2.0431
2.3324
1.7494
1.8491
1.8081
2.1302
1.9335
1.8974
1.8817
1.8489
1.7637
2.0347
1.9026
1.8621
1.8192
1.9497
2.4529
1.982
2.0671
2.2485
1.7887
2.0872
2.1106
2.4783
2.0401
1.8663
1.416
1.9275
1.7262
2.3286
1.6764
2.1903
1.6347
1.9696
1.8569
2.0004
1.8542
2.4279
1.5414
2.3215
1.8874
2.1375
2.3563
2.2075
1.8241
1.6106
2.6436
1.661
1.8675
1.8687
2.287
1.7364
1.9155
2.1102
2.1789
1.9211
1.7854
2.3023
1.9537
1.6623
1.8047
2.2273
1.7381
1.9669
2.2345
2.0719
2.0043
1.9555
2.4918
1.9391
1.9966
1.846
1.9734
2.4863
1.7536
2.1575
1.5566
2.0022
1.7169
1.5646
1.7483
2.1257
1.6441
1.8006
2.3597
2.1654
1.9345
2.4213
1.8972
2.1593
1.5054
2.2728
2.1796
1.9364
1.9274
2.1184
2.5741
1.9959
1.6789
2.1338
1.5967
1.8834
2.1296
1.9103
1.8471
2.1224
2.0937
1.8384
2.4289
1.752
2.314
1.868
1.9132
2.33
1.981
1.933
2.2002
2.3594
1.6967
2.1908
2.1221
2.0388
2.064
2.0149
1.937
2.1881
2.276
1.6169
2.1761
2.3003
1.8552
1.7769
1.9544
2.0904
2.0262
1.6765
2.0017
1.997
1.9508
2.2756
2.036
2.1773
1.9408
2.2734
2.2645
1.5475
1.8701
2.0679
2.5284
1.7595
1.8433
2.1154
1.7045
1.7817
1.6625
2.3316
1.7899
1.7583
1.9931
2.3329
1.8701
1.9595
1.6116
2.5963
1.9187
2.1072
1.8515
2.0147
2.1792
1.8273
2.181
2.056
1.7659
1.9615
2.2931
1.7884
2.1654
1.8431
2.1391
2.4553
1.8528
1.9774
2.3134
2.1076
2.1669
1.7851
2.3974
2.042
2.113
2.2044
2.2501
2.1287
1.9447
1.5706
2.4769
1.8216
2.2534
1.7705
1.9631
2.2804
1.8264
1.9897
1.9492
1.6002
2.2833
2.0432
1.8282
2.4205
1.9028
2.4668
1.6204
2.0839
2.1312
2.0304
1.8265
2.1491
1.9102
2.2856
1.9423
2.1135
1.7104
1.9562
2.5549
2.5214
1.6143
1.8797
1.9619
2.4029
1.9243
2.1144
2.154
2.0213
2.0426
2.0074
1.9917
1.681
2.2165
1.5888
2.1491
2.0464
2.1293
2.0949
1.6631
2.1266
1.7078
1.8853
2.0612
2.1154
1.929
2.3132
1.7417
2.0802
2.0386
2.0631
1.9015
1.9904
1.9076
1.732
2.0105
1.9797
1.9384
1.9445
1.7094
2.1486
1.9895
1.7956
1.9767
1.7918
2.0216
1.8303
2.142
1.7352
1.8652
2.2611
2.0321
2.0915
1.956
1.8974
1.9082
2.0652
2.0228
2.0611
2.0835
1.5541
1.907
2.4502
1.9205
1.7565
2.6003
1.8273
1.8238
2.1736
1.6739
2.0954
1.9777
2.0517
2.2458
1.615
1.9789
1.9215
2.0421
1.8037
1.9993
2.0801
1.8884
1.6642
1.9828
2.0847
1.8621
1.7382
2.2281
1.9671
1.657
2.0008
2.3036
1.6553
1.96
2.2344
1.5025
2.175
1.6791
2.1013
1.677
2.1565
1.6765
2.0833
1.8582
2.277
2.0377
1.8697
2.0838
1.9603
2.1195
1.7276
2.2622
1.8847
1.8987
2.2559
1.9218
2.6646
1.75
1.6108
2.3835
1.8009
1.7824
2.0496
1.6277
2.1571
2.291
1.6979
2.0704
2.3256
2.5288
1.9026
1.9206
1.7386
2.1628
1.8746
1.8303
1.9233
2.1687
1.8702
1.8125
2.2551
2.3875
1.8539
1.9535
1.561
2.414
2.0291
2.1552
1.7768
2.1265
1.8371
1.8885
1.6293
1.967
1.9963
2.2457
1.7221
1.8704
2.1654
1.6355
1.9323
2.0337
1.9269
1.937
1.8784
1.8167
2.1625
2.0775
1.7853
2.1016
1.9914
2.1629
1.4134
2.1921
1.9993
1.6103
1.8767
2.1986
2.1194
1.944
1.9449
1.8422
2.1022
2.0318
1.8044
1.9162
2.5741
1.8722
2.053
2.3697
1.5507
2.2759
2.3326
1.5226
1.8958
1.5572
1.7192
2.2431
1.7064
2.1824
1.6419
2.1503
1.956
2.1682
1.8727
1.8339
2.475
2.0686
1.7773
2.4499
2.1861
2.0531
2.1832
2.0414
1.8278
1.9399
2.4162
2.0415
2.0966
1.9451
1.8492
2.1736
1.8506
2.3967
1.8403
1.7198
2.053
1.7935
2.0199
2.1174
2.3594
1.8415
2.1399
1.7482
2.0665
1.649
1.9647
1.5699
2.6878
1.7551
1.7639
2.3566
1.8812
1.782
2.6192
2.0928
1.5632
1.6773
1.9593
1.9506
1.9886
1.8288
2.078
1.8756
2.1195
2.298
1.6958
1.9475
1.8463
2.3652
1.7826
1.665
2.1827
2.0958
2.1518
2.0284
1.4418
2.1664
2.2209
2.1369
1.7462
2.0925
2.0724
1.9118
1.7385
1.9629
1.7235
2.1263
2.1005
2.0768
2.478
1.8508
1.9472
1.9617
1.9108
1.9616
2.0246
2.1162
2.0498
2.2597
2.1837
2.2037
2.0132
1.9515
1.6286
2.268
2.3297
1.9801
1.5737
2.1787
2.099
1.543
2.2558
1.5918
1.9404
1.7735
2.3444
1.6982
2.0247
1.7659
2.0757
1.9725
2.0518
1.8434
2.1718
2.0151
2.1731
2.0488
2.0695
1.9135
1.8425
1.7646
1.4781
2.5204
2.1975
1.632
2.1431
2.0581
2.2925
2.198
2.2021
1.9535
1.9939
1.9481
1.8087
1.8435
1.6633
1.9985
1.7501
2.119
2.024
1.9611
1.8791
2.5901
1.8777
2.2808
1.6819
2.4185
1.797
2.0382
2.2739
1.9255
1.7708
2.1226
1.6051
1.7956
2.1079
2.2267
2.0282
1.8622
2.0548
1.9929
1.8882
2.0982
1.862
1.5727
1.9305
2.2496
2.265
1.8035
1.7521
2.4046
1.7569
1.9234
2.2403
2.0077
1.9354
1.6543
2.3964
2.2598
1.8193
2.1834
1.904
2.314
1.5871
1.7392
1.8919
2.3668
1.7816
2.0586
2.1557
1.8852
1.9367
1.976
2.0351
2.2267
1.8433
1.9223
2.1977
1.8036
1.8038
1.896
1.6838
2.2888
2.1801
1.935
2.0354
1.9585
2.1106
2.0987
1.6281
2.0809
2.0646
2.1097
2.035
2.1275
1.9277
2.0297
2.1781
1.6129
1.9194
1.9216
1.8914
2.2675
1.9744
1.8518
2.2294
1.9591
1.6999
1.8689
2.038
2.6275
1.522
1.7068
2.115
1.812
1.9969
2.0523
1.7678
1.9159
1.8496
2.1381
1.9312
1.9753
1.8126
2.0293
1.8768
1.8192
2.1284
2.3218
1.8137
1.9742
2.2344
2.0604
1.8928
2.0771
2.0109
1.6664
2.0824
1.8213
2.259
1.8492
1.7701
1.9395
1.8093
1.8359
1.9291
1.9214
2.17
1.7768
2.0473
1.4712
2.2432
2.0232
1.7837
2.082
1.8972
1.9102
1.8674
2.2044
1.9522
1.7002
2.4522
1.6941
1.9823
2.0327
1.7163
1.9775
1.8833
1.955
1.8324
2.2783
1.9
1.9605
1.9148
2.2013
1.4006
2.5962
2.0092
1.9751
2.1225
2.0355
1.6058
2.1202
1.8285
2.0409
2.0225
1.5509
2.447
1.6984
2.1224
2.1004
1.9937
1.9471
1.6497
1.9958
1.9535
1.8337
2.1617
2.1727
1.8898
1.9433
2.0342
1.7378
1.9392
1.8691
1.8227
2.1062
1.9604
1.7485
2.1205
2.0059
1.9593
2.0638
1.6187
2.0466
2.013
2.076
2.1126
2.0538
2.0706
1.7375
2.2088
2.0905
2.0548
2.0247
2.0333
1.5788
1.9285
1.8931
1.7161
2.1079
2.2474
1.8947
1.7455
2.4194
1.5479
2.3061
2.0302
1.5997
2.4649
2.1663
1.5526
1.9854
2.1127
2.2429
2.1615
1.6849
1.875
2.1257
1.7035
1.9535
2.2882
1.773
1.6352
2.1985
1.6438
1.9468
2.1111
1.9111
2.066
1.8839
2.105
1.9326
2.2433
2.0295
1.995
1.7005
1.7812
2.1125
2.0309
2.2549
2.1225
1.6087
1.9497
2.0368
1.9436
2.0815
2.1363
2.1372
1.8414
2.1249
2.0575
2.2102
1.7177
2.1208
1.9819
2.0709
1.7817
2.189
1.5832
1.9802
1.8129
2.359
1.881
1.8163
1.9363
2.1502
1.8652
2.218
1.8494
1.975
2.1533
2.4986
1.8843
2.0213
1.9416
2.0403
1.6118
2.3536
2.1358
1.8446
2.141
1.9272
1.8461
1.9639
1.9993
1.9395
1.9743
2.2464
1.9505
2.1408
1.7877
1.9303
1.9326
2.1015
2.1045
1.8243
2.2164
1.7558
1.8988
1.7548
2.4475
1.8588
1.7317
1.8858
2.0415
2.1672
1.9607
2.2323
2.006
1.8845
1.6888
2.3047
2.0847
1.992
1.5347
1.7119
2.2932
1.8736
1.7611
2.2891
2.2753
1.8878
1.651
2.2745
1.8705
1.9668
1.8677
2.217
1.8477
1.9101
1.8965
1.947
1.8461
1.7159
2.2124
1.7639
1.8315
2.0214
1.5732
2.1808
2.3604
1.7691
2.0866
1.9645
2.0709
1.799
2.0352
1.9951
1.9911
1.7868
2.1597
1.9551
1.8985
2.3104
1.7407
2.4904
1.9001
1.662
2.3367
1.8401
2.5397
1.8956
2.2055
2.0683
1.8209
1.8098
1.9295
1.9735
1.7651
2.3417
1.6126
1.9719
2.4703
1.8771
1.8086
2.2155
1.8507
2.023
2.0688
1.8623
2.0901
1.9635
1.8092
2.1031
2.0481
1.9206
1.6952
2.0497
2.5445
1.8827
1.6407
2.1841
2.0678
2.0717
1.9591
1.9845
2.0487
1.6904
1.9008
2.1597
2.0338
1.8255
2.1082
2.1289
1.4794
2.1067
2.134
1.832
2.0966
2.0766
2.2388
2.0433
1.7475
2.3501
1.6966
2.3896
1.9193
1.8934
2.2111
1.8637
2.4816
1.912
2.0742
2.3504
1.5945
2.1368
1.8048
2.1492
2.1083
1.9187
2.0732
1.727
1.9674
1.875
2.0142
1.8191
1.7061
1.9722
2.0898
1.86
2.1204
2.1637
1.7935
1.7298
2.1179
1.9338
1.7235
2.4911
2.0977
1.8492
1.4161
2.3613
1.7677
2.1975
1.8958
2.074
2.0916
2.0899
2.0683
2.3389
2.105
1.7266
2.2479
2.5022
2.0013
2.1447
1.6809
2.0893
1.9416
2.0437
2.077
2.0985
1.9012
1.9196
2.1352
1.6504
2.0646
2.1511
2.1266
1.9254
2.2223
2.0495
1.865
1.6604
2.2258
1.9019
2.38
1.7767
1.9566
1.8124
2.0037
2.1217
1.6634
1.9138
2.3504
1.4734
2.1412
1.801
2.2256
2.1208
2.0314
1.7853
1.898
2.1787
2.1079
1.9066
1.7378
1.9355
1.8167
2.678
1.7857
1.6955
2.143
1.9006
2.3586
1.818
2.2368
2.0005
1.8587
2.0571
1.7206
2.3328
2.4148
1.5631
1.9909
2.2935
1.6201
2.7659
1.9581
1.8244
1.605
2.1543
1.7301
1.9502
2.1089
2.3601
1.614
2.4478
1.6321
2.2684
1.7078
1.9255
2.1023
1.5557
1.9081
2.1952
1.7611
1.4739
2.485
1.6499
2.1841
1.9532
1.9256
1.7966
2.0006
2.2925
1.985
1.7222
2.2326
1.815
1.5761
1.7492
2.139
2.0743
1.9769
1.7598
1.909
2.0051
2.1028
2.091
1.667
2.2563
1.8051
2.0604
1.8668
2.0362
2.0638
1.7589
2.016
1.8862
2.1267
1.8889
1.8683
2.135
1.8919
1.6579
2.2377
1.6861
2.207
1.9374
1.7243
2.2908
2.1795
2.0917
2.0012
2.0505
2.0257
2.0812
2.0043
2.1081
1.9008
2.3459
1.8176
1.9112
1.9398
2.1138
1.8605
1.6445
2.1215
1.9673
1.8644
2.2821
1.728
2.0173
2.0425
2.2355
1.9135
1.5494
1.845
2.288
1.8255
2.1901
1.7575
2.1199
2.0719
2.167
2.3346
1.9575
1.7403
2.0557
2.1012
1.4861
1.9904
2.2796
2.1882
1.871
1.8989
2.3035
2.1285
1.7081
2.3042
2.0245
2.0186
1.5892
1.9574
1.8831
1.8696
2.1825
1.6801
2.0003
2.0089
1.9124
1.7303
2.2446
1.8005
1.9777
1.5353
1.8573
2.0173
1.7031
2.4481
2.0886
1.7399
2.3276
2.0709
1.8278
2.2261
1.8505
2.0857
1.9406
1.8213
2.0816
1.7867
2.1255
2.2698
1.8336
2.1194
1.9067
2.0416
2.2272
1.9839
1.8495
2.2766
2.1402
1.9874
2.0789
1.8189
2.3409
1.8288
2.0719
1.4831
2.1996
1.9576
2.0995
2.1757
2.281
1.931
2.0395
1.5737
1.9922
1.7979
1.8418
2.1545
1.6744
2.127
2.0711
1.7169
1.9856
1.8201
2.1134
2.2378
1.8822
1.8131
1.8065
2.0105
1.7669
2.4032
1.9958
1.776
2.5685
1.918
2.0183
2.073
2.1409
2.101
2.0646
1.8565
2.101
1.8851
1.9761
2.3684
1.9117
1.8989
1.9511
1.6992
2.441
1.6926
2.0141
1.8521
2.0523
1.9781
1.7023
1.9575
2.5072
1.6528
2.0658
2.468
1.8491
1.7648
1.9822
2.44
2.1191
2.003
1.8987
2.432
1.9943
1.5398
1.8165
1.7983
1.9552
2.1428
1.5963
2.0824
1.9139
1.9336
2.0501
2.3483
1.8473
1.719
2.7589
1.7205
2.1058
1.8226
1.9577
1.9366
1.9678
1.7717
1.5866
2.3023
1.705
2.6975
2.3215
1.4179
2.1684
2.1229
2.4139
2.0091
1.7834
1.938
1.9948
2.1594
1.6957
2.2335
1.9236
1.9155
1.6722
2.1218
2.0563
1.6118
2.3109
2.3256
1.9495
1.3645
2.0671
1.8741
2.3168
1.9339
1.3981
2.4419
1.8475
2.0079
2.3832
1.746
2.1712
1.9498
2.2344
2.2392
1.5407
2.0314
2.0667
1.9022
2.0028
1.8395
1.8451
2.0366
2.2286
1.8537
2.2844
1.7578
1.7927
2.2311
1.9969
2.1301
1.896
1.6642
2.1832
1.8995
1.8134
2.5859
1.5788
2.0023
2.0432
1.6819
1.8404
1.9461
2.3167
2.2202
2.4454
1.904
1.8737
1.7372
1.8853
1.6076
2.2763
2.0764
1.8168
1.9782
1.8916
2.3683
2.1579
2.0151
1.8011
2.0091
2.0799
1.5847
2.198
1.8965
2.1785
1.8388
2.2666
1.7496
2.0907
1.9382
1.8957
1.8503
1.9618
1.8961
1.8439
2.2291
1.6257
2.2273
2.0296
2.3546
1.7912
1.7004
2.0661
1.891
1.9848
2.1282
1.7893
2.1274
1.7327
2.4
2.0073
1.5414
2.2163
1.8079
2.1512
1.8767
1.9433
2.2208
1.8384
1.8814
1.839
2.0477
2.0003
1.6846
2.2729
2.0334
2.2167
1.6082
2.0407
2.2035
1.7212
2.1831
1.8796
1.7439
1.9508
2.2627
1.7589
1.8746
2.2682
1.7598
2.1827
2.3583
1.9782
2.2404
1.8291
1.9836
1.8622
2.5057
2.0777
1.62
1.8004
2.3119
1.7389
2.0333
2.2666
1.99
1.8691
2.5127
1.7582
1.7475
2.0769
1.7214
2.2618
1.7988
2.1112
1.9388
1.618
1.797
1.8026
1.9295
2.1918
1.7395
2.2324
1.9051
1.7602
2.1582
1.9068
1.9557
1.9449
2.1079
1.7398
2.1755
1.8551
1.5986
1.7898
2.2526
1.9316
2.5276
1.9873
2.0687
2.1692
1.7317
2.1298
2.3874
1.7292
1.9294
1.5983
1.8298
1.8423
2.1247
1.8345
2.3965
2.1198
1.8166
1.8126
1.977
2.3672
1.6154
2.0639
2.3688
1.7833
2.2136
1.9521
1.8258
1.9778
1.5567
2.4751
1.9916
2.3562
1.6299
2.2933
1.8411
2.0593
2.0241
1.6089
1.7138
2.043
1.6684
1.9952
1.959
2.4426
1.8832
2.393
2.0213
2.176
2.0324
2.0038
2.2066
1.7847
2.0128
1.7722
1.9644
2.0284
2.2836
1.8379
1.8852
1.9423
2.2399
1.9042
2.1723
2.0423
1.5834
1.9193
2.3659
2.0108
1.7166
2.0023
1.9439
1.9312
1.9175
1.8967
1.4878
2.1636
2.3219
1.5131
2.4995
1.7804
2.0339
1.6657
2.3697
1.7845
2.2451
1.754
2.2483
1.8458
1.8697
2.623
1.8729
1.4632
2.2566
2.1252
2.169
1.8362
1.8036
1.9455
2.5348
1.8953
1.8982
2.4109
1.8054
1.9438
1.8358
2.0266
1.9329
1.9627
1.8491
1.9441
1.6897
2.237
1.7133
2.2015
1.8455
1.8868
1.9771
2.2429
1.8163
1.8356
2.1414
2.0884
2.2219
1.6276
2.2087
1.9692
1.6006
2.2626
2.0297
1.6298
2.24
1.7564
1.8191
2.4401
1.9496
1.9409
2.0924
1.484
2.5119
1.847
2.033
2.2453
1.8238
1.9036
1.6661
1.8183
2.1026
1.7725
1.9954
1.9585
2.118
2.2192
2.1917
2.1198
1.5123
2.3573
1.9648
2.1107
1.5643
2.2341
2.2986
1.1765
2.432
2.0027
1.7917
1.8972
2.074
1.9514
2.3457
1.8109
2.5014
1.6512
2.3506
2.0653
1.9578
1.6486
1.9896
1.8578
2.3187
2.1961
1.6998
2.0244
1.9727
2.0583
1.757
2.0705
1.9924
1.753
2.0579
1.6774
2.2123
1.6211
2.1422
2.4658
1.7816
2.0458
2.0477
2.5993
2.0883
2.1026
1.8919
2.119
2.058
1.87
1.9174
1.8416
2.0347
2.1855
1.8489
2.0312
2.0409
2.0345
2.2017
2.3102
1.4667
2.0634
1.9384
1.6333
2.0942
1.66
2.1981
1.7923
1.9022
2.0443
2.0151
1.8871
2.4352
1.8933
1.8522
2.1373
1.651
1.6648
2.2005
2.1764
1.9691
2.1945
2.1292
1.7147
2.2337
2.1034
2.0116
2.1623
2.0295
2.0549
1.8066
1.896
2.4542
1.7825
1.8341
1.503
2.2169
2.2633
2.0544
1.9729
2.0255
2.0657
1.9636
1.9591
2.012
2.2101
1.5329
2.1439
1.8942
1.9362
2.2543
2.0909
1.9066
1.6739
2.4315
1.4021
2.2217
1.9301
1.874
2.2394
1.8172
1.9412
2.5547
1.9212
1.6538
2.2827
1.9162
1.7955
1.9604
1.8744
2.0376
2.1825
1.8859
1.9557
1.9925
1.818
2.1672
1.9842
1.965
2.2207
1.8532
1.9028
2.0461
1.7206
2.121
1.8843
2.0461
1.8164
2.1409
1.8308
1.8674
2.102
1.9345
2.0353
1.9708
1.9682
1.6861
2.0945
2.0586
1.8098
1.7938
2.1273
2.0699
1.5806
2.2767
1.9558
2.4042
1.438
2.1658
1.4479
1.9789
1.8628
1.5702
2.3303
1.9316
2.1695
1.9496
1.8524
1.9439
1.7622
2.2947
2.017
2.2969
2.0222
1.7355
2.4349
1.7927
1.8678
2.2463
1.5064
2.1567
1.9785
1.9609
2.0606
1.7733
1.772
2.1069
1.9659
1.6305
2.0738
2.0739
2.0365
1.8728
1.528
2.408
1.5548
1.7176
2.2804
1.7748
2.1831
1.8998
1.8601
2.0134
2.0994
1.9995
1.8491
1.91
1.5755
2.3285
1.8597
1.8662
1.7301
1.6652
1.9187
2.1552
1.653
1.8843
1.706
2.1897
1.9026
1.7211
2.0479
1.8485
1.7324
2.2804
1.8125
2.2798
1.9358
1.8728
1.7851
2.2213
1.7379
2.3348
2.0159
1.5006
2.1889
1.7435
2.088
2.0984
1.7064
2.1643
2.2383
2.0703
1.8356
1.7703
2.0386
1.4088
1.8299
2.0394
1.6204
1.9808
1.9464
1.88
2.2846
2.1788
1.9413
1.713
1.9903
2.192
1.9843
2.1752
1.8701
1.9031
2.3084
2.3583
2.0283
1.6875
2.3573
2.1566
1.6191
1.8963
2.2081
1.7954
1.9555
2.2497
2.0773
2.0882
2.3408
1.9117
2.051
1.8549
2.4979
1.7835
2.1755
2.0266
2.2177
1.7044
2.2345
1.878
1.8437
2.1859
1.5116
1.8573
1.8057
2.5704
1.5908
1.4231
2.0858
2.0192
2.1324
1.9218
1.8603
2.1861
1.7984
2.1931
1.7703
1.5759
2.4228
1.7053
2.0641
2.124
1.6651
2.1591
1.769
1.8177
1.856
2.1223
2.1351
1.811
2.3073
1.8301
2.2572
1.8598
2.1918
1.5914
2.261
1.9391
1.8539
2.151
1.9717
2.1588
1.907
1.9858
2.0805
1.9816
2.153
2.0225
1.8906
2.1614
1.9808
2.1821
1.9853
1.63
2.4204
1.9849
1.5718
1.8271
2.2903
2.0861
2.0078
1.9935
2.2237
1.7369
2.0893
2.3713
1.7918
2.3314
1.5481
2.4268
1.7849
1.551
1.9415
1.9496
1.9198
2.0213
2.1354
1.8526
1.8674
1.9632
2.036
2.0529
2.1217
1.6241
2.0683
1.9144
2.0066
1.9733
2.3797
1.6485
1.6933
2.151
2.1487
1.7793
1.985
2.125
1.6025
1.9231
1.8554
1.7363
2.2558
2.342
1.8395
2.1529
2.1783
2.0134
2.0654
2.2513
1.6896
2.1982
1.825
1.9927
1.9583
2.0462
1.9686
2.0342
1.5498
2.2506
2.0178
2.2937
1.5786
2.0872
1.5795
1.9381
1.886
2.4074
1.6532
2.1605
1.8247
2.077
1.879
1.9861
1.912
2.1178
1.6899
1.8998
2.1857
2.5739
2.1173
1.8248
1.8271
1.9921
2.0064
1.9921
1.8912
2.308
1.5095
2.2104
2.1534
2.1301
1.8977
2.0275
2.4228
2.3007
1.6689
2.4192
1.6686
1.8287
2.0572
1.5873
2.0941
2.0438
1.7603
2.4802
2.1965
1.6199
2.4177
1.6
1.7236
2.2026
1.8843
2.2012
2.0717
1.5514
2.2551
1.8972
2.0522
1.3216
2.3695
2.143
1.8786
1.8404
2.0261
2.0629
1.887
1.7177
2.3104
2.0478
1.8823
2.216
2.483
1.8015
2.2521
1.8676
2.1407
1.7421
1.7906
1.9262
1.9704
2.1407
2.0031
2.2707
1.7378
1.8342
2.0703
2.0368
1.9259
1.8406
2.0896
2.0404
2.3172
1.7878
2.006
1.845
1.7858
2.0838
2.1218
2.186
1.6983
1.8262
2.0161
2.0657
1.7412
2.2332
1.9192
1.8734
2.2533
2.2424
1.7556
2.0359
1.6478
2.2804
2.0528
2.0436
2.0135
2.2639
1.6418
2.4544
1.8052
1.9153
2.1613
2.1076
1.796
2.2185
1.3685
2.123
1.9653
2.0354
2.0043
2.1403
1.7646
2.3689
2.0221
2.0234
1.8064
2.1467
2.0809
2.0509
1.7894
1.9399
2.4576
1.9842
2.2616
2.1032
2.0196
2.0755
2.1218
1.7222
1.7781
2.0685
2.4177
2.1004
1.5969
2.4335
1.9427
1.9701
1.7454
2.3529
1.8087
2.4192
2.3784
1.8177
2.3747
2.1084
1.7643
1.9908
2.0625
1.823
2.671
1.7571
1.9545
2.0523
1.9254
1.6446
2.1464
2.3502
2.0085
2.4857
1.7384
1.7938
1.8748
2.0797
1.9908
2.0575
1.8821
1.7884
2.1184
1.5492
2.0205
1.7523
2.1347
1.7253
2.3168
1.89
2.1507
1.9209
1.8649
1.997
2.1025
1.8975
1.9168
1.9739
1.4173
2.137
2.0181
2.1507
1.8982
2.0483
2.126
2.1422
1.7799
2.2817
2.2744
1.9921
1.7983
1.7958
2.0815
1.9668
2.1474
2.0384
1.7923
2.052
2.3166
2.0473
1.9019
2.435
1.6771
1.8141
2.3835
1.4333
1.9995
2.0336
1.6815
1.647
2.0567
2.1033
2.1523
2.025
2.0119
1.7895
1.9795
1.8823
2.0849
2.2882
1.8549
1.9734
2.2162
1.7639
2.1149
2.06
1.5689
2.5401
1.793
1.7021
2.3828
1.626
1.7754
2.012
1.6266
2.6896
1.6957
1.9541
1.8647
1.7863
1.876
1.8104
2.1216
1.8004
1.8655
2.1149
2.1421
1.7579
1.8944
2.3409
1.8412
1.8696
1.68
1.9229
1.8966
1.9802
1.8183
1.944
2.1196
2.2466
1.6273
2.3081
2.3408
1.4123
2.0886
1.8399
1.9547
2.3769
1.5576
2.0796
1.6882
2.3276
2.013
2.0456
1.707
1.923
2.2534
1.8599
1.8461
1.9248
1.8995
2.3718
2.2544
1.7704
1.7127
2.0953
2.1889
1.8815
1.9981
1.8763
2.1275
2.1044
1.7376
2.1253
2.6139
1.3389
2.6627
2.5303
1.732
1.9451
1.8437
2.186
2.1224
1.8876
2.0412
2.3563
1.6674
2.1551
1.6399
2.2627
2.0244
1.6984
2.0394
2.1371
1.7037
2.0696
1.8041
1.9316
1.9547
1.9011
2.0719
1.994
1.8428
1.9245
2.1462
1.7291
2.0239
2.0136
2.1473
2.2171
2.081
1.8502
1.9939
1.7451
1.7615
2.1949
1.7614
1.9312
1.966
2.1129
1.7307
1.5708
1.9136
1.683
2.1373
1.8665
1.7911
2.3605
1.9492
2.2034
1.8016
2.3931
1.6771
2.1997
1.7767
2.1818
2.0173
1.5317
2.1146
2.2991
1.9712
1.7365
2.1183
1.8866
2.0244
2.0464
2.1302
1.9085
1.7287
2.0047
2.0104
2.0006
1.9978
2.1155
1.676
1.6683
2.1712
2.0433
1.9772
1.7475
2.025
1.8338
2.1919
1.7251
2.1505
2.134
1.8536
2.2862
1.6845
1.8072
1.651
2.3136
2.2359
1.7082
1.9626
1.9394
1.8783
2.4161
1.5319
2.2628
2.1428
2.1085
2.134
2.0266
1.8557
1.9144
1.9701
2.0999
1.7375
1.7156
2.1247
2.0109
1.8574
1.8962
2.1443
2.0646
1.9151
2.0251
1.9596
1.7889
1.9019
2.0767
1.7807
1.8244
2.1087
2.6462
1.8627
2.0612
1.9184
2.2363
1.8667
1.9472
1.942
1.7277
2.207
2.1181
1.7904
2.059
2.0948
1.9896
2.0776
2.1572
1.8863
1.9747
1.5271
1.9224
1.6574
1.8534
2.1364
1.9454
1.9688
1.5426
2.1259
1.8072
1.8521
1.8088
1.8814
1.9913
2.0607
1.8838
1.7083
2.0632
2.1022
1.9247
2.0959
2.0728
1.7559
1.8442
2.2713
1.9476
1.9007
2.2821
1.5515
1.9467
1.669
2.051
2.107
1.9123
2.2093
1.958
1.7883
1.9392
2.0272
2.1596
1.771
2.1652
2.0736
2.06
2.0241
1.576
2.0483
2.092
1.8817
2.3909
1.824
1.857
1.9449
2.2053
1.8142
1.9136
2.0041
1.8802
2.0158
2.0705
2.0352
2.138
2.5478
1.839
1.9759
1.9198
1.8567
1.9752
2.0505
2.4092
2.0802
2.0626
1.769
2.1008
2.1931
1.7689
2.1076
2.149
1.8122
1.8673
1.7254
2.2825
1.9219
1.9043
2.0591
2.2301
1.7371
2.1728
2.0371
1.99
1.9887
2.0916
2.3929
2.0392
1.8329
1.7275
2.5355
2.1657
1.6988
2.1429
1.8452
2.1579
2.1703
1.9157
2.0754
1.9719
1.6839
2.1305
2.0261
2.3706
1.869
1.8374
1.5193
2.2943
1.968
1.8784
1.9516
2.339
1.841
1.9834
2.0841
1.9509
1.987
1.8073
2.2918
1.8422
1.8853
2.6232
2.2275
1.7005
2.013
2.3699
1.7596
1.7651
1.9623
2.3516
1.8459
1.9954
2.0408
1.9102
2.0373
2.0447
2.1935
1.9175
1.6912
2.2751
1.7225
2.2544
1.8826
2.0156
2.1756
2.2196
1.629
2.0953
2.5116
1.5677
1.819
1.9038
2.294
1.9533
2.2653
1.6684
1.9218
1.8358
2.2719
1.6428
2.106
2.2467
1.9552
1.7508
1.9538
2.7517
1.5929
1.7441
2.2836
2.0054
1.9802
2.5296
1.5961
2.1062
2.0515
1.7884
1.9902
1.9706
1.7172
2.4138
2.0186
2.0794
2.183
1.6813
2.4215
1.9355
2.0547
1.7681
1.7706
2.0669
1.9121
1.8954
2.5767
2.1526
1.8196
2.1204
1.9851
2.0365
1.8244
1.9197
2.1399
2.1196
1.7876
2.0292
2.7757
1.773
2.0395
2.0546
1.7527
2.1459
2.2168
1.9352
1.7211
2.1291
1.8905
2.2883
1.8237
1.9521
2.0395
1.8706
2.2287
1.693
2.2687
1.8421
1.7964
2.0061
1.6376
2.0626
2.2256
1.8719
1.7675
2.1924
2.078
1.9118
2.3325
1.8592
2.3611
2.2774
1.8039
1.8345
1.9884
1.9041
1.9898
2.4608
1.7499
1.8999
1.968
2.1427
2.1655
1.7849
2.0758
1.8396
2.0854
1.9658
1.5712
2.0468
1.4795
2.0883
2.2217
1.6273
2.0882
1.6939
2.168
2.1567
1.9739
2.3702
1.5243
1.8831
2.0074
1.7523
2.001
1.9554
1.9551
1.9376
2.2501
2.0785
2.2239
2.048
1.8467
2.3296
2.1427
2.2718
1.9522
1.8309
1.8855
1.6421
2.0973
1.9114
2.0267
1.9844
1.8818
1.9133
1.7626
2.0535
1.747
1.531
2.209
1.7246
2.0094
1.7641
2.0842
2.1758
1.9518
1.6423
2.1555
1.8189
2.06
1.8498
2.0293
1.7861
2.1319
1.7973
1.5534
2.485
1.5726
1.9902
2.1752
2.4578
1.8009
1.7484
1.9209
2.0936
1.9228
2.0698
2.017
2.1532
1.7668
1.7875
2.4332
1.8963
1.6248
2.1865
1.7281
1.8022
2.0611
1.8939
2.6866
1.7635
1.8161
2.3879
1.6211
1.8687
1.9539
1.9157
1.9386
1.6777
2.2004
1.8896
2.2523
2.3098
2.0901
1.8267
1.7464
2.0722
1.6886
2.1897
2.3087
1.5884
1.8758
1.7988
2.4178
1.8047
1.8146
1.6746
2.2643
1.8642
2.0114
1.7745
2.04
1.8512
2.0094
2.0926
2.1012
1.8226
1.9961
2.2515
2.1711
1.5768
2.2399
1.9551
2.117
1.8985
1.9267
1.7897
2.0701
1.8599
2.0528
1.9687
1.8961
2.1127
1.9197
1.9008
2.1628
1.64
2.1083
2.4785
1.7011
1.754
1.8447
2.2033
2.0679
1.85
1.8516
2.2395
1.8966
2.2013
1.6716
2.3418
1.7129
1.9032
2.0896
1.7022
2.2127
2.0332
2.2832
2.2682
1.8371
1.8591
1.8094
2.0408
1.8882
1.6885
2.1338
1.6947
2.1879
1.686
1.8302
1.7142
1.9598
1.7344
2.4059
1.9104
1.5915
2.0841
1.7878
2.5074
1.5339
2.1412
1.7838
1.8169
1.8256
2.2719
2.056
1.7678
2.2754
2.0056
2.0717
2.3011
1.6914
2.2979
2.0715
1.9686
1.7629
2.1702
1.9468
1.4536
1.9846
1.6084
2.3934
1.8784
2.0527
1.5245
2.0498
1.8867
2.336
1.5796
2.1558
2.017
2.106
1.9411
1.9227
2.2922
2.08
2.0869
1.7268
2.1157
1.9752
2.0836
1.7737
2.0686
1.6276
2.4514
1.7896
1.6715
2.0456
1.8497
1.9609
2.1626
1.861
1.6711
1.8335
2.2465
2.0579
2.0182
1.5683
2.028
1.6965
1.9607
2.0278
2.2025
2.1638
1.7482
1.8751
1.8414
2.1746
1.7772
1.9153
1.7595
2.1088
1.9808
2.2437
1.9474
2.0528
2.457
2.349
1.6648
1.8675
2.1637
1.7217
2.1513
1.9072
1.9434
2.019
1.6694
1.8006
1.9742
2.0052
1.73
2.0505
1.956
2.5362
1.6884
1.7982
2.0721
1.8824
2.0342
2.4641
1.8669
1.5808
1.9045
2.1938
2.0459
2.0006
1.889
2.1944
2.1109
1.7911
2.0667
1.7207
2.0339
1.8665
1.8803
1.9317
2.0068
2.0759
1.9045
2.0592
1.6716
1.8888
1.8492
2.1861
2.2957
1.7808
1.5799
2.016
2.1037
1.9225
2.3429
1.8937
2.11
1.8006
2.3732
1.5998
1.7935
1.7095
2.2995
2.2198
2.0368
1.9278
1.8574
1.7567
1.8148
2.3092
2.5066
1.7639
1.7613
1.6759
1.857
2.2309
1.9717
1.9775
1.966
2.0723
1.9355
2.2252
1.4946
2.3601
2.0266
1.9249
1.6521
2.1452
2.1622
1.8126
2.1262
2.122
1.5601
2.0638
1.9836
1.9329
2.4234
1.8957
2.2952
1.8379
1.8132
2.1253
2.0902
2.0385
1.6207
2.136
2.252
1.9404
2.1541
1.7618
1.854
2.0041
1.8131
2.1561
2.0049
2.0174
2.0182
1.722
1.8338
2.5125
1.767
1.6657
1.8168
1.9012
2.0943
2.0084
1.7637
2.2702
1.3566
2.4019
2.0204
2.5813
1.6578
1.9553
1.9004
2.2963
1.86
2.5007
1.6841
1.8333
2.3191
2.0252
2.4903
1.6702
2.1324
1.8408
1.3379
2.66
2.3825
1.744
2.1618
1.9724
1.9272
2.0567
2.0946
1.9848
1.952
2.0808
1.9641
2.0777
1.8944
1.9861
2.0657
2.0648
1.7053
1.9114
1.9714
1.7228
2.2428
1.9064
1.9493
2.1166
2.0198
1.7227
1.8579
2.1631
1.8145
2.242
1.9695
2.2824
1.8492
1.8939
1.5446
1.9712
2.0305
1.8739
2.3662
2.1372
1.6922
2.1446
1.9239
1.8691
2.1386
2.2587
1.806
2.2853
1.992
1.7448
2.0372
1.8919
1.8061
1.7808
2.2216
1.7553
1.6767
2.3039
1.5415
1.8613
1.7138
2.3827
2.1362
1.6972
1.7927
2.1729
1.8948
1.9816
1.7611
1.8547
2.1957
1.9321
2.0437
1.9537
1.9375
1.9093
2.1652
1.9789
1.7229
2.1458
1.8235
2.3467
1.674
2.3215
1.8489
2.3097
2.0303
1.9626
2.0561
2.0184
1.8455
1.6852
1.9446
2.1156
2.4496
1.9867
1.8438
2.0665
1.8699
1.8607
1.8755
2.1987
1.8646
2.2241
2.312
1.7602
1.9436
2.058
2.0643
1.9509
1.74
2.2443
1.7545
2.3862
1.8751
2.1938
2.086
2.324
2.2556
1.9581
1.968
2.1898
2.1571
1.8233
1.7696
2.1035
1.8914
1.8973
2.3714
2.0396
1.7236
2.0867
1.7117
1.8891
2.2439
1.5288
2.129
1.537
2.469
1.7776
1.9705
2.0702
2.3441
1.8366
2.1434
1.6751
2.1388
2.0898
1.906
1.8008
1.8253
1.8352
2.0157
1.8572
1.4079
2.5032
1.6134
2.1938
1.7883
2.1514
1.9483
2.1957
1.8558
2.1887
1.648
2.3184
1.7676
2.2429
1.8844
1.6833
2.186
2.1882
1.7275
1.7898
1.9399
2.0246
1.7577
1.8194
2.2591
1.8298
2.4572
2.02
1.6838
2.1944
1.6994
2.1761
1.9883
2.1709
2.1199
1.6248
2.3312
2.207
2.1886
1.7821
1.8757
2.0627
2.0844
1.4891
2.3004
2.1341
1.7757
2.0653
2.1772
1.6438
2.3192
2.1993
2.1276
2.1566
2.0954
2.0415
2.1085
2.1872
2.433
1.7638
1.7373
2.0953
1.9391
2.0959
1.8692
1.9905
2.2961
1.8542
1.7681
1.8344
2.31
1.9253
2.0811
1.9623
1.7638
2.2215
1.6836
2.3418
2.1248
1.987
1.969
1.9322
1.5325
2.0276
2.2504
2.3775
1.5994
1.7964
1.8295
2.506
1.6752
1.6254
2.1872
1.8741
2.01
2.0656
1.5557
2.3079
1.704
1.9214
1.9464
2.2509
1.8868
2.8441
1.8555
1.8394
1.917
2.1823
1.7865
2.0681
1.8668
2.0473
1.9435
1.8967
1.8003
1.9385
2.1278
1.8988
1.8752
1.9316
1.7737
2.0584
1.7864
1.9335
2.103
2.0467
2.2011
1.8585
2.2557
2.0476
1.7315
1.9303
1.6617
2.0333
2.094
1.8745
1.9946
1.8291
2.4518
1.6374
1.998
1.9512
2.082
2.1723
1.5927
2.0972
2.0494
2.147
1.6967
2.0648
1.7932
1.9959
1.9619
1.8506
2.1332
1.6452
1.8765
2.0764
1.9566
1.7936
1.8613
2.1608
2.24
1.8328
2.0063
1.9439
1.9099
2.1331
1.7651
1.9935
2.2129
2.4716
1.8694
1.8785
1.9665
1.7561
2.5534
1.7312
1.8663
1.8976
1.7775
2.07
2.0092
1.8287
1.8022
1.8388
1.9547
1.7814
1.8792
2.2149
2.2924
2.1526
1.6357
2.0913
2.1679
2.02
1.7421
2.4643
2.2895
1.975
1.6616
2.0153
1.8826
2.3823
1.7961
2.5987
1.9322
2.0483
1.8864
1.8136
2.0775
1.663
2.5494
2.1259
1.8463
1.7882
1.6523
2.0254
1.7989
2.3755
2.12
1.7971
1.9435
2.0284
2.0725
2.2453
1.8601
2.1655
1.7952
1.9768
1.7968
2.1898
2.0917
2.1808
1.9822
1.9707
1.8176
1.9095
1.7265
2.4152
1.6712
1.9724
2.5678
2.0434
1.9894
2.013
1.694
2.0628
2.0517
2.6597
1.9006
2.217
1.606
1.8029
2.0031
1.7735
2.1316
1.8623
2.0271
2.1502
1.4346
2.2535
1.9086
1.8459
2.2724
1.8915
1.724
2.4331
2.2145
1.703
1.7674
2.3712
1.5541
2.4227
2.2184
1.7622
1.9909
2.0084
2.2448
1.8164
2.1371
1.7443
1.8418
1.8505
2.543
1.6833
1.8744
1.6269
2.417
1.787
1.9603
1.702
1.8796
2.2812
1.9146
1.9004
2.1064
1.9465
2.5556
2.2786
1.6523
2.1164
2.016
1.6061
2.0537
1.8729
2.2752
1.904
2.0532
2.2866
2.2003
1.9379
1.8854
2.1673
2.1617
1.9173
1.9503
1.7654
1.9506
1.7363
2.0297
1.975
2.3086
1.7976
2.3029
2.0053
1.839
2.0686
2.0072
2.2776
1.7348
2.0931
2.1855
1.5802
2.1042
1.9365
2.2835
2.0744
2.3428
1.7381
2.0893
2.1077
1.8749
1.9394
2.0348
1.998
1.877
2.2672
1.9312
1.495
2.465
1.9199
2.1109
1.3236
2.1024
1.8277
1.7419
2.0136
2.4217
1.5387
1.929
1.8282
2.4749
2.0123
2.2154
1.9582
2.1621
2.3129
1.5238
2.2445
1.5686
2.2023
1.6273
2.0002
1.9304
1.9154
1.9804
1.7006
2.293
1.6165
1.9097
1.8208
2.2663
1.8469
1.9292
1.9181
2.0558
1.5664
2.1629
2.0468
2.2375
1.7651
1.9701
1.8417
1.7596
1.8958
2.1012
2.052
1.8279
2.7188
1.5548
2.1703
1.5588
1.7272
2.22
1.7363
2.3676
1.9821
2.2324
2.3082
1.8054
1.7519
2.0089
1.8678
2.2057
1.5743
2.1247
1.71
2.0222
2.2076
2.0697
1.6725
2.2816
1.9128
2.1771
1.9232
2.4335
1.7135
1.9595
2.127
1.7565
2.3275
1.6732
2.2167
1.729
1.9233
1.8538
2.2856
2.0482
2.037
2.0728
1.5157
2.0902
2.4073
1.8688
2.0008
1.8521
1.8083
1.9785
2.1581
1.8663
2.1239
2.2116
1.9997
2.1204
2.0004
1.8657
2.2157
2.0956
1.8856
2.2842
1.8046
1.9167
2.1856
1.9052
1.9845
1.6078
1.9924
1.8279
1.969
1.718
1.9578
1.8709
2.2208
1.981
1.9242
2.007
2.1214
2.5915
1.8783
1.942
2.2798
1.483
1.8884
2.1368
2.0395
1.7462
1.9408
2.3405
1.8478
1.9508
2.1337
2.0327
1.6307
1.8733
1.8577
2.1581
2.0711
1.7096
2.2454
2.8475
1.5981
1.9631
2.1549
2.1146
1.7232
1.9558
1.716
1.8109
2.3914
1.8888
1.9541
1.7178
1.9543
1.9196
2.2031
1.8252
1.7606
1.673
2.164
1.8202
2.4067
2.0634
2.2614
1.2665
2.2345
2.0921
1.7333
1.6807
2.4128
1.8615
1.7933
2.4921
2.0012
1.8088
1.8243
2.1701
2.143
2.0603
2.4705
1.7727
1.6765
2.2042
1.9929
1.7135
2.0677
1.9729
2.0972
1.9804
2.4885
1.6782
2.5205
1.8451
2.1832
1.7419
2.0431
1.961
2.2673
1.5154
2.3229
2.0473
2.0312
1.9909
1.8334
2.2155
1.9868
2.2886
1.885
1.6295
2.3119
2.4587
1.7125
2.1958
1.8506
2.0905
1.751
2.2738
2.2826
1.9053
1.8752
2.029
1.9638
2.088
1.7633
1.9537
1.5577
2.138
2.243
2.1018
1.9199
1.985
1.9964
1.9249
1.6546
2.3224
2.2695
1.8645
2.0549
2.1467
2.0011
2.1739
2.0719
2.4121
2.2768
1.6168
2.1323
1.7709
1.6972
2.2117
1.9193
1.9811
1.9552
1.8907
2.2584
2.04
2.3137
1.5959
2.1748
1.691
2.0759
2.0566
1.8078
1.6381
2.0776
1.7836
2.2514
1.9697
2.0355
1.9455
1.9177
2.5489
1.259
2.2404
1.7766
2.3343
2.3181
2.0978
1.9261
2.0834
2.2715
1.6492
1.9066
1.9746
2.0494
2.1879
1.975
2.0226
2.1018
1.5587
2.3458
2.231
1.8071
2.1645
1.9108
2.1522
2.2928
1.9525
1.7349
2.0587
1.5171
2.3561
1.9275
1.4767
2.0609
2.1809
2.3603
1.7644
1.7658
2.2605
2.0937
1.683
1.9753
1.9144
2.0711
1.8089
2.2507
1.9668
2.0718
2.1379
1.9744
2.2736
1.9921
2.3381
1.8152
2.0958
2.0519
1.9271
2.127
1.9035
1.9901
2.0777
1.8104
2.4079
1.6227
2.0373
2.2635
1.9089
1.7807
2.2584
1.8574
2.2803
1.8466
1.9942
2.159
1.9532
1.9497
2.2604
2.0259
2.203
1.8437
1.8835
1.6525
2.0937
2.6056
2.1432
1.8884
1.8214
1.8197
1.9418
2.0322
2.2205
1.6314
1.8403
2.6453
1.6842
1.9553
1.8179
2.3671
2.2532
1.6528
1.8358
1.9632
2.0344
1.8909
2.0652
2.0027
2.0512
1.8196
2.0936
1.6515
2.89
1.7364
2.0675
1.8293
2.5491
1.4322
2.1684
1.8978
2.1255
2.0335
1.9904
2.0783
2.2581
1.8775
1.8957
1.8313
1.8414
1.9089
1.7711
1.9342
1.9412
1.9657
1.5481
2.006
2.4616
1.8096
1.9969
2.2317
1.8729
1.884
1.9264
1.726
2.0122
1.7185
2.2123
1.8018
2.1271
1.8561
1.9881
1.6641
1.8826
1.9456
2.0173
2.0308
2.1955
2.0444
1.9658
1.9561
2.0236
1.9023
2.1921
1.5448
2.0813
1.8052
1.7661
2.63
1.8854
1.8774
1.6733
2.1283
1.6443
2.2804
1.5421
2.0084
2.1578
1.9815
1.4679
1.883
2.5259
1.7527
2.0977
1.5781
2.321
1.7465
1.7574
1.9209
2.315
1.4609
1.712
2.0882
2.0263
1.8816
1.9343
1.823
1.949
2.0423
1.8519
2.0281
1.72
2.0251
1.9565
2.489
1.9796
2.1164
1.6783
2.1988
1.5361
2.3115
1.7348
2.0865
1.8617
2.0123
1.7112
2.0184
1.8672
2.1436
1.9819
1.7818
2.1462
1.6051
2.0833
1.8039
2.3704
1.9189
1.9913
1.8367
2.2404
1.7332
1.8445
1.9162
2.069
2.3207
1.9094
2.0989
2.0838
1.7802
2.4592
1.9067
1.7335
1.9002
1.8323
2.1026
2.1122
2.0277
1.91
2.3216
1.5331
1.923
2.1011
2.0269
2.0188
1.9751
2.2516
1.788
1.8749
2.3109
2.0496
2.0467
1.6736
1.9309
1.6048
2.091
2.1718
1.7769
1.9126
1.6506
1.7078
2.316
2.1265
1.6707
2.2217
2.0016
1.9604
2.0092
1.9836
2.3146
2.3619
2.1461
1.6877
2.0647
1.8312
2.144
1.7927
2.2912
1.8476
1.8248
1.9753
1.951
2.1121
1.8732
1.8041
1.9491
2.3903
2.1906
2.1917
2.3336
1.775
1.6047
2.6018
2.0123
2.3091
1.5808
2.0318
2.0894
1.8288
1.9613
1.4875
2.4611
2.1124
1.7911
2.3016
1.8731
2.106
1.9654
1.7294
2.1394
2.1564
1.9768
2.0513
1.6767
2.2277
1.7125
2.3887
2.0671
1.5094
1.7739
1.8801
2.3274
1.9611
2.0856
2.1154
2.0651
2.0869
1.7422
2.071
2.1247
1.6049
2.0421
1.7223
2.1756
1.7952
2.6956
1.7444
1.7875
2.1618
2.6384
2.046
1.9285
1.7843
2.0296
2.0583
2.0281
2.0706
1.914
1.6987
1.8319
2.0808
1.9011
1.7065
2.1692
1.8413
1.8006
2.2321
1.5319
2.3703
1.5714
1.8126
2.1754
1.9644
2.0757
1.7035
1.8144
2.3815
1.6183
2.2788
2.351
1.7434
1.9074
1.6456
2.1195
2.1643
1.7608
1.8283
2.2674
1.5099
2.3735
2.038
2.1063
1.7347
1.884
2.2834
1.3694
1.8079
2.2692
1.6702
2.1235
2.1825
2.1923
2.2204
1.9084
2.4896
2.0399
1.6616
1.9569
1.9318
1.9916
2.0546
2.0227
1.6864
1.9383
1.9961
1.9653
2.2711
1.8837
2.1139
2.0766
1.6285
1.9696
2.3694
1.9715
1.775
1.7576
2.1131
1.4763
1.9215
2.0683
2.0239
1.9023
2.0463
2.0941
2.0125
1.9118
2.0411
2.1406
2.1872
1.9047
1.7893
2.1596
2.5277
1.865
2.3399
1.2656
2.1192
2.0615
1.5505
2.1561
2.0405
1.6248
2.0441
1.8384
1.8214
2.3252
1.5852
2.3067
2.1521
1.7544
2.304
2.1181
2.0047
2.2187
2.1753
1.8947
1.9661
2.1076
1.8823
2.0088
1.7945
1.6763
2.0263
1.8941
2.2811
1.8652
1.8668
1.778
1.8808
2.0084
2.2637
2.0998
1.8129
1.7118
2.0475
1.8438
2.301
1.7417
1.8949
2.2897
1.7863
2.185
1.9374
2.2511
1.7447
1.9618
1.7515
2.1138
2.0329
1.6099
2.1145
1.7973
2.0701
2.2905
2.0598
2.1936
1.8306
2.1549
1.7933
2.1621
1.9427
2.2165
2.1456
2.2185
1.933
1.8828
2.0432
2.2132
1.8076
2.1327
2.0272
1.6726
2.1855
1.7966
2.2198
1.8585
2.0901
2.1358
1.874
1.9438
1.8891
1.716
2.0443
1.9714
2.071
1.5702
2.3445
2.0013
2.1829
2.0071
1.8262
1.8692
2.2294
2.0111
2.0201
2.2374
1.8941
2.2374
2.1945
2.1069
2.0265
1.9832
1.7929
2.006
1.8367
1.8293
2.0659
2.152
2.0956
1.8217
1.5506
2.2618
2.061
1.7288
2.0844
2.3304
1.7071
2.0173
2.1025
2.0519
2.0267
1.9972
1.6809
2.2125
2.0038
1.8443
2.5185
1.4827
2.3178
1.876
1.8744
1.9609
1.6017
2.1078
1.8855
1.9564
1.8728
1.7792
2.1666
1.9094
1.9305
1.9494
2.0255
2.0221
1.8535
2.1985
1.8106
2.1107
1.9565
2.3886
2.1069
1.8769
1.4765
2.0109
1.9694
2.1936
1.855
1.9711
2.0317
1.8671
2.1514
1.9899
2.0455
2.0578
2.0544
2.1026
1.7074
2.1317
2.1196
1.729
2.0674
2.2898
2.2259
1.7437
1.9871
1.7794
2.3374
2.0481
2.011
2.0138
1.7396
1.8608
1.7909
1.8839
2.281
1.584
1.9104
2.2489
1.6526
2.1633
1.9727
1.8738
2.2853
1.9879
1.8486
1.7785
2.0716
1.9183
1.6342
1.7683
2.1301
1.6934
1.9653
1.8942
1.7364
2.0666
1.8306
2.0994
1.5966
1.954
2.0669
