2.2392
2.0013
1.8696
1.6215
2.0672
1.8796
1.8216
2.2332
1.9908
1.8269
2.1501
2.4209
1.7536
2.2078
1.6371
2.0309
1.8218
1.8679
2.1898
2.1722
2.3162
1.4426
1.7448
2.241
1.8832
1.9373
1.7134
2.3828
1.8802
2.0597
1.9491
2.1268
1.9512
2.0624
2.2291
1.9197
2.1915
2.2383
1.6135
1.9782
1.611
2.1897
1.9514
2.1288
1.638
2.2212
2.0115
2.007
2.0293
1.2944
2.1836
2.2751
1.502
1.9218
2.3395
2.0557
1.7349
2.094
1.8617
1.808
2.3131
1.7866
2.0541
1.9089
2.0916
1.7046
2.3505
1.8494
2.2598
1.5454
2.054
1.9371
2.124
1.8293
1.5852
2.813
1.8921
1.9283
2.2033
1.5196
1.7781
2.0387
2.0503
2.4305
2.362
1.6332
1.8512
2.0691
1.9813
2.1887
2.6605
1.8851
1.7552
2.3057
2.1237
1.9125
2.0292
1.7102
2.0231
1.867
2.1825
2.0039
2.4656
1.3463
2.1302
1.8714
1.9409
1.7998
1.9324
2.077
1.8188
2.1844
1.7215
2.0112
2.0009
2.0572
1.6881
2.1307
1.7747
2.0796
2.2025
1.8662
1.8126
2.1091
1.998
1.859
2.5461
1.7668
2.425
1.9709
1.7835
2.2143
2.2025
1.9614
1.8714
1.9931
2.3108
1.6412
2.593
1.6914
2.2133
2.1863
1.8595
2.621
1.9416
1.6518
2.5019
1.8694
1.5611
1.9306
2.1609
1.7818
2.2506
2.0899
2.0509
1.8478
2.183
2.0099
2.0814
1.757
2.2431
1.3544
1.9989
1.9882
2.0369
2.1254
2.2669
1.6771
1.5506
2.0417
1.7881
2.1173
2.0568
1.8343
1.8241
2.0224
1.9658
2.0547
2.1841
1.8318
1.8224
2.1002
1.851
2.3609
1.8105
1.9867
1.9015
2.1063
2.3999
1.8547
1.971
1.6657
2.1528
2.0038
1.9683
1.7923
2.1527
1.8522
2.1927
1.6638
1.56
1.9954
2.0674
1.5998
2.472
2.0932
1.5369
1.9979
2.0721
2.061
2.2381
1.8168
2.1682
1.8535
2.0552
2.0749
2.033
1.6222
2.3334
1.8236
2.0372
1.825
1.988
2.0854
1.7267
1.6304
1.9689
2.1034
2.2241
1.8322
2.3973
1.899
2.045
2.3885
1.8755
1.8671
2.0751
1.6867
1.9817
2.1581
1.7303
1.6633
1.6814
2.3369
2.0611
1.8949
1.4754
1.8665
1.7445
1.7759
2.2361
2.1627
1.9483
1.6534
2.2517
2.0299
2.1027
1.8319
1.8642
2.1246
1.997
2.3839
2.1255
1.7206
1.4937
2.0377
2.3002
1.8109
2.0244
2.1257
2.0369
1.9041
1.579
1.9912
2.1814
2.1754
2.1215
1.8635
1.6792
2.3508
2.3604
2.0082
2.0899
1.7297
2.0953
1.9596
1.6844
1.9869
1.8297
2.2502
1.5689
2.3546
1.6779
2.3178
1.932
1.9379
1.9264
1.9044
2.068
1.7764
1.7752
2.3082
1.8175
2.1631
1.8876
1.9385
1.8518
2.2082
1.5025
1.7719
2.0291
1.9411
2.275
2.2257
1.5723
2.0311
1.9948
1.9062
2.2685
2.3532
1.5557
1.8359
1.8879
2.0612
2.0352
1.7781
2.1238
1.9507
2.0806
1.6239
1.8213
2.1065
2.3264
1.7418
1.9112
1.7515
2.3178
1.8604
1.9174
2.4309
1.8504
2.1744
1.9909
1.8385
1.9353
1.7865
2.3887
2.1007
2.3186
1.8485
1.9097
1.7865
1.7911
1.9862
1.9337
2.0354
2.3224
1.8668
2.0641
1.6065
1.7181
2.1781
1.9184
2.0856
2.3533
1.7814
2.0706
1.9916
2.2001
1.6776
2.2126
2.0655
2.2646
1.8283
1.7556
2.2375
1.8666
1.9132
1.8545
1.9795
2.0194
1.9089
2.1389
2.7254
1.4176
1.7702
1.9236
1.7439
2.0855
2.139
1.6489
2.132
2.0972
1.9074
2.2155
1.8214
2.1839
2.0721
2.2354
1.9226
2.0251
1.9619
1.8828
1.7631
2.163
1.9391
1.7132
2.2605
2.1651
2.1084
1.6364
2.0461
2.0083
1.9059
1.8846
2.4264
2.089
1.91
1.9381
1.8846
1.8909
2.3455
1.8894
2.0138
2.164
2.369
1.709
1.9549
1.9397
2.2188
1.9092
2.0639
2.1097
2.0003
2.6934
1.4055
2.092
2.0638
1.5165
2.0689
2.0297
1.7264
2.2436
1.9546
1.7661
1.3654
2.2774
2.5596
1.9796
1.8761
2.196
1.5047
2.4313
2.068
1.8079
1.9993
2.1975
1.5529
1.7827
2.1312
1.9457
2.5153
1.4612
1.5568
2.2248
1.9494
1.6809
1.6863
1.8622
2.0514
2.1953
1.8722
2.2186
2.5313
1.8984
1.4855
2.4295
1.6384
1.9017
2.1407
1.8278
1.7126
1.8796
1.895
1.8933
2.3245
2.0394
1.8296
1.7036
2.0461
1.871
1.6552
1.9077
2.0735
1.9891
1.8741
2.1738
2.2296
1.6794
1.7938
1.9769
1.785
2.0519
2.1045
1.849
2.0505
1.8669
2.0457
2.3725
1.4643
2.4211
1.7045
1.9037
2.1412
2.0578
1.8127
1.9923
1.6867
2.2262
1.9558
2.0062
2.4322
1.7938
2.0391
1.5118
2.1226
1.738
2.1101
1.9804
2.1856
1.6904
2.112
2.1825
1.7243
2.252
1.5247
2.3011
1.6799
2.3417
1.9408
1.8409
2.0611
2.2667
2.2436
2.2802
1.7766
1.9361
1.7579
2.1798
2.1737
2.0165
1.6606
1.9393
1.9123
2.4839
1.9704
1.9893
1.876
1.9302
2.0349
1.7003
1.7015
2.5312
2.0434
1.798
2.2378
2.0248
1.8601
1.7004
1.8447
1.9627
1.966
2.2803
2.1143
2.0624
1.9983
1.8121
2.0367
1.8356
1.9308
1.9826
2.6119
1.9206
1.6344
2.0847
2.0132
1.8622
1.732
1.9418
2.4786
2.0704
1.6126
1.9904
2.0035
2.1002
1.6748
1.6415
2.1428
1.8555
1.9286
1.7879
2.2178
2.0435
1.9022
1.8164
1.7367
2.1119
2.0247
1.8455
1.9635
1.5132
2.4818
2.0527
2.0093
2.0286
2.1827
2.12
1.3881
2.4058
1.9809
2.1517
2.1487
2.0221
1.7227
2.1866
2.2159
1.9378
2.0496
2.1653
2.2968
2.0758
1.9556
1.9089
2.2173
1.8274
1.9855
1.7332
2.1567
2.1287
2.0434
2.1111
1.8629
2.2347
1.7417
2.1097
2.1882
1.7871
2.0919
1.9225
1.9175
2.4024
1.564
2.4723
1.9434
1.8374
2.3539
2.1794
2.0425
2.1423
2.1961
1.9992
1.9198
2.0322
2.3589
2.2232
1.9805
2.0514
2.0355
2.0572
1.9116
2.2154
2.0767
2.2565
2.1429
1.8739
2.06
2.1746
1.6807
2.4413
1.9627
1.9505
2.2003
1.9786
2.02
1.901
2.5594
2.0988
2.0784
1.7119
2.5535
2.2927
1.8699
1.7467
2.0544
1.8086
2.3332
2.1523
1.7825
1.4145
1.9605
2.2374
2.0702
1.5336
1.8355
1.9874
1.936
2.1965
1.8843
2.0796
2.0833
1.9926
1.9307
2.1625
1.8082
1.5307
2.4071
2.3031
2.0557
2.1936
1.9503
1.6964
2.054
1.923
1.9837
1.904
2.0248
2.2085
2.0436
1.6593
2.1423
2.2662
1.6591
2.1032
1.9135
1.9393
2.2665
1.3967
2.3722
1.8306
1.8532
1.4797
2.2011
2.0418
1.8588
1.9481
1.9113
1.9861
2.0141
1.9745
1.8446
2.2062
1.8438
1.7021
2.2833
1.8721
2.0559
2.2689
1.8263
2.1897
1.9052
1.844
1.7106
2.2595
1.9993
1.8675
2.1878
2.097
2.0355
1.8284
1.4811
2.1054
1.971
2.0402
2.1411
2.1303
2.0077
2.094
2.0482
1.6998
2.1324
1.6572
1.967
1.8823
2.2213
2.4906
1.9454
1.9281
1.8954
1.9512
1.7115
1.9023
2.1296
2.1265
1.7304
1.9532
2.0119
2.1376
2.1058
1.2916
1.9679
2.2689
1.8191
2.002
2.1269
2.1192
1.928
2.0076
2.3542
1.9145
2.1727
1.7179
2.0606
1.682
2.0452
1.6083
2.1594
2.0795
1.8937
2.0081
1.9821
1.934
2.1749
1.9588
1.9713
1.9391
2.2247
1.6912
1.8299
2.0131
2.3418
1.8772
2.2859
1.8442
1.5995
1.9094
2.4369
2.0202
1.6853
2.0031
1.8516
1.6015
2.1446
2.0505
1.6024
2.2645
1.831
2.035
1.8978
1.9724
2.0006
1.697
2.5786
1.7204
2.0787
1.9891
1.6258
2.1979
1.8378
1.7241
2.0562
1.9336
2.0197
1.9315
2.4419
1.639
1.9944
1.8219
1.7242
2.0478
1.421
2.6298
1.918
2.1793
1.9052
2.4781
2.0207
1.5537
1.9034
1.9617
2.043
1.9693
2.0818
2.3192
1.825
1.9638
2.2202
2.191
1.9551
2.1138
2.0475
1.8442
1.7182
2.0952
2.5155
1.5989
2.2955
1.9536
1.8843
1.9333
1.7138
2.4001
1.9609
1.8978
1.7731
1.9691
1.7123
2.1445
2.0504
2.1314
2.1384
1.7931
1.7461
2.3324
1.9771
2.2038
2.1342
2.0999
2.0997
1.8756
2.5392
2.2187
1.9977
1.9451
2.3033
2.1429
2.155
2.1505
2.6785
1.7485
1.6196
2.0706
2.0159
2.3716
1.8112
1.6788
1.9681
1.9135
2.0879
2.2384
1.8153
2.0354
1.6774
1.6916
2.6041
2.0726
1.7108
1.8658
2.3065
1.8924
2.0152
2.0316
1.7215
1.7322
2.4912
2.3911
1.8686
1.9528
2.0168
1.7177
1.945
2.3036
1.7006
2.5591
1.9013
2.2889
2.1271
2.0682
1.6608
2.596
1.92
2.0014
2.0828
1.8265
1.9702
2.1944
1.7145
2.1952
1.958
1.7112
2.3265
1.8837
1.901
2.0089
2.0156
2.4093
1.8005
1.9313
1.8565
1.8557
2.0468
1.9222
1.8101
2.3029
1.7122
2.1996
2.3234
1.7827
2.3814
2.2456
1.7932
1.9776
2.4062
1.6932
2.0021
1.9187
1.6696
2.2791
1.5845
1.7139
1.6756
2.1135
2.1001
1.6732
2.0295
1.9214
1.6972
2.0919
2.1414
2.039
2.2062
2.0804
2.1226
2.2341
2.0744
2.2821
1.7155
2.5714
1.6579
1.855
2.1825
1.6923
2.2311
1.7655
2.4482
2.214
1.7567
1.8956
2.3129
1.8043
1.9837
2.0692
1.7619
1.8603
2.0411
1.9177
2.047
2.0564
1.7306
2.0758
2.1148
1.6948
1.7369
2.3887
1.9536
1.7048
1.9397
1.8343
2.2599
2.2751
2.0598
1.7722
2.0361
1.7999
1.8281
2.2456
1.9211
1.9613
1.6652
2.1017
1.9924
1.9596
2.3153
2.199
2.1203
1.7073
2.0441
2.0197
1.9241
1.7272
2.069
1.9927
2.0417
2.1141
1.8634
2.5558
1.8176
1.9554
1.823
1.7189
2.1301
1.9949
1.9903
1.7755
2.4457
1.6056
2.1267
1.8394
1.7804
1.8648
2.3648
1.8268
2.4513
1.8673
1.8134
2.0692
1.6105
2.301
1.9537
1.5491
1.8147
2.4209
1.5157
2.0625
2.1172
2.0589
2.5413
1.7964
2.0774
2.0418
1.4461
2.4315
1.6716
2.1383
2.0575
1.8978
1.9448
1.6309
1.8689
1.9031
2.2577
1.6691
2.1379
2.1889
2.1993
1.6116
2.3543
1.7137
1.8053
2.0013
1.8225
1.6355
1.8077
1.8144
1.953
1.7912
2.1926
1.4918
2.2547
1.6353
2.0289
1.9996
1.6014
1.888
1.8791
2.2984
1.6915
2.0777
2.5421
1.8913
2.2715
1.6381
1.9484
1.7883
2.1676
2.0128
1.8154
1.8659
2.5126
1.6409
1.9624
2.0575
1.8437
1.6408
2.158
2.1426
2.1809
1.7721
1.6998
2.0643
2.0011
1.7018
2.0082
2.1698
2.3031
2.0686
1.9694
1.6355
2.1022
1.8306
2.4245
1.7131
2.169
2.059
2.3583
1.6559
2.1095
1.7198
2.0952
1.7822
1.979
1.9652
2.113
1.6878
1.7815
1.9147
1.9452
1.8554
1.5461
2.1631
1.9803
1.7839
1.9118
1.8608
2.627
1.6059
1.8773
1.6818
2.086
2.0997
1.7079
2.0145
1.8248
1.9754
2.2258
2.3406
1.8528
2.0032
1.7579
1.919
2.1615
2.3287
1.7654
2.4236
1.8678
2.3057
2.0962
1.7355
2.1715
1.7892
1.9492
2.0129
2.062
1.8091
1.7792
2.2715
2.0691
2.1014
1.936
2.0025
2.0121
2.0125
1.661
1.8004
2.2927
1.8985
1.6476
2.1626
2.0146
1.836
2.0463
2.3099
1.9245
1.6943
2.001
1.9967
1.7377
2.1534
2.2801
1.9828
1.6748
2.4422
1.9212
1.8856
2.2606
2.006
2.0368
1.954
2.0122
1.6621
2.0173
1.8072
1.9748
1.944
1.8782
1.7292
1.8306
2.0047
2.2363
1.5542
1.8186
2.244
2.295
1.9245
1.5049
2.2382
2.3401
2.2552
1.8864
2.325
2.2233
1.8487
1.8276
1.7818
2.0032
1.7098
2.2114
1.9308
1.9849
1.8764
1.799
2.2696
1.6466
2.2726
2.5396
1.6886
2.3591
2.4482
1.6986
2.129
2.1134
1.7587
2.021
2.2396
1.8736
2.1645
2.0983
1.7039
2.1453
2.1808
1.8177
1.7658
2.0656
1.7907
2.2127
2.3954
2.6171
1.6977
2.2197
1.9546
1.8735
1.9307
2.1898
1.8572
1.5766
1.98
1.7905
2.0627
2.1145
1.8175
2.2231
1.8931
1.5442
2.5313
2.074
1.9789
1.8728
2.0219
1.9279
1.8593
1.9966
1.6485
2.0536
1.9788
2.3441
2.1657
1.8625
2.2248
1.9845
2.146
1.9838
2.077
1.6668
1.9931
2.0348
2.3911
1.7883
2.0637
1.9237
1.9613
1.9263
2.1273
2.4147
1.3601
2.6646
2.121
1.8519
1.8133
2.1271
2.0433
1.8784
1.7171
1.7469
2.0187
2.1881
1.7407
2.0481
1.9469
1.8796
2.6136
1.6698
2.1829
1.9087
1.5947
1.8017
1.9696
2.1759
2.0616
1.8955
1.9288
2.1213
2.4955
1.6844
2.1592
2.0192
1.9036
1.9624
2.1089
1.9331
1.5264
1.9237
1.6655
2.5353
2.1961
1.5539
1.9377
2.2946
2.261
1.8153
1.9476
2.3336
1.4423
2.0072
1.8524
1.8595
2.0419
1.7686
2.1055
1.9891
2.2693
1.9173
2.1337
1.806
1.39
2.2607
1.8872
2.0472
1.9611
1.9949
1.7019
1.9084
1.9413
2.0056
1.7649
1.9037
1.9577
2.4745
2.1768
1.9109
1.9109
2.2042
2.2173
1.6885
1.7423
2.0838
1.939
1.7415
1.6659
2.052
2.0691
1.6204
1.9522
2.145
2.0726
1.5566
2.4396
2.2712
1.854
2.0738
1.8512
2.189
1.8176
2.3076
1.7904
1.9533
2.0144
1.8067
1.9936
1.7099
2.1053
2.0964
1.8899
2.3885
1.9683
1.7482
2.133
1.6802
2.02
2.0434
2.1732
1.897
1.9792
1.8569
1.9399
1.8547
2.1088
1.8772
1.9159
1.8825
1.7733
2.0912
1.9207
2.2474
2.3051
1.5007
1.9017
2.2861
2.1036
2.1034
2.1288
2.0226
2.0634
1.9741
1.8883
1.8325
2.2799
2.1529
1.5692
2.0726
2.1918
1.7391
1.7784
2.1497
1.682
2.3454
1.9342
1.7075
2.3199
2.2138
1.8516
2.0643
1.8416
2.1084
2.0965
2.3005
2.0469
2.0475
1.9717
2.0811
2.1648
1.805
1.9618
2.1123
1.9544
1.7195
1.8754
2.2003
2.008
2.1202
1.8939
1.9934
1.647
2.1161
2.1551
2.1097
1.6189
2.0452
2.2119
1.7232
2.0859
1.7972
1.6486
2.0758
1.9772
2.0197
2.0921
1.9939
2.1435
1.9485
1.786
2.4724
1.9661
1.8734
2.193
1.8527
2.1975
2.156
2.0242
1.7557
2.1066
1.9782
1.993
1.8178
1.9713
1.9399
2.0985
1.8523
1.806
1.9352
2.2794
1.9318
2.0173
1.683
2.0837
2.1936
2.1629
2.2199
1.9155
1.922
1.6065
1.9942
2.1809
1.6925
1.7192
2.2643
2.0143
1.8664
1.6381
2.3764
1.7601
1.4978
2.1105
1.6089
1.8792
1.6999
1.9413
1.8076
1.7506
1.8881
2.5043
2.0113
1.91
1.9534
1.7994
2.112
1.962
1.9902
1.8164
2.3184
1.6581
2.0102
1.8244
2.3581
1.9799
1.8168
2.122
2.0332
2.1745
2.0844
1.7407
2.4947
1.9926
1.7889
2.031
2.0707
1.7342
2.2796
1.9972
1.8857
2.5227
1.6777
2.1436
1.9943
2.3293
1.9477
2.3194
2.1356
1.8394
1.949
1.849
2.0462
1.8857
1.6647
2.1445
1.634
2.1167
2.0482
2.2185
2.2239
1.789
1.9075
2.1274
1.7674
2.0815
1.765
2.1614
2.0226
2.227
1.9076
1.5628
2.1921
2.166
1.7973
1.6721
2.123
2.4283
1.809
2.0266
1.8483
1.9529
1.8711
2.4246
2.0717
1.8105
1.7387
2.3418
1.7705
2.1657
1.971
1.9943
1.9067
2.0703
1.9169
2.0619
1.9097
1.897
2.2374
1.833
2.1081
2.0551
2.5853
1.5647
2.018
2.1684
1.7956
1.9384
1.8778
2.1049
2.2118
2.0735
1.9709
1.9725
1.8767
2.0058
1.985
1.8623
2.1886
2.0349
1.573
2.1504
1.9821
2.0298
2.2653
1.9506
1.5389
2.1339
1.8717
1.8905
2.2901
2.0111
2.0456
2.3697
1.9497
1.5047
1.7281
2.1302
2.2083
1.8113
1.9172
1.9314
2.1064
2.0036
1.4773
2.0777
1.7737
2.1894
2.0136
1.7754
1.9725
2.3561
1.6825
2.0194
1.7407
1.7652
2.0579
2.0139
2.0632
1.5
1.8496
2.4804
2.1324
1.6566
2.1643
2.1372
2.0503
1.6477
2.0399
2.1457
1.668
2.1999
1.9768
2.0585
1.719
2.4043
1.9914
1.8272
2.0458
1.6347
2.1117
2.2162
1.8304
2.337
2.1312
2.0505
1.8979
1.8164
2.2797
1.8819
1.7634
2.012
2.4094
1.5853
1.619
2.308
2.1682
1.765
2.4279
1.8489
1.9097
1.908
1.7764
2.1252
2.147
1.762
2.0828
2.0873
1.9975
2.0274
2.2111
1.6777
1.9571
1.5076
2.1392
2.2012
1.9597
1.94
1.9229
2.3225
1.8316
2.0927
2.6684
1.6833
1.8083
2.0826
2.142
2.0409
1.9056
2.3283
2.1208
1.7748
1.8
1.8112
1.8674
2.0329
1.8874
2.0844
1.8243
2.1149
1.7184
2.2233
1.7425
2.1534
2.1916
1.7121
2.413
2.0956
1.816
2.1985
2.0375
1.8595
1.9795
1.8526
1.9447
2.4828
1.7771
2.3437
1.9457
1.959
2.1432
1.7985
1.977
1.9906
2.2517
1.8347
2.2083
1.8483
2.0303
2.0761
2.1262
1.6993
1.9544
2.0976
1.9184
2.3302
1.8307
1.9052
2.566
1.8836
2.0025
1.998
1.9654
1.9297
1.8086
1.8286
2.0356
1.9015
1.6765
2.203
2.0796
2.1315
2.104
1.8431
2.0471
2.0638
1.7399
1.7693
2.0357
2.1251
1.7763
2.0583
1.8085
1.6711
2.1862
1.8652
2.0457
1.8404
2.0409
1.775
1.8165
2.3547
1.9906
2.222
1.6255
1.8601
1.6904
1.7711
2.1025
1.6812
1.8127
2.1022
1.5821
2.1573
2.2634
2.0087
2.1516
1.471
2.2813
1.4518
1.7344
2.2185
2.1221
2.1353
1.5801
2.5666
1.8775
1.8571
1.8802
2.172
1.8954
2.0422
2.0369
1.7437
2.0779
2.0422
1.6987
1.8757
2.2927
2.0942
2.0301
1.6108
2.0939
2.0541
1.6335
2.6005
1.4957
2.3233
1.9718
1.7814
2.1519
2.15
2.2001
1.5968
1.9875
2.1764
2.1022
1.7963
2.0975
1.7116
2.026
1.9302
2.313
2.103
2.1491
2.2597
2.2911
1.6191
2.1198
1.9845
1.9092
1.8555
2.303
2.0292
1.8403
2.4424
1.5588
2.1501
2.3941
2.0495
2.0617
2.126
1.9704
2.0536
1.9379
1.9398
2.0715
2.106
1.8842
1.9521
1.9307
2.3582
2.0831
1.8652
2.0654
1.7351
1.9056
1.8822
1.9419
2.1
1.8396
1.7486
2.1111
2.1296
1.7724
2.2291
2.0122
1.6918
2.4425
1.7904
2.2124
2.0935
1.9053
2.1137
1.4541
2.4879
1.8102
1.9858
1.8675
1.966
2.2355
1.9333
1.6453
2.2097
1.7107
2.4603
2.2953
1.7875
1.9784
2.2876
1.6209
2.2466
1.9244
2.1178
2.1636
1.7941
2.163
1.9648
1.6897
2.2586
1.8288
1.7762
1.9946
2.0985
1.9782
1.7909
1.8951
1.9063
1.9812
2.0004
1.8305
2.1494
1.619
1.9569
2.0517
1.727
2.2785
1.8787
2.0709
1.8154
1.9234
1.9746
1.9613
2.1052
2.1525
1.7405
2.7006
1.7458
1.8088
2.04
2.0501
1.8762
2.3705
2.3723
1.9051
1.9951
1.7799
2.0469
2.0531
2.033
2.1804
1.9488
1.9457
2.3329
1.8875
1.8833
1.931
2.0963
1.5995
2.0642
1.9369
1.9587
1.8499
1.8797
1.8263
1.9856
1.9368
1.7292
2.4507
1.6899
2.3319
1.9303
1.8365
2.1791
1.8027
1.8009
1.9982
1.7864
2.0437
2.1277
2.1543
1.8709
1.8303
1.894
2.0557
1.3682
2.0757
2.4841
1.8456
1.8136
1.7319
2.1646
2.0674
2.0601
1.9659
2.0564
1.9847
1.927
1.8672
1.8484
1.977
2.3754
1.9529
2.0914
1.5358
1.7353
1.773
2.2436
1.7873
2.2848
2.1724
1.2827
2.1769
2.0087
2.3142
2.0251
1.7788
2.0907
1.7043
2.3281
1.7793
2.2658
1.7896
1.6982
2.38
2.358
2.1866
2.0202
2.0575
1.9321
2.2914
2.2874
1.7896
2.2256
1.5824
2.2599
1.5124
1.9283
1.8497
2.3157
1.8993
2.3103
1.7742
2.0335
1.8958
1.5686
2.3501
1.9969
2.0648
2.0675
2.1031
1.5828
2.4411
1.4326
2.161
2.0983
2.0293
1.67
2.2464
2.29
2.1142
1.8917
1.8423
2.3672
2.0544
2.2453
1.6448
1.9414
2.034
2.1404
2.0029
1.568
2.0961
1.3636
1.9369
1.9246
2.2261
1.6391
2.0144
1.6729
2.3169
2.6589
1.6812
2.289
2.1547
1.8045
1.5719
2.2765
1.8203
1.8137
1.7451
2.2788
1.7029
2.1949
2.2474
1.7797
1.3894
2.3018
2.1214
1.7251
1.9655
2.0022
1.9427
2.472
1.7325
2.0962
2.0384
2.0823
1.9047
2.3649
1.8869
1.9835
1.8579
2.0809
1.8338
1.9145
1.6794
2.3106
1.8705
1.7371
1.9855
2.0987
2.1913
1.7304
2.1701
1.8323
2.0763
2.4379
1.7448
2.1332
1.8517
2.3027
2.0435
2.1927
1.9411
1.716
2.1496
2.3812
2.2932
1.991
2.1496
1.7066
2.1681
1.8146
1.935
1.7438
2.0461
1.8946
2.1477
1.8865
2.0114
1.8647
2.1679
1.8818
2.0292
1.3934
1.9588
2.1634
2.1235
1.9692
1.831
1.9081
2.2718
2.0411
2.2016
1.8879
1.6375
2.0553
1.6029
1.7384
2.3059
1.5985
2.3314
2.0052
1.949
1.6705
2.0281
1.8626
2.159
2.021
1.7848
1.7268
2.0751
2.0366
1.8135
1.9668
1.8488
2.1418
2.395
1.6099
1.747
2.1522
2.4611
1.9533
1.7248
1.9679
2.0218
2.0348
1.5707
1.9736
2.0489
1.8986
2.4062
2.0692
2.0311
2.0448
2.0059
1.9779
1.9899
2.43
1.8167
1.7203
1.6858
2.006
1.8618
1.9973
2.0719
1.9387
1.9268
1.7701
1.9038
1.9122
2.2616
1.8627
1.8219
2.3726
2.0169
1.5692
2.2378
1.9132
2.204
1.9575
2.0166
1.9375
1.9593
2.1718
2.0445
1.8342
2.0323
2.0908
1.8299
2.0505
1.8818
2.0819
1.596
2.0401
1.9511
2.3322
1.6453
2.0421
2.3984
1.9254
1.8002
2.0727
2.2481
2.3451
1.8573
1.6395
2.2824
1.7169
2.2303
1.781
1.7613
1.8691
1.4695
1.8582
2.1914
1.7227
1.6332
2.1886
2.2885
1.7325
1.921
1.8769
2.1252
1.9554
1.8457
1.9253
2.2462
2.0037
2.0441
2.1072
1.9693
2.0013
2.3127
2.1495
1.9672
1.8335
1.9625
1.8995
1.8421
2.0079
2.2601
1.8635
1.98
1.4761
1.8996
1.9486
2.3283
2.191
2.0771
1.5914
2.0201
1.8071
1.9534
2.2229
1.8387
2.1096
2.1337
1.6198
1.8217
2.3099
1.7078
2.1068
1.6701
2.0149
2.0434
2.1599
1.7464
1.9951
1.8673
2.1922
1.7095
2.1258
2.0244
1.6891
1.8214
2.1992
1.9402
2.0846
1.7395
2.1387
1.943
1.8675
1.9855
2.0171
2.0988
1.7157
1.5921
2.0682
2.5454
1.4265
2.2312
2.2629
1.4399
2.2851
2.0464
1.9422
1.5807
2.0555
1.9073
1.7686
1.9196
2.1786
1.7849
1.7717
2.0526
2.0611
2.2975
2.23
2.3345
1.9223
1.8251
1.7478
2.0215
2.0832
1.7968
1.7344
1.8209
2.3319
1.7989
1.7199
1.8632
1.6824
2.1873
1.9559
1.8697
1.912
1.8261
2.0859
2.0364
1.8981
1.9404
2.16
1.9456
2.2042
1.9816
1.8663
1.928
2.1803
2.3124
1.8491
2.0257
2.0422
1.7309
2.2707
1.7801
1.9871
1.6761
2.2692
1.6618
1.7186
2.167
1.7778
2.2777
1.9713
2.0758
1.7741
2.2782
2.0069
2.1166
1.6797
2.0329
2.3444
1.8415
2.0502
2.3168
1.8345
1.7283
1.9134
1.88
2.3913
1.8076
1.8267
1.8902
2.047
1.7026
2.2325
1.8445
2.006
1.9578
1.7889
2.1194
2.0877
2.1689
2.2423
1.8929
2.3143
1.9148
2.1239
1.9841
1.7377
1.987
1.933
1.8535
2.0076
1.8516
2.129
1.9315
2.1793
1.8332
1.5732
2.3784
2.0274
1.6964
2.1262
1.8612
1.8947
1.8673
2.2211
1.6565
1.8882
2.1244
1.9557
1.9857
1.9392
2.3968
1.9422
2.0639
1.8376
2.2959
1.8463
1.9512
2.1722
1.9178
2.2344
1.8302
2.1133
1.6546
2.3995
1.7009
1.691
1.9018
2.0102
2.413
1.6975
1.8033
2.3032
1.9218
2.2322
2.0505
1.9922
1.8023
2.3227
2.165
1.8174
1.9257
1.5286
2.1602
1.9268
1.8819
2.2679
1.9628
1.7875
2.0657
1.8881
2.3063
1.9371
2.3697
1.6601
2.0779
1.9391
1.923
2.114
2.2884
2.0102
1.8004
2.0261
1.9709
1.933
1.9122
2.1094
2.0417
2.2482
2.0217
1.5863
2.1575
1.7933
1.848
1.864
2.2688
1.6264
2.1413
2.5023
2.0023
1.6648
2.2219
1.7214
2.4789
2.2987
1.7739
1.834
1.9985
1.9255
1.8866
1.9007
2.118
1.9433
1.8161
2.274
1.7314
2.0738
1.9311
1.7531
2.3464
1.8778
2.0711
1.8563
2.1618
1.7901
1.7274
2.0603
1.6954
1.9958
2.0673
1.9623
2.2431
1.9727
1.7319
2.055
2.203
1.9661
1.8283
2.1683
1.8323
1.9222
1.6882
2.3727
1.4902
1.9722
2.317
1.6214
1.7318
2.0909
1.9725
1.676
1.7238
2.0596
1.9914
2.1999
2.1254
1.5629
1.7512
2.0019
1.8507
1.8865
2.126
2.1186
2.0027
1.9363
1.7468
1.9231
1.8652
2.6819
1.9001
1.9062
1.7117
2.1277
1.7593
1.826
2.0792
1.874
2.3756
1.9563
1.463
2.3502
2.4513
1.9182
1.8754
2.3054
2.0049
1.9162
2.0649
1.7934
2.051
1.6697
1.9727
1.7595
2.5124
2.0557
1.9518
2.4756
1.8112
2.1336
1.6853
1.9248
2.4707
2.2765
1.7663
2.2692
2.0267
1.9722
2.17
2.0624
1.9558
2.0594
1.9662
2.2895
1.9199
1.7245
2.3917
1.6843
2.2589
1.9888
1.9675
2.1118
1.7005
1.9749
1.822
2.1449
2.2096
2.0315
1.9469
2.2347
1.674
2.1628
1.9297
1.9606
1.9054
1.605
1.9306
2.3912
1.816
2.3926
1.9601
2.1329
2.1028
1.8169
2.044
2.38
2.1013
2.0163
1.8841
1.9834
2.172
1.3341
2.146
1.9185
1.9484
1.9831
1.7896
1.8856
2.6292
2.2659
1.9214
1.6327
1.9922
2.4603
1.8888
1.8425
2.0001
2.2196
1.8511
2.2322
1.619
2.1788
1.9417
1.8502
2.4306
1.9591
2.2511
2.0882
1.6612
1.947
2.0167
2.2697
1.9963
1.8965
1.9977
1.9767
2.0135
2.2243
1.944
1.8145
2.1172
1.4556
2.2381
2.4643
1.6079
1.7968
2.2855
1.9898
1.8091
2.151
1.8347
2.2034
1.7079
2.0826
2.0853
1.8895
1.8637
1.6715
2.2615
1.8743
2.0463
1.5283
2.1751
1.9628
2.3409
2.0861
1.9067
1.8798
1.9879
2.3456
1.6972
2.0053
2.0025
2.1634
1.78
2.1015
1.8216
2.1305
2.0002
2.0264
1.7703
1.8493
2.2142
1.806
1.8751
2.3729
1.9482
1.9772
1.6786
1.9002
2.3697
2.1222
1.6607
2.1591
2.1466
1.7697
1.6472
2.0929
2.1279
1.9411
1.8903
1.8287
1.947
2.0343
1.9245
2.0285
2.3244
1.9835
1.7586
1.8661
2.0607
2.0042
2.2636
1.9751
1.8828
1.7532
2.1816
1.5657
2.0697
1.9358
2.047
2.1118
1.2617
1.9376
2.032
1.9076
1.8372
2.4405
1.9176
2.2007
1.8354
2.0878
1.887
1.8869
2.0302
1.7702
1.8379
2.1428
2.1983
2.2049
2.0728
2.2384
1.7416
2.2946
2.1639
2.1694
2.0039
1.6924
2.2443
2.0075
2.1832
2.0514
1.8983
2.1441
2.1007
2.0684
1.8384
1.6831
1.9806
2.5545
1.7275
1.7234
2.1939
1.8914
1.9651
1.9626
1.917
2.0548
2.3191
1.9352
2.186
1.8501
1.9153
2.1286
1.6494
1.704
1.9621
2.2801
1.8729
2.1553
1.8865
1.4825
1.666
1.7215
2.1946
2.0965
2.2791
2.0456
1.9706
1.7526
2.0975
1.8393
1.9702
1.8941
1.6531
2.1982
1.762
1.9553
1.8146
1.8617
2.0429
1.9108
2.0769
1.7631
2.1529
2.1794
2.0382
1.9229
2.1526
2.138
1.786
1.9202
1.8794
2.2031
1.7787
2.0513
2.0955
1.8759
1.8874
2.2271
1.8112
2.6237
1.6562
2.3589
1.891
1.9765
1.9349
2.3035
2.0679
2.0577
1.6608
1.7633
2.307
1.6766
2.2634
2.1742
1.5829
1.9643
2.0622
1.8943
2.0559
2.0537
2.1293
2.0098
2.0572
1.5885
2.2402
1.6324
2.1787
1.8149
2.2204
1.8674
2.0801
2.032
1.7407
2.0629
2.2741
1.7713
2.3564
1.9079
2.1912
2.5772
1.6587
2.1732
1.8521
2.1026
2.1598
2.0925
1.7881
2.0855
2.021
2.1781
1.7901
1.9424
2.3847
1.7483
2.2324
1.7464
2.4968
1.966
1.7731
2.1627
2.1611
1.7728
2.0051
1.9441
1.8458
2.3323
1.7946
2.1228
1.6973
2.1404
1.8858
2.2465
1.7733
1.73
2.4241
1.9987
2.4996
1.9569
2.7303
1.8127
2.1282
2.1172
2.1647
1.5918
1.9005
1.6635
2.0162
2.1844
2.1717
2.0009
1.9412
2.0417
1.8089
1.7895
1.7835
1.7849
2.2805
2.2075
1.7826
2.1628
2.204
1.82
2.168
1.7217
1.8505
1.8544
2.2655
1.9824
1.6963
2.067
1.9923
2.0904
1.6789
2.2748
1.9571
1.5739
2.2432
2.0787
1.7724
1.9215
2.1345
2.1425
1.9269
1.7073
2.2937
1.9966
2.1251
2.328
1.8548
1.9349
1.7475
2.1053
1.9382
1.9563
1.9954
2.1257
1.9366
1.6928
1.6563
2.1958
1.6264
1.6796
2.1849
2.0298
2.21
2.2174
2.0125
1.963
1.8707
1.9635
1.8008
2.0344
2.0604
2.2977
2.4597
1.8065
2.2112
2.0544
2.159
2.0404
1.9728
2.2772
2.1897
1.8104
1.7868
2.0241
1.9879
1.8514
1.9099
1.9295
1.909
1.6363
2.1587
1.6911
1.9692
1.9721
1.9632
1.726
2.1363
1.985
2.2628
1.8223
1.9642
1.9833
2.4371
1.9123
1.8825
2.1045
2.2755
1.7534
2.0298
2.3982
1.6947
2.1253
1.6543
2.4469
1.7159
2.0844
2.3704
2.1222
1.9538
2.3694
1.8098
2.1142
1.6838
2.1177
2.1729
2.1848
2.0728
2.193
1.9082
1.9028
1.7631
2.0399
2.3868
1.7237
1.5439
1.9841
1.9537
2.0043
1.9931
2.3214
1.9097
2.1366
2.267
1.8089
2.1331
1.6743
1.7595
2.1163
2.0315
1.8468
1.6446
2.0482
2.1807
1.714
1.8359
1.5411
1.8495
1.9955
2.2761
1.9364
1.9573
1.7485
1.8814
1.8976
1.892
2.2731
2.3208
2.2405
1.8902
2.1445
1.832
2.1269
2.4923
2.1551
2.0437
1.8831
1.7244
2.3036
1.8698
1.8821
2.0664
1.6497
1.9636
1.8612
2.1586
1.8154
2.2866
1.8862
2.012
1.8586
2.5479
1.9969
1.7763
1.7256
2.0417
1.9369
1.9894
1.8772
2.2949
1.76
2.1038
2.4716
1.6243
1.9716
2.4928
2.1405
2.1033
1.8184
1.549
2.0934
2.2844
2.2777
1.9916
1.8308
1.9898
2.5308
1.7219
2.2358
2.0142
1.9714
2.0455
2.2137
1.7891
1.8433
2.196
2.1715
2.2398
1.5144
1.8014
2.7052
1.5549
1.5973
2.0224
2.2628
1.4122
2.3401
1.9408
1.9439
1.987
1.9439
2.2995
1.9197
2.0389
1.6597
1.9388
1.9121
1.9105
2.054
1.6125
2.3983
1.9812
1.6567
1.8029
2.1486
2.1637
1.7828
2.103
1.7692
1.9132
2.1294
2.0848
2.1254
2.0219
2.0196
1.7065
2.3232
1.9905
1.9857
1.7877
1.9642
1.9815
1.9089
1.7005
2.0215
1.9974
2.0166
1.8179
1.9017
1.8629
2.2457
1.7727
1.9682
2.1096
1.6981
2.5508
1.802
2.0148
2.1726
1.936
2.0502
1.9782
1.9629
1.7205
2.4068
1.8662
2.2058
1.6719
1.7761
2.289
1.8367
2.2642
1.7555
1.6931
2.3424
1.9731
2.0056
1.9092
2.1908
1.8365
1.9279
1.5755
1.8786
1.7833
2.3879
2.0532
2.2973
1.9841
1.8733
1.7907
2.1195
1.9499
1.9213
2.0482
1.9532
2.1029
1.9839
1.9012
1.6225
2.1903
1.4562
2.2133
2.0464
1.8732
1.7087
1.8924
2.2399
2.0237
1.9233
1.8306
1.8116
2.1233
1.928
2.0659
2.0386
2.0107
1.9963
1.98
2.1221
1.821
1.5863
2.1557
1.8088
1.9731
1.954
1.9819
1.8247
2.2507
1.8424
2.3032
1.7606
2.1222
1.7798
1.7762
2.4909
2.2679
1.724
2.0096
1.6598
2.3062
1.9075
1.6683
2.0664
1.838
1.9811
1.7666
1.8068
2.2707
2.2601
1.7696
2.1152
2.5589
1.9557
1.5587
2.0377
1.9193
2.0399
1.9212
1.6421
2.1171
1.8532
1.9039
1.6443
2.2693
2.0821
2.2168
1.6452
1.4786
1.9971
2.3407
1.4478
2.1362
2.4299
1.9896
2.0018
1.635
2.1784
1.8429
1.842
2.1423
1.8378
2.364
2.0848
1.9481
1.9299
1.9041
1.8705
1.8225
2.0292
1.7839
2.1173
2.1859
1.9888
1.6703
1.8068
2.0973
2.2707
1.57
1.8227
1.9451
1.8385
2.2519
1.9739
1.8757
2.027
1.6929
1.813
1.9134
1.9358
1.8598
2.0973
1.8518
2.4213
1.6284
1.9921
2.1104
1.8952
2.1833
1.6711
1.9602
2.0628
1.6615
2.0748
1.9992
1.6862
2.0601
2.0741
1.4982
1.6417
2.4697
1.6639
1.6859
2.1045
2.1091
1.5776
2.3162
2.0097
1.7198
2.2653
1.6509
1.9407
2.1936
2.0122
1.8674
2.1288
2.1627
1.4762
2.0291
1.7934
1.8115
2.059
2.3577
1.9156
2.0839
1.6945
1.8309
2.004
1.588
2.0092
2.0474
1.5515
2.0435
2.0023
1.7909
1.6591
2.3447
2.2205
1.5397
2.185
2.0137
2.0502
1.7949
2.3591
1.9015
2.0441
1.6762
1.7956
1.8742
2.2364
1.9083
2.0185
2.2099
1.9283
2.1435
1.8769
1.73
2.0699
1.8764
2.0657
2.1033
2.1902
1.7125
1.9545
2.3326
1.8496
2.1487
2.159
1.7145
2.1399
1.913
1.9676
1.8001
2.0014
2.0234
1.9123
2.0721
1.9799
1.4176
2.4406
1.3076
2.2974
1.6442
2.021
1.7247
1.9819
2.0515
2.4208
2.5225
1.7863
2.0242
1.8822
1.9958
2.0617
1.4272
2.2572
1.793
1.8506
1.7229
2.1443
1.9774
2.0234
1.8046
2.017
1.8329
1.9868
1.9503
1.8317
2.4062
1.8105
2.3909
1.8816
1.6594
1.7024
2.3158
1.7185
2.002
2.1895
1.9138
1.8355
2.1562
1.9894
1.9702
1.7022
1.6819
2.5677
1.8052
1.905
2.1882
1.726
1.7506
2.0355
1.7613
1.7711
1.6142
1.9347
2.1918
1.9143
2.4259
2.1893
2.1828
1.6648
2.153
2.1429
2.0063
1.9525
2.2953
1.788
1.9929
2.3215
1.8432
1.5845
2.1604
1.7102
2.0071
1.932
1.936
1.9971
2.4
1.9958
2.2011
2.1811
2.1375
1.7442
1.968
2.0687
1.6748
1.6808
2.0614
1.9578
1.7795
1.8495
1.903
1.9349
2.073
2.369
2.1615
1.9582
1.8028
1.6119
2.1023
2.2905
2.0072
2.1224
2.3318
1.867
1.8867
1.7932
2.1628
2.3836
2.0004
2.3168
1.4052
2.2937
2.2234
1.6786
2.1439
1.5374
2.1276
2.349
1.7609
2.3555
1.7543
1.9794
2.0887
1.919
1.9972
1.7885
2.3281
1.6767
2.0302
1.6971
1.7677
2.3327
1.9249
2.0923
1.8065
1.846
2.1149
1.57
2.3065
1.8098
1.9402
2.0613
1.8225
2.1479
2.1196
1.7783
1.7373
2.3633
1.9439
2.0565
1.6318
2.3528
1.6017
2.0045
1.958
1.9016
2.1086
2.066
2.2042
1.8604
2.1404
1.8171
2.1111
1.8883
2.2335
2.2135
2.2564
1.9539
1.7761
2.1729
1.5527
2.4482
1.5596
2.2386
1.9935
2.3287
1.6862
1.798
1.9371
1.7288
1.9098
2.0076
1.8238
1.8226
1.6519
1.5702
1.997
1.8918
2.4502
2.1492
1.8124
1.9943
1.8819
1.6598
2.2659
2.3415
2.3199
1.5139
2.0003
1.8176
2.2249
2.4379
2.2707
2.0571
2.4165
1.8789
1.6525
2.3186
2.1029
1.8028
2.0853
2.5793
1.7376
1.7235
2.1049
2.4135
1.9057
1.756
2.2637
1.8983
2.0183
1.7379
1.8635
2.3393
1.765
1.9866
2.6177
1.7931
2.1894
1.8051
1.8922
2.19
1.9809
2.0981
2.2373
2.5689
1.5121
2.3143
2.3064
1.8744
2.0596
1.8954
2.0247
2.2161
1.7807
2.3391
2.0216
1.7628
1.4188
2.1099
1.9222
1.8753
2.1468
2.3792
2.0233
1.5919
2.1798
2.1173
2.1346
2.0419
1.9782
1.84
2.1453
2.0156
1.9424
1.9823
1.8491
2.2972
2.0731
1.4144
2.2353
2.0422
1.9657
2.1837
1.6112
1.9872
2.0204
2.1324
1.7135
1.7112
1.7832
2.2761
1.8367
1.8846
2.3253
1.6909
2.4796
1.5148
2.4412
1.7949
1.6576
1.8863
2.0752
1.8136
1.8042
2.3317
2.0415
2.1354
1.8376
2.1216
2.1995
2.2095
1.757
1.9143
1.7882
2.416
2.1455
2.0901
1.8381
1.7023
1.9147
1.7393
1.771
2.1497
2.1407
1.8958
1.9464
1.6903
1.7933
2.2654
2.0983
2.0318
2.0088
1.7295
1.7334
1.8552
2.5486
1.3885
2.0564
2.1782
1.9901
2.4326
1.7183
2.0983
2.2545
1.5537
2.344
1.8627
1.5669
2.0098
1.4804
2.4124
1.7505
1.7587
2.2271
1.7829
1.8932
2.1724
1.9482
1.657
1.8866
1.838
2.6386
1.6128
1.5616
1.9757
2.2093
1.9674
2.0095
1.6304
1.9399
2.0637
1.6281
2.1482
2.0359
1.8566
1.7336
1.9388
1.6722
2.2448
2.2435
2.0003
2.187
2.1297
1.9375
1.6222
2.5111
1.9889
1.9183
2.0178
1.6829
1.7809
1.913
2.1729
2.1431
2.2332
1.9521
2.2325
1.8734
2.1175
2.2982
1.7419
2.053
1.7155
1.9047
1.7357
2.0098
2.1763
1.8878
2.1412
2.0959
1.709
1.7977
2.1339
2.3418
1.8033
2.1633
1.7938
2.0579
2.2054
1.7177
2.1729
1.9734
2.0466
1.9321
1.957
1.6733
2.4109
2.0605
2.0711
1.8783
2.0247
1.742
2.521
1.7317
2.1958
1.5322
2.6166
1.6399
1.7602
2.2722
1.9726
2.1652
2.5874
1.7818
2.0064
2.0296
2.0843
1.6978
2.0169
2.2036
2.2832
1.5569
2.5156
2.1282
1.9029
2.0637
2.0808
1.7465
1.7333
2.015
1.9543
1.9928
2.333
1.4948
2.0199
1.9835
2.1419
1.7728
2.6005
1.5384
2.5803
1.6922
2.2975
1.7663
1.9806
1.8318
2.1995
1.9084
1.7796
1.9131
1.9385
1.7238
2.3311
1.9975
2.0472
2.1856
1.7864
1.5281
2.5595
1.6304
2.0058
2.1461
1.9574
1.7901
2.1356
2.1497
2.0052
1.952
1.8775
1.8458
1.9333
1.8232
1.5834
2.1945
2.0813
2.1748
1.8694
1.9982
1.9399
1.7781
2.597
1.4156
2.0779
1.8185
1.6364
2.2677
1.7813
1.9972
1.9335
2.1902
1.822
1.9468
1.8747
1.9745
1.9588
2.0452
2.1144
1.7656
2.2287
2.007
2.1853
1.6662
1.7995
1.8639
2.1727
2.2962
1.7631
2.1956
1.5892
2.2494
1.7022
1.8903
2.3061
1.9371
2.0472
1.6557
2.1156
2.2485
1.9
1.9771
1.8795
1.7274
1.9308
1.8606
1.8117
2.0212
2.4673
1.5453
2.2584
1.8436
2.3297
2.3152
1.6606
2.2487
2.1191
1.9817
1.6635
2.1434
2.2246
1.6454
2.1467
2.1432
1.7751
2.1733
1.8137
1.985
1.8293
1.8654
2.132
1.8143
2.3464
1.9086
2.106
1.7494
2.07
1.8838
2.0178
1.6589
1.9028
2.3333
1.7505
1.9327
1.9509
1.8686
2.1519
2.1823
1.9557
1.6578
2.5221
1.6079
2.0009
2.3553
1.5975
1.8438
2.0692
1.7217
2.2854
2.0335
1.8207
1.8816
2.3364
2.0597
2.0256
2.0835
1.8141
1.6808
2.133
1.8426
2.236
1.9069
1.8763
1.7316
2.2521
1.9721
1.8566
2.0163
1.7201
1.6715
2.4364
2.0758
1.8809
2.0998
1.9837
1.6587
2.1767
1.941
2.1322
1.5592
1.6626
2.3228
1.7881
1.9849
1.9361
1.4158
2.478
1.7421
2.0179
2.2227
1.9162
1.7131
1.7486
1.944
2.1836
2.0708
1.931
1.8103
1.6572
2.1493
2.0328
2.0132
2.1631
1.6935
1.7222
2.1119
1.791
1.8075
1.8424
2.3359
1.5193
1.9987
1.9437
1.828
2.1031
2.1622
1.9652
1.8772
2.3854
1.6865
2.0162
1.8272
1.9418
1.8292
2.0204
1.9232
2.0087
1.7942
1.8837
2.1513
2.0254
1.8091
2.0747
1.8452
1.9693
1.7827
2.1558
1.9261
1.6373
2.1926
1.8366
2.0579
1.9142
1.9731
1.8393
1.6196
1.9641
2.0822
2.2184
2.1861
1.7767
2.0404
2.2823
2.1904
1.9691
1.8602
2.0201
2.0958
2.0845
1.9583
1.8288
1.9963
2.3258
2.1001
1.7446
1.9848
1.9425
2.0014
2.2101
2.0876
1.5863
2.3403
2.3008
1.7366
2.0136
1.8795
1.5332
1.8247
1.8103
2.0629
2.005
1.9566
2.18
1.9354
2.027
1.7388
1.8901
2.0283
1.9129
1.8374
2.1754
2.1618
2.2322
1.5029
1.9359
2.1251
1.802
2.2997
1.8489
1.8399
2.3768
2.2005
1.4881
1.9674
1.9447
1.9074
1.8351
1.8398
2.3298
2.0972
2.0352
2.2182
1.8853
2.4363
1.3985
2.1046
1.7471
2.2084
2.2018
1.6275
1.8612
2.4976
2.0526
2.4151
2.1461
1.9014
1.9361
1.6363
2.3722
2.1094
2.0529
2.0352
1.8371
1.889
2.1491
1.8876
2.1355
2.2136
1.799
1.9346
2.2643
1.9846
2.0259
1.6857
2.2163
2.0126
2.0093
2.1819
1.4255
2.4507
1.9207
2.4532
1.626
2.3333
2.0757
1.8205
1.6406
1.9749
2.3671
1.8453
1.6966
1.9173
2.1139
1.893
1.9874
1.9787
2.0079
1.9443
2.2817
1.7563
2.1309
1.7551
2.2436
1.8945
1.5952
2.3027
2.4436
1.8733
1.976
2.1136
1.8513
1.9892
2.0015
2.0327
2.2204
2.1539
1.5559
2.3225
1.9434
1.5274
1.812
2.2818
2.0097
1.799
2.3632
1.9549
1.7512
2.1323
2.1959
2.0643
2.1234
1.7363
2.2827
2.0825
1.8662
1.8931
2.2616
1.9327
1.7745
1.8762
2.0832
2.3646
2.0568
1.522
2.0487
2.1259
2.0784
1.9568
2.0651
1.5548
1.8354
2.4616
1.7119
2.2084
1.7442
2.2773
1.7094
2.0191
2.0162
2.4709
1.981
1.6903
1.9436
1.9445
1.9538
1.8695
2.1009
2.2912
1.6955
2.039
2.0582
1.7465
2.0752
1.955
1.8335
2.3727
2.0146
1.6984
1.7374
1.9325
2.291
1.8385
2.0901
1.5449
1.8446
1.9663
2.1787
1.9889
1.7825
2.2651
1.828
1.77
2.1301
2.2657
1.3614
2.322
2.0171
2.0595
1.9108
1.9471
1.818
2.4015
1.7865
2.1226
1.9894
2.0611
1.991
2.0459
2.162
1.4947
1.8905
2.386
1.5099
2.0997
1.8358
2.3237
1.9307
2.4143
1.8243
1.5604
2.3336
1.8321
1.8001
2.0918
1.6524
2.2195
1.7944
2.1842
1.7955
2.3478
1.6161
2.4559
1.9905
2.0867
1.8974
1.9742
2.3548
1.8618
1.8824
2.2824
1.9443
1.855
2.0865
2.3372
1.7196
1.8758
1.9216
1.6105
2.2177
2.0328
1.8691
2.0033
1.7095
1.9393
2.6048
1.5234
2.0646
1.9514
1.9243
1.8884
2.0296
2.0922
2.4452
2.1166
2.2515
1.4745
2.6973
1.564
1.6514
1.8061
2.3666
1.6991
1.8315
2.2835
1.646
2.1947
1.8522
1.8992
2.0482
2.2339
1.4043
1.7669
2.3828
1.7371
2.3079
1.803
2.3362
2.3653
1.5636
2.0336
1.5122
1.8633
2.7162
2.0941
1.9358
1.8812
2.496
2.179
1.4277
2.4044
2.1938
1.4774
1.9627
1.5764
2.0631
2.1876
1.7593
1.8206
2.2016
1.6332
1.7508
1.7517
2.3006
1.5809
2.2274
2.3135
1.7506
2.1071
1.6175
2.4537
1.5296
2.1444
1.8435
1.9207
1.9184
2.0316
1.8571
1.9079
1.7479
1.6343
2.295
1.8869
1.8013
2.1442
2.0607
1.9507
1.8551
2.2513
1.8294
2.275
1.9145
1.7458
2.3644
2.0137
2.086
1.5499
2.0683
2.0378
2.0437
1.627
1.9585
2.8403
1.5076
2.3996
1.8809
2.1833
1.6923
1.8156
2.0944
1.9035
1.6959
2.1935
1.8449
2.1418
2.1572
1.8969
2.7006
1.5747
2.1923
2.0006
2.2343
2.1405
1.6325
2.2032
2.1222
2.2421
2.0976
2.2692
1.9087
1.7173
2.1625
1.9008
2.3636
1.7827
2.1916
2.0536
1.6878
2.2499
1.9282
2.0758
2.1941
2.0732
1.8864
2.0099
1.9772
1.8006
2.1202
1.5931
1.8232
2.0204
1.9111
2.0045
1.9142
1.947
2.0872
1.8197
2.2467
2.0841
1.8077
2.0028
1.7828
2.1274
2.0012
1.8375
2.1509
1.9273
2.4436
1.8891
1.9188
2.1843
1.9594
2.1275
2.1674
2.2328
2.0782
2.0984
1.7223
2.1096
1.5413
1.8959
2.1892
1.7905
2.0177
2.0644
2.0464
1.6682
2.2413
2.1535
1.8081
2.3472
1.5272
2.4856
2.0098
2.0557
1.833
1.9204
1.616
2.0954
1.7761
2.2372
1.9271
2.0987
2.0622
1.4985
2.1687
1.6188
1.7948
1.7025
2.2198
1.862
2.045
1.9389
1.9367
2.0903
1.8409
2.1471
1.9278
1.8283
1.9042
2.1574
1.9447
2.0557
2.3217
2.0308
2.1147
2.0426
1.4828
2.5879
1.8508
2.1639
2.0237
1.9891
1.9612
2.0306
2.0274
1.934
2.0284
2.4179
2.1158
1.799
1.8792
1.9621
1.9303
1.9101
1.9433
2.2332
1.9629
1.6607
2.0689
2.1318
1.8026
1.8692
2.0452
1.897
1.9314
1.834
1.7111
2.2588
1.5919
2.0676
2.1949
1.904
1.8085
2.0617
1.8637
1.9841
2.1492
2.1093
2.2604
1.8736
1.6631
2.1489
2.1204
1.4888
1.9216
2.1506
1.6472
1.9498
1.8883
1.7878
1.6193
2.1086
1.939
1.4622
2.3171
2.0661
1.9211
1.7776
2.2786
2.1554
2.0953
1.6946
1.9634
1.9546
2.0831
1.6413
1.7882
1.7753
2.0975
1.8444
2.1872
1.7704
1.7322
2.2376
2.0423
1.7854
1.7284
2.5304
1.5677
2.2332
1.6195
2.5621
1.6877
2.453
1.7164
1.7006
1.7944
2.0704
1.9953
1.8514
2.267
2.1771
2.0065
1.9849
1.9021
2.0681
2.0976
1.8827
1.6768
1.5438
1.9291
2.0227
1.8162
1.6811
2.0525
2.313
1.9588
2.4909
1.5697
2.406
1.9275
1.8502
2.2641
1.8952
2.4027
1.9279
1.8388
1.7913
1.9428
1.9557
2.0122
1.9522
2.0858
1.9559
1.6778
1.7822
1.8175
2.099
2.252
2.4441
1.5159
2.634
2.3179
1.9314
2.1449
1.8835
1.6554
2.0503
1.8997
1.8642
2.0538
1.8942
2.0225
1.9319
2.1082
2.2272
1.7568
2.1761
1.5568
2.1865
2.0337
1.7402
2.0562
2.1611
2.3504
1.5993
2.208
1.7615
2.124
2.1144
1.8972
1.7844
2.0162
1.9067
2.1088
1.8533
1.8332
2.0586
2.1618
2.0544
2.29
2.2232
1.9621
1.5163
2.1537
1.859
1.6105
2.2358
1.814
1.9563
1.8887
2.1267
1.8245
2.3032
1.8322
1.718
2.2646
1.9771
1.667
2.1659
2.1463
1.556
2.1184
2.1621
2.1936
1.5832
1.8414
1.9638
1.7548
1.8286
1.8787
2.585
1.9386
1.6313
2.0059
2.0871
1.9915
1.8844
1.8192
2.1192
1.9584
2.1289
1.7659
1.9799
1.9599
1.7065
2.6875
1.7579
1.954
1.7591
2.5709
2.0254
1.7955
1.9144
2.0955
1.7352
1.8932
2.1161
1.8261
1.9528
2.2985
1.8003
1.5778
2.1821
1.7569
1.8482
1.974
2.456
2.3071
1.9454
1.8257
1.7377
2.0481
1.8151
2.1575
1.9403
1.8541
2.1044
1.8702
2.0709
2.1184
2.0743
2.0301
2.0283
2.0933
2.3474
1.6376
1.9117
2.1939
2.1763
1.8878
1.9706
2.1574
1.92
2.2006
1.9995
2.023
2.3209
1.889
2.0343
2.0379
2.3245
1.8288
1.815
2.0805
1.5395
2.1066
1.7747
2.0358
1.9099
1.9358
1.9258
2.134
2.0978
1.8357
1.8586
2.0568
1.931
1.9872
1.7969
1.825
2.2646
1.4959
2.3539
2.0121
1.6969
2.2147
1.9133
1.7507
1.9986
2.1057
2.117
1.9078
2.2004
1.8555
1.9423
1.9514
2.3293
1.8661
1.8
1.963
2.5463
1.8229
2.0804
2.0989
2.138
1.6109
1.8188
2.0259
2.1934
1.8505
2.0396
2.1579
1.8483
2.0327
1.8074
1.8367
1.9065
2.9722
1.7928
1.6185
2.3872
2.2084
1.8227
1.6999
1.9051
1.6569
2.2427
1.9423
2.0661
1.9352
1.9438
2.0469
2.3664
1.8235
1.9573
1.9086
2.1461
2.2118
2.0068
1.9477
1.8743
2.1206
2.133
1.7879
2.127
1.9247
1.5301
2.0489
1.9054
2.0934
1.8729
2.022
1.9879
2.2438
2.1932
1.6242
1.7498
2.3808
1.8866
2.1029
1.6996
1.6346
2.3
1.4578
2.2439
1.7347
2.0089
1.9335
2.0172
2.523
2.0314
2.0677
1.7985
2.1621
2.1166
1.6884
2.5925
1.7682
1.9178
1.932
2.1519
2.0699
2.0444
1.7467
1.8748
1.8264
2.0497
2.0872
2.2751
1.8081
1.5732
2.0248
2.0082
2.0265
2.2214
1.9958
2.0205
2.2813
1.8865
1.8113
1.9069
2.1611
2.2362
2.1178
1.8242
2.3203
1.5366
2.16
1.6202
2.5069
1.3216
2.2658
2.0272
1.654
2.0712
2.3014
1.7306
2.1356
1.803
2.1526
2.0103
1.8777
2.1797
1.9628
2.0284
2.0978
2.0061
1.8707
2.0018
1.997
1.821
2.0931
1.4003
2.3238
1.6537
2.063
1.4818
2.0497
1.8107
2.0757
1.9718
1.8083
2.0352
2.0372
1.8505
1.7944
1.8311
2.0502
2.0409
1.9571
1.8381
1.9266
1.8087
1.8927
2.0849
2.2204
2.0468
1.8461
1.7198
2.382
1.8256
1.8848
2.0681
2.0006
2.0153
2.2144
2.0379
1.8268
2.2633
2.0347
1.8159
1.8975
2.4593
1.7329
1.7128
2.2119
2.2366
1.8413
1.8721
1.9716
2.1924
1.7274
2.0784
1.6792
1.8772
2.142
2.17
1.9449
1.8857
2.2354
1.5256
2.3474
1.7032
2.3074
1.8027
1.7762
1.951
1.6876
1.9134
1.9671
2.214
1.5055
2.1422
2.0019
2.1898
1.6452
2.3807
1.6665
2.0212
1.9789
1.5001
2.1921
1.7106
2.4086
2.308
2.0961
1.6313
2.2051
2.0457
2.24
1.7942
1.709
2.5084
2.1329
1.585
2.1639
1.6973
2.0343
2.0324
2.032
1.9256
1.5708
1.9823
2.1327
1.8824
2.1966
2.1089
2.3736
2.0835
1.8538
1.6674
1.9118
2.1326
1.7905
2.0131
2.0258
1.6478
2.6028
1.7879
1.7725
1.7676
1.7471
2.0122
1.8618
1.8233
2.2534
2.2673
2.067
2.5821
1.6935
1.5679
2.2121
1.8382
1.9289
1.8265
2.3364
2.211
1.8092
1.6423
2.3248
2.1931
2.1229
1.8609
1.7222
1.9295
2.3445
1.612
2.0843
1.8807
2.1788
1.7062
1.9843
2.0439
1.9608
1.8637
2.1039
2.1063
1.9144
2.2146
1.8165
2.0148
2.5988
1.6282
1.726
2.3037
1.7022
2.2656
1.8183
1.9932
2.0824
2.0592
2.3258
1.7021
2.1787
2.0366
2.3262
2.245
2.0467
1.8092
1.981
1.8039
2.1162
2.1937
2.0042
2.3033
1.7654
2.3629
1.7245
2.3978
1.4029
1.8688
2.3107
1.76
1.5046
2.0109
2.2113
1.9319
2.0896
1.9966
1.7893
1.957
1.9487
1.9651
1.9024
1.9696
2.2743
1.8589
2.12
1.8362
2.12
2.5434
2.0336
1.8478
1.9134
1.724
1.8797
2.368
2.0294
1.7062
2.1034
1.6179
2.2877
1.7112
1.5055
2.022
1.8181
1.9101
2.1128
1.8819
1.6358
2.266
1.8556
2.2377
1.7408
2.2632
1.62
1.9803
1.9617
2.3421
1.875
1.82
1.4369
2.6186
1.8471
2.0091
2.1973
1.6879
1.9121
2.084
1.9854
1.7661
2.307
1.6473
1.7708
2.499
1.9482
1.9925
2.0596
2.104
1.5997
2.2488
2.2057
1.8513
1.9238
1.9322
2.0299
2.1842
2.1905
1.7038
1.7702
2.3234
2.0465
2.0568
1.9985
2.5452
1.8105
1.9056
1.9326
2.081
1.9107
1.9398
1.8783
2.0857
2.5031
1.9899
1.729
2.3322
1.6597
2.3647
1.8094
2.5894
1.9498
2.0975
1.6449
1.8444
1.8736
2.404
2.0591
1.5813
2.0185
1.999
2.2317
1.9871
2.1986
1.8123
2.177
1.7984
1.9001
2.2211
1.9593
2.0892
1.7169
2.0402
2.1389
2.1044
2.1664
1.5914
2.2616
1.7797
2.4726
1.6692
2.2108
2.3244
1.9518
1.6807
2.1113
2.1462
2.0371
1.4823
1.9314
2.4402
1.9444
1.9587
1.7196
2.3231
1.985
1.8337
2.1105
2.2666
1.7134
2.2378
1.7342
1.8416
2.0028
1.7404
1.9417
1.8144
2.0072
1.9768
1.8271
2.1252
1.9352
1.7493
2.2221
1.9932
2.4338
1.5543
2.1647
1.8988
2.3867
1.9909
2.0222
1.9622
1.9952
1.8235
2.1196
2.1063
2.0916
1.7936
2.0193
2.0588
1.8738
2.0666
2.142
2.2884
1.7512
1.838
1.6863
1.9874
2.1433
2.0216
2.3155
1.9816
2.0133
2.3944
1.9133
2.3149
1.8767
1.7216
1.9035
2.1056
1.7697
2.2802
2.1146
2.1447
2.0543
1.9719
1.5253
1.6899
1.8675
2.0984
1.8262
1.778
2.3367
2.0577
2.1462
1.7326
1.9098
2.203
1.8576
2.1748
2.0559
2.0166
2.3831
1.7175
1.5752
2.3769
2.1777
2.1706
2.1748
1.9312
1.9131
1.4042
2.0621
2.1061
2.0898
1.953
2.1289
1.6467
2.595
1.7945
2.1219
1.8485
2.0357
2.5677
1.9687
1.9551
2.0403
2.1824
1.7946
2.0708
1.9474
1.9971
2.2583
2.084
1.8085
1.7222
2.3072
1.957
1.8133
1.8903
1.9557
1.9478
1.8066
2.1278
2.2316
1.678
1.8135
2.0344
1.8829
2.1907
2.0504
1.9549
1.9183
2.0103
1.8769
1.8906
1.7055
2.3171
2.4553
1.5166
2.0298
2.2317
2.2743
2.1263
1.9305
2.1968
1.9515
2.0387
2.0219
1.4759
2.309
1.9355
2.6078
1.9853
1.5638
2.0989
1.9276
1.9109
1.7698
1.9761
2.2568
2.0349
1.9139
1.7629
2.0374
1.9156
2.0671
1.7693
1.9101
2.1682
2.4025
2.0322
1.883
1.7187
1.7016
2.1975
1.8612
1.9051
1.733
1.6584
2.2439
1.9945
1.8294
2.0431
1.9982
1.713
2.1581
1.7805
2.1102
2.0348
2.0738
1.8412
1.9459
2.01
1.9661
2.1709
1.6793
1.7343
1.9941
1.5519
3.1286
1.8725
1.9007
1.8711
1.7428
1.5651
2.2711
1.7243
2.2574
1.6177
2.0684
1.8666
1.8072
2.2333
2.102
1.8515
2.0402
2.6789
1.6926
2.3245
2.168
1.5445
2.112
2.0601
1.9057
2.0277
1.8501
2.4488
1.9725
2.2287
1.7858
1.6648
2.2623
1.842
2.7372
1.4564
1.9945
2.2681
1.8487
1.8375
1.8781
2.3519
2.2869
1.4189
2.3502
1.9324
2.1577
1.8764
1.8902
2.21
1.9989
2.0722
2.2234
1.719
2.15
2.0696
2.1422
1.9833
1.846
1.6906
2.0853
1.8285
1.4882
1.9068
2.0626
1.6824
1.747
2.241
1.5315
1.9242
1.8245
2.2502
2.4222
1.8809
2.1776
1.8486
2.1423
1.6981
2.2846
2.5802
1.7786
2.0929
1.8459
1.9043
2.1331
1.7036
2.1247
1.8841
1.856
2.2209
1.9174
1.8651
1.9103
1.6206
2.2099
2.0147
1.5146
2.2174
1.743
1.8587
2.134
1.6401
2.1233
2.2339
2.2287
1.8788
2.247
2.022
1.7166
1.9834
2.2717
1.9728
1.9411
1.6626
1.6338
2.5285
1.9286
2.177
2.0396
1.7141
1.6984
2.2215
1.8985
2.5574
2.0506
1.6662
1.7038
2.413
2.1663
1.6976
1.8732
2.1361
1.6766
2.0746
1.875
1.7564
2.137
1.9303
2.1129
1.7188
2.1938
1.8087
2.3364
2.0992
1.9909
1.9838
2.451
1.9508
2.1228
1.8085
1.7283
2.5027
1.6505
2.0365
1.7186
2.0104
1.6853
1.9119
1.9491
1.7919
2.1956
2.1876
2.0806
2.1374
2.0745
2.2346
1.8909
1.7335
2.0878
2
2.2067
2.1823
1.6653
1.9964
1.942
1.858
2.1206
1.8038
1.9306
1.9814
1.8843
1.9283
2.0861
1.9857
1.9663
1.7759
2.0403
1.8121
1.7442
2.3004
2.2895
1.8936
1.8593
1.832
2.3023
1.8596
1.7895
2.1838
2.0229
2.0808
2.3664
2.2577
1.8646
2.1065
1.9969
1.8932
2.0034
1.892
1.7715
2.0808
1.8084
1.9011
1.8348
1.7599
1.9171
1.9114
1.6528
2.2838
1.9117
2.1607
1.5574
2.0327
2.4145
2.115
2.1402
2.131
1.854
2.2474
1.8262
2.697
2.0149
1.9646
2.2053
2.2806
1.6886
2.017
2.045
1.8651
1.9267
1.7367
2.0566
2.3025
2.0391
1.7329
2.199
1.6485
1.9254
2.0448
1.9685
2.0855
1.7562
2.1303
1.9295
2.0927
2.3907
1.5733
2.2183
1.9291
1.9951
2.1279
1.8279
2.4045
1.4582
2.3115
1.8705
1.5403
2.2062
2.1955
2.0753
1.8778
1.9439
2.1022
1.9209
2.2693
2.2327
1.8458
1.8781
2.4797
1.7059
1.7497
2.2124
2.055
2.0466
1.4699
2.3069
1.81
1.8896
1.885
2.0469
1.9693
2.3112
1.7567
2.4959
2.1853
1.9174
1.4407
2.1463
1.9734
2.0602
1.8174
1.701
2.0031
1.7516
2.7663
2.2437
1.6774
1.6196
1.7864
2.5541
1.6871
1.9927
2.0136
1.9034
2.1111
2.1881
1.9278
1.8122
1.979
2.2942
1.6698
2.2016
1.9571
2.3189
2.0384
1.6436
2.396
2.0897
2.1223
1.7493
2.0129
1.7927
2.0655
1.6602
2.0637
1.8155
2.6465
2.0293
1.6937
1.9204
2.1072
1.8933
1.6337
1.9411
1.8628
1.9702
2.0461
1.9737
2.2621
1.8368
1.7299
2.087
1.7219
2.0948
1.4862
2.3275
2.0776
1.709
1.593
1.7046
2.0419
1.8734
2.0809
2.1915
1.5779
2.1366
1.9218
1.9799
2.1181
1.9669
1.9131
2.2154
1.681
1.9919
1.7418
2.2181
2.1581
1.5135
1.8248
2.0619
2.28
1.6903
1.9402
2.3683
1.8957
2.0202
2.0793
1.9732
1.9428
2.0074
2.1511
1.8267
2.0811
2.2068
2.2651
1.7033
1.8364
2.1799
1.8199
2.3806
1.8854
1.8323
1.6801
2.1082
1.9697
1.5798
2.3137
1.7238
2.1322
1.6555
2.2759
1.6256
1.932
2.3324
2.3291
1.8437
1.7295
2.2767
2.3194
2.1183
2.3843
1.9621
2.17
2.1099
1.8235
1.9138
1.7699
1.7529
1.977
1.8653
2.3401
1.9378
2.1045
1.9858
1.7572
1.9145
2.0296
1.9387
1.5839
1.8942
2.1572
2.0254
2.0065
1.6081
2.0736
1.9512
2.2325
2.2053
2.0141
2.0029
1.9485
2.1698
1.9288
1.666
1.857
2.3839
2.4005
1.598
1.9182
1.9836
1.9008
1.8294
2.0798
2.2566
1.9183
2.0891
1.6157
2.0511
2.221
1.614
1.8391
2.1818
1.9793
2.4708
1.8933
1.6131
2.0354
1.9593
2.0868
1.7229
1.7242
1.8613
2.1287
2.2103
1.5366
1.9138
1.84
2.1381
1.8764
2.0713
2.2028
1.6686
1.9192
2.1295
1.849
1.974
2.1033
2.1679
2.0571
1.8116
1.818
2.1312
2.1151
2.0887
1.8593
1.819
1.7237
2.2251
1.7699
2.0746
2.1401
1.9417
2.1456
2.2062
1.8964
1.7168
1.8756
2.0438
1.6009
2.5034
1.4788
2.113
2.167
2.0031
1.8633
2.0176
1.9307
1.9432
2.0521
2.0152
1.9226
1.7349
2.3459
2.1065
1.739
2.2337
2.2123
1.6663
2.1386
1.524
2.0646
1.9053
2.1876
2.3527
1.9868
1.9301
1.8406
1.9173
2.1171
1.9946
1.9907
2.2939
2.0447
1.9621
2.0197
2.1374
1.9936
1.8603
1.5175
2.0575
2.033
2.0183
1.7556
2.1212
2.0661
1.8225
2.2665
1.7841
2.4241
1.9919
2.5314
1.8121
2.0261
2.2341
1.6747
2.1919
1.9576
1.9861
2.0744
1.7439
1.9088
2.2053
1.9749
2.1553
2.3068
1.5231
2.0948
2.5037
1.699
1.924
1.9744
1.8283
1.6032
2.4103
1.7742
1.8318
1.8684
1.804
1.9884
1.9809
2.1427
1.8072
2.4399
1.7477
1.8434
1.7567
1.8182
2.1535
1.7211
2.0137
2.1947
1.7719
1.8474
1.3992
2.1041
2.2127
1.7474
2.0857
2.416
1.8024
1.7673
1.8741
1.8329
1.9653
2.2091
1.8343
1.7119
2.2741
1.8789
2.2006
2.188
1.6223
2.1954
1.7511
2.304
2.0394
2.0275
1.892
1.8476
2.2411
2.4286
2.128
1.8079
1.9437
1.9682
1.8056
1.7884
2.299
2.2188
2.177
1.919
1.7053
2.278
1.9512
2.2692
1.7996
2.1938
1.7675
1.9439
2.1154
2.1967
2.0823
1.8523
2.4065
1.9881
1.9861
1.763
2.025
2.1932
1.7455
2.3908
1.4525
2.1942
2.042
1.3933
2.4639
1.9608
2.0356
2.0559
1.7268
1.9807
1.7995
1.8945
2.1275
2.0404
2.2826
2.15
1.8808
2.1534
1.7734
2.267
1.795
2.5114
1.8546
2.4592
2.0988
1.7692
2.0884
2.3291
1.9388
1.9297
1.7026
1.8026
2.3622
2.1653
2.0092
1.669
1.9797
1.8123
2.2267
2.2541
1.9917
1.9477
1.73
2.2969
1.6484
2.5479
1.6508
2.2749
1.8462
1.5479
2.0374
2.0632
1.886
1.9993
2.3023
1.7682
1.8475
2.2512
1.859
2.0779
1.7425
2.015
1.6151
1.9497
2.0236
1.5586
2.2946
1.8387
1.8521
1.9641
1.6701
2.08
1.5638
2.0652
2.0093
1.7494
1.7695
1.9691
2.2129
2.1578
2
1.8059
2.3511
1.8059
1.9148
1.8258
1.827
1.7493
2.3238
1.8173
1.993
1.8577
2.067
2.0443
2.0911
2.0058
2.0157
1.8128
1.9421
2.0403
1.811
1.8116
1.7394
2.1564
2.6202
2.2083
1.2956
2.5218
1.9044
2.1782
1.7329
1.8935
2.4626
1.6035
2.2232
1.4305
2.4859
1.6619
2.0303
1.6811
1.9218
2.0108
2.2785
1.5623
2.2673
1.8237
2.2263
1.7578
2.179
1.7823
1.6935
2.2049
1.5769
2.5727
1.6932
2.1329
1.4039
2.0464
2.0753
1.5362
2.2097
2.1944
2.0937
1.9737
1.9887
1.9269
1.9036
1.9481
1.8182
2.1512
2.0117
2.4168
1.9839
1.616
1.7871
1.8764
2.3058
2.2847
2.1616
1.6079
2.0449
2.0938
1.8508
2.0588
2.0835
1.992
1.6437
1.845
2.1883
1.9194
1.921
1.8404
2.1936
1.8667
1.2979
2.8871
2.2065
1.7913
2.327
1.7785
2.1804
1.8561
2.227
1.8801
1.8535
1.9941
1.947
1.8569
2.0191
1.8058
2.1703
1.7606
2.1699
2.4208
2.3089
1.363
1.9325
2.0004
1.9705
2.1356
1.9903
1.6114
2.2402
1.6061
2.4937
2.3828
1.6158
2.2222
1.8061
1.8761
1.707
1.8868
2.1152
2.2651
1.5733
2.0582
1.2775
2.5507
1.5092
1.877
2.3881
2.0273
2.1002
1.9161
1.6595
2.5175
1.7845
2.4
1.7171
2.0458
2.1186
2.0677
1.7938
2.1218
2.0984
1.7201
1.9896
2.0215
1.8498
2.0132
1.7088
2.1385
2.1806
1.7015
2.0511
2.0851
1.943
2.023
2.0785
2.084
2.0413
2.135
1.8302
1.7229
2.2072
2.288
1.9058
2.5719
1.9135
1.9051
1.6191
1.8789
2.2676
2.1157
1.9541
2.1984
1.922
1.8818
2.0904
2.3029
2.0305
2.1387
1.9152
1.7606
1.7092
2.231
2.026
1.842
1.9923
2.4109
1.6731
2.295
1.9484
1.985
1.8705
1.9372
1.8283
1.9778
2.0317
2.0499
1.8863
2.018
2.0841
2.0365
1.9348
2.0199
2.0025
1.4682
2.168
1.801
2.3976
1.616
1.5367
2.6204
1.822
1.7485
2.1801
2.2355
1.6328
1.9143
2.1669
1.7855
1.8881
1.849
2.1058
1.8118
1.7258
1.8516
1.8095
2.3482
1.9322
1.4591
1.6079
2.2103
2.0837
1.9664
2.0261
1.7388
2.1298
1.8638
2.4499
1.9262
2.0431
1.9867
2.1233
2.1787
2.1804
1.9478
1.8043
2.0936
1.8292
1.7102
2.0152
1.8278
1.9494
1.8439
2.1496
1.9716
2.0198
1.7427
2.325
2.0868
2.2199
2.1146
1.8135
1.9644
1.9227
1.8129
1.8414
2.2707
2.3871
2.1445
2.229
1.8459
2.0284
1.9519
1.5836
1.9308
2.4174
1.934
1.6955
2.1
1.9615
1.9939
1.9518
2.0753
2.6974
1.5521
1.6683
2.0913
2.071
1.9021
2.0309
2.1321
2.0229
1.8172
1.9274
2.211
1.5512
2.3185
1.7596
2.1044
1.8168
2.3858
1.6778
1.9334
1.6543
1.7786
2.2804
1.9783
1.9057
1.8738
1.474
2.4674
1.6094
1.7532
2.1133
1.9268
1.6221
2.1206
1.8897
1.8139
2.4553
1.9593
1.8566
2.16
2.1593
2.1754
2.1473
2.0178
2.0893
1.8237
2.0244
2.0831
1.9024
2.1343
2.3181
1.7836
1.8846
1.8293
1.8715
1.7604
2.1012
1.9309
1.9911
1.8153
1.9831
1.9051
1.8555
1.9127
1.6471
2.6379
1.6978
1.9553
2.1946
2.1159
1.7792
1.8943
2.234
1.5838
2.0215
1.7601
2.5447
1.6723
2.3384
2.2642
1.6369
2.1057
2.3071
1.8084
2.1492
2.1096
1.9928
1.7111
2.4288
1.6952
2.1525
1.608
2.5523
1.5424
2.1612
2.1922
1.9578
1.5249
1.9645
1.971
2.0182
1.6183
2.106
2.1719
1.6934
2.238
1.7164
1.9776
1.7674
2.1744
1.4401
2.3872
2.0616
1.8932
2.1072
2.0274
2.26
1.8587
2.2967
1.8751
1.5459
1.9036
2.1665
2.2099
2.0437
1.836
1.6376
2.3239
1.4676
1.9439
1.9832
1.8998
2.008
1.7372
1.8922
2.1768
2.2573
2.0892
1.8512
1.7992
2.2364
1.6917
2.1611
1.6985
2.1289
1.6541
2.0153
1.5877
1.8321
1.9827
2.1466
1.6855
2.1286
2.0964
1.9453
2.1655
1.8363
1.7522
1.7919
2.2006
2.1681
2.0327
2.0074
2.2372
1.9277
1.7031
1.9068
2.1096
1.718
2.1388
1.7707
2.587
1.7471
1.7341
1.958
2.1206
1.9454
2.1721
1.9718
2.059
1.5253
2.0399
2.0437
1.7115
1.6256
1.8957
1.9417
1.7486
2.3815
1.8463
1.7748
1.8335
2.1367
2.0588
2.3149
1.8144
2.3784
1.9189
2.0276
1.6953
1.7633
2.2361
1.8119
2.0368
2.0163
1.711
2.1077
1.893
1.8443
2.0114
2.1124
1.7602
1.7278
2.197
1.6879
2.4953
2.1327
1.7248
1.9121
2.2555
2.2366
1.8164
2.3823
2.1196
1.771
2.03
1.6799
2.4875
1.8907
2.1708
1.8396
1.7579
2.1637
1.7536
2.3222
1.7438
1.9673
2.2193
2.209
1.8485
2.3391
1.945
2.2984
1.6081
2.1511
1.7854
1.9074
1.6735
1.8292
2.1422
2.1068
1.9909
2.3249
1.5653
2.2337
1.4485
2.1289
1.9466
1.9944
1.9962
1.7405
2.0607
1.8835
1.8197
1.9154
1.9935
2.2713
1.9106
1.9222
2.1446
1.9472
2.0445
2.1254
1.7849
1.7686
1.8984
2.2113
2.0585
1.9419
2.1849
1.6888
2.3015
1.4798
1.8835
1.7193
2.0381
2.3143
1.989
1.6148
2.079
2.1575
2.2133
1.8733
1.6476
1.9972
2.051
2.231
1.851
1.7497
2.1537
1.7519
1.9254
1.8665
1.9256
1.8607
2.2742
2.153
2.0638
1.6595
2.1632
1.5981
1.9258
2.3819
1.8407
1.8962
1.9693
2.0979
1.8927
2.0227
1.9347
2.0607
2.2319
1.9098
2.0228
2.0362
1.8497
2.5014
1.8909
2.2185
2.1173
2.5555
1.6708
1.9356
1.858
2.1412
1.9409
2.1047
2.1423
1.9083
2.0736
1.9274
2.1735
1.6964
2.0548
1.9756
1.9921
1.5799
1.7613
2.1335
2.2119
1.8663
1.8385
1.8959
1.9979
1.8596
1.5212
1.7238
1.758
1.842
2.4161
1.5017
1.8768
1.5509
2.1979
2.1492
1.8904
1.9173
1.9845
1.7969
1.9554
2.3041
1.9787
1.4472
2.2307
1.9532
1.8584
2.0205
1.9908
2.0717
2.0552
1.7861
1.9454
2.1668
1.9249
1.7953
1.7724
1.7357
2.3757
1.4421
2.0056
2.299
1.7635
2.448
1.727
2.137
2
2.1053
2.1349
2.1031
2.0251
1.7077
2.122
1.5958
2.1192
1.8272
1.9397
1.9743
1.7988
2.1608
1.9816
2.3066
2.1487
2.1553
1.8208
1.9013
2.1202
2.0379
2.5359
2.2696
1.9005
1.8904
2.1134
2.0312
1.9795
2.1982
1.989
2.7158
1.9945
1.8125
2.1782
1.7268
2.1448
1.9362
1.982
2.3277
1.6413
2.3732
1.7796
1.8411
1.9304
1.6156
2.4127
1.7105
1.6851
2.1749
2.4389
1.6445
2.2249
1.8661
1.7512
2.0731
2.0259
2.196
2.088
1.6212
2.0156
2.2678
1.9835
2.1454
2.3143
2.1917
2.0531
2.0072
2.0919
2.1864
1.8835
2.2659
2.1338
1.7814
2.0979
2.1228
1.836
2.4902
1.8932
1.8099
1.5905
2.3265
1.6353
2.2143
1.983
1.7508
1.9206
1.8274
1.4019
2.0375
1.6931
2.3334
1.6335
2.0526
1.8914
2.0313
1.9491
1.9854
2.0288
1.848
2.1309
1.8553
2.1327
1.8115
1.7548
2.3161
2.1681
1.7911
2.0843
2.034
1.6655
1.9011
1.5925
2.2282
1.6805
2.3552
1.8257
1.9567
1.7506
2.0927
1.7349
1.91
2.1628
2.221
1.8925
1.889
2.0094
2.0951
2.2801
1.8214
1.8898
2.1593
2.2675
1.9458
2.4426
1.859
2.0549
1.8411
1.7721
1.736
2.2973
1.8207
2.1269
2.0178
1.5472
2.1574
2.013
1.8794
1.7029
1.7153
1.9405
2.3409
1.8999
1.6958
1.8225
2.1244
1.6993
1.9374
2.1593
1.9398
2.2383
1.983
1.8536
2.0923
1.6849
2.2449
2.2167
1.5696
1.9275
2.1697
2.3424
1.6675
2.114
1.9152
2.0925
1.7261
1.7782
2.1208
2.1657
1.5894
1.8032
1.8699
2.0765
1.8871
2.1733
2.1331
2.0224
1.5442
2.1679
2.4601
1.6531
2.2685
2.2194
1.5155
1.9201
1.8062
2.1452
1.8772
2.3467
1.9396
2.2342
2.3066
1.7752
2.3037
1.8991
2.0245
2.0756
1.5616
2.4916
2.0495
1.6688
1.6114
2.2077
2.0872
1.9393
1.4086
2.0781
1.9755
1.8562
2.2849
1.5068
2.1827
1.9116
1.9178
2.489
1.7768
1.9104
2.0683
2.3742
1.784
2.1903
1.9468
1.2785
2.47
2.0102
1.905
1.9989
1.728
2.1882
1.9246
2.0616
1.7574
2.4228
1.8472
1.5395
2.0595
2.1853
2.2735
2.288
1.734
1.8728
2.0215
1.8575
2.2748
1.7976
1.6536
2.292
2.279
1.9411
1.5752
1.9413
2.0427
1.9906
1.8358
1.9884
2.2097
2.2609
2.1089
1.6545
2.0791
1.9612
1.9733
1.8863
1.8017
2.103
1.8709
1.8698
2.071
1.8245
1.7545
2.0706
2.0405
2.0694
2.1033
2.0715
1.8685
2.0174
1.9957
1.8
1.9974
2.0121
1.7111
2.3925
1.9227
1.6536
2.0641
2.2098
2.1358
2.1538
1.8761
1.8831
2.0767
1.8589
2.1016
2.0773
2.2225
1.9829
1.7779
1.9771
1.845
2.1475
1.8208
2.0455
1.5972
2.0033
2.3063
1.9985
2.275
1.8037
1.7872
1.7768
1.7842
1.9449
1.5941
2.3023
1.5952
2.013
2.1214
1.8787
1.8886
2.2835
1.5446
1.845
1.9138
1.8004
2.1045
2.4748
1.9401
1.717
1.873
2.2915
1.8018
1.7813
1.9339
2.3362
1.7953
1.7586
2.2971
1.8845
1.9147
2.1089
1.8981
1.8379
2.297
2.2649
2.0635
2.1349
1.4139
2.3217
1.6897
1.8302
2.3686
2.1468
1.893
1.9919
1.9465
2.0753
1.705
1.7332
2.1654
1.9474
1.8471
1.9072
2.0714
1.6833
2.0952
1.7859
2.3846
1.6798
2.6116
2.3367
1.5192
2.1332
1.8631
2.092
2.0445
2.0627
1.942
2.038
1.7729
2.3234
1.7742
2.0995
2.3197
2.1309
1.7424
2.1166
1.6496
2.5402
1.723
2.0452
2.2059
2.0242
1.642
2.2892
1.9763
2.199
2.0829
1.4211
2.2262
2.0074
2.2959
2.07
2.2509
1.6199
1.7385
2.5951
1.9069
2.261
1.8612
1.7494
2.0305
1.8778
2.0724
2.0047
2.2058
1.8567
1.9091
1.8318
2.0498
2.0008
2.2312
1.9609
2.1494
2.0533
2.586
1.9361
2.0861
1.7598
2.1319
2.1691
1.8842
1.6591
1.8857
1.9496
2.3884
1.6741
2.3327
2.1206
1.8685
1.9806
2.2303
1.9268
2.3508
2.0956
1.7794
2.4207
1.5711
1.9358
1.9434
1.502
2.4367
1.8523
2.2015
1.8452
2.0295
2.0331
2.0056
1.6393
2.1621
2.3889
1.9785
1.7235
1.8112
2.1656
2.0269
1.9041
2.2966
1.9558
2.2337
1.5376
2.0231
1.82
2.4383
2.2278
1.6774
2.0392
1.943
2.0773
2.1473
2.0683
1.9252
1.7755
2.0898
1.8397
2.2229
2.3743
2.1773
1.5105
2.26
2.2551
1.8662
2.0555
1.6183
2.1783
1.622
1.9983
2.1602
1.5673
1.9359
2.1814
2.0015
1.9939
1.5589
2.4631
1.9911
2.146
1.8157
2.0981
2.3479
1.798
1.8271
2.1426
1.927
2.182
1.8906
1.6279
1.8666
1.7896
2.1875
2.0921
2.1633
1.6049
1.8594
1.9974
1.7465
1.6652
2.3817
1.8807
2.3233
1.5848
2.1537
2.141
1.414
1.946
2.1539
1.8939
2.449
1.9799
1.7902
2.2255
1.6664
2.1737
1.765
2.1447
2.1486
2.3395
1.9105
2.0101
1.8055
1.8981
2.3263
2.1364
2.5041
1.9829
1.9625
1.8964
1.9368
1.8622
2.126
1.9997
2.2173
1.9524
1.9426
2.1039
2.0602
2.0577
1.9638
1.8185
2.4729
1.8591
1.8158
1.985
2.0152
1.8734
1.4707
2.577
1.6729
1.5964
1.9493
1.8843
2.0834
2.1171
2.2476
1.737
2.2066
1.8528
2.0487
1.7338
2.009
1.9477
2.3815
1.9103
1.9226
1.9803
2.2357
1.9967
2.045
1.7724
1.6833
2.3508
1.5387
2.0234
1.9267
1.8481
2.0728
1.6103
2.1654
1.9543
1.7322
2.0356
2.1025
2.2823
1.8435
1.8793
2.3786
2.1639
2.0934
2.1154
1.783
1.7072
2.3396
2.3113
2.0878
2.3986
2.3465
1.8856
1.7827
2.1419
2.3935
1.5431
1.9177
1.7455
2.2977
1.8358
1.8466
2.0266
2.2999
1.8411
2.0041
2.1067
2.1347
1.9974
1.763
2.0194
2.1278
2.0245
1.5764
2.3349
1.6909
2.0003
1.8449
2.3367
2.0905
1.4052
2.3895
1.6205
1.8362
2.1359
2.0235
1.6315
2.1341
1.9718
1.9588
1.5208
2.1078
1.8355
1.6504
1.6556
1.7734
1.7505
2.1026
2.2274
1.8528
1.7544
2.0688
1.7381
2.2136
2.3199
1.7507
2.1508
2.3605
1.757
1.5716
2.1479
2.1696
1.9021
1.6263
2.1136
2.0813
2.1038
1.9097
1.6803
1.9398
2.4704
2.1369
2.1809
1.7016
2.046
2.0908
2.1856
1.9579
1.8448
2.2134
1.6656
2.1619
2.2333
1.9287
1.8013
1.9721
1.8733
2.0312
2.1722
1.7703
2.2031
1.8055
2.0384
2.2224
1.7421
2.3685
1.8814
1.986
1.972
2.0633
1.5013
2.1546
1.9773
2.5411
2.011
1.9683
1.6121
2.331
2.3918
2.4816
1.638
1.9359
2.1988
1.9116
1.4863
1.9346
1.866
2.0416
2.0899
2.1187
1.9172
1.9229
1.7906
2.1309
1.5
2.3204
1.4724
1.8732
1.9623
1.7223
1.9767
2.2894
1.9097
1.8538
2.1023
1.7759
2.3839
1.7215
1.7109
2.3464
1.8303
1.9564
2.0695
1.9986
2.2439
1.912
2.0664
1.77
1.6545
2.3432
1.6555
1.9875
2.1916
1.9566
1.9574
2.1432
2.1602
1.9006
1.6428
1.9533
1.9613
1.7238
2.3345
2.2412
2.1357
2.0729
1.9728
1.5982
2.2612
1.9633
1.8861
2.0732
2.3579
1.4497
2.0533
2.4042
1.8786
1.8916
2.0007
2.0205
2.1788
1.6585
2.0736
2.2001
2.0778
2.1802
1.8604
2.1547
1.9633
2.0865
2.1216
2.2578
1.9775
1.9565
1.8204
2.0341
1.9522
2.1633
2.0546
1.8793
1.5328
1.7154
1.6535
2.3426
2.1505
1.8586
2.4347
1.6484
1.9022
1.9119
2.2598
1.6425
2.0845
1.9165
2.0798
2.0489
1.5978
2.5124
2.4427
1.9992
1.8756
2.1868
2.427
1.8206
2.4922
1.6562
2.0646
1.9159
2.0532
2.4822
1.9368
2.2959
1.5284
1.9815
1.7962
2.0163
1.8454
1.9027
1.9111
1.7188
2.2058
1.8853
2.1432
1.9995
2.0725
1.9384
2.0717
1.6749
1.8829
2.13
1.79
1.9712
2.0583
1.7262
1.9481
1.941
2.0203
1.9431
2.1662
2.0356
1.9156
1.9125
1.566
2.2341
2.2915
1.9952
1.841
2.2267
2.0364
1.6757
1.706
1.8235
2.0714
2.2179
1.8724
1.9889
2.2647
2.1198
1.7396
2.4207
1.9635
2.3991
2.0631
1.7529
2.0215
1.6457
2.2899
2.3696
1.5988
1.9182
2.033
1.9848
2.0368
1.9297
2.1311
2.2222
2.1897
2.0691
1.7661
1.9544
2.0513
1.7522
2.1426
2.0633
1.9111
2.3478
1.8414
1.8081
2.184
2.1144
2.1441
1.6324
2.3912
1.3631
2.3048
2.2053
2.2527
2.3537
1.6704
2.1904
2.0204
2.1071
2.1402
2.0318
1.8873
2.0349
1.8721
1.9301
2.032
1.8865
1.8725
2.0066
1.8779
1.9679
2.0751
1.436
2.1504
2.158
2.3084
1.8129
1.6873
2.1445
2.0046
1.8125
2.3868
2.3328
1.8873
1.7809
1.7293
2.0257
2.3178
2.0348
1.5504
2.0107
2.1283
1.4388
2.3052
2.1179
2.4313
1.703
1.9191
1.9038
1.9067
2.0781
1.9746
2.3225
1.4807
1.864
1.8384
2.4573
1.8905
1.882
1.894
2.4599
1.989
1.8409
1.9572
2.007
1.867
1.8723
1.7298
2.0001
2.7186
1.7178
2.0901
1.854
1.9849
1.7342
2.2928
1.5328
2.1199
1.8471
2.191
2.0931
1.9799
1.9353
2.0568
1.7851
2.0542
1.824
2.1085
1.8725
1.9356
1.9316
2.0702
1.5497
2.1013
2.4113
2.0384
1.9084
1.9001
1.9474
1.878
2.1151
2.0019
2.4493
1.5486
2.0866
2.1133
2.2402
2.1079
2.221
1.6952
2.1212
1.7114
2.2801
1.5226
2.2262
1.8717
1.4592
1.9875
2.177
1.5272
2.1147
2.1197
1.9158
1.6707
2.2956
1.7874
2.2424
2.0781
2.2708
1.7558
2.0622
1.9585
1.6111
2.1463
1.9895
1.8641
1.6308
2.1771
1.8678
1.74
2.1483
1.8362
1.528
2.0251
2.0035
2.1146
2.066
1.7301
2.1755
1.8075
1.8932
2.1646
1.4843
2.0237
2.1339
2.1439
1.6797
2.0423
1.9272
1.8959
2.3694
1.8201
2.0504
2.0745
1.5016
2.2339
1.8699
2.3456
1.6734
2.088
1.8085
1.9922
2.0469
2.3572
2.0616
2.0413
1.5069
1.9342
1.8993
1.878
1.902
1.4955
2.0911
1.6506
2.0152
1.8156
1.7595
1.9668
1.7913
2.1104
2.2716
1.5883
1.729
2.1685
2.0244
1.6644
1.9003
1.8789
1.9203
1.9456
2.0097
2.3138
1.988
1.8469
2.0824
1.9999
1.9943
1.5452
1.8855
2.0887
1.6745
1.9894
2.0938
1.8263
2.1724
2.0356
2.1771
1.7004
2.1039
1.6814
2.1776
1.894
1.877
2.2454
2.0023
1.7299
2.1834
2.034
1.3682
2.1553
2.1577
1.9556
2.2458
1.8401
2.2194
2.277
1.8137
1.7665
2.0987
1.9767
1.6374
2.0881
1.8462
2.0386
1.6803
2.3345
2.1215
2.2555
1.9517
2.4051
2.103
1.9759
2.019
2.4228
1.8222
1.8872
2.135
2.1088
2.095
1.7384
1.6506
2.0327
1.9038
2.2324
1.7382
1.884
1.9046
2.0262
1.8833
2.2744
1.9022
1.9463
2.1792
2.1587
2.2816
1.7641
2.2009
2.1846
1.9717
1.88
1.7295
1.9399
2.4994
2.1593
1.8007
2.0406
1.7659
1.9783
2.2068
2.2878
2.2538
2.209
2.0278
1.9772
1.9401
2.4248
2.2232
1.8875
2.1258
1.7474
1.6974
2.2606
2.5254
1.7175
1.9527
2.1442
1.7739
1.7811
2.0019
1.8191
1.7434
2.31
1.7733
1.7551
2.4306
1.5597
2.1299
2.3016
1.9168
2.0585
1.8536
1.7339
1.9775
2.0923
1.8524
1.8
2.357
1.805
1.9537
1.9266
2.0566
2.0724
1.636
1.8696
2.1077
2.1783
1.9641
1.5317
2.1529
2.1559
1.8952
2.0287
2.1429
2.0815
1.7572
2.2875
2.2869
1.9663
2.3634
2.0321
1.7705
2.1415
2.2363
1.4142
2.251
2.1641
1.5695
2.2237
1.7614
2.1849
1.7097
1.6126
2.3595
2.0207
2.3653
2.2331
1.7265
1.8212
2.0496
1.6673
1.9936
1.9476
2.2169
1.7311
1.6718
1.8525
2.2216
1.9402
2.1428
1.8919
2.2959
1.6039
2.0465
1.7183
1.9471
1.7041
2.0508
1.7778
2.1779
1.913
2.0861
2.1804
1.8366
1.7867
1.7946
1.9278
2.3455
1.7023
2.438
1.7394
2.01
1.8301
2.3426
2.0096
1.7885
1.8527
2.2742
1.9163
2.1846
2.2922
1.8722
2.3231
1.6082
2.0816
1.9843
1.9737
2.5411
1.6064
2.2086
1.5438
2.3658
1.8012
1.4134
2.265
1.9099
1.9897
2.0785
2.0115
1.8924
2.1389
1.9859
1.7295
2.516
2.038
1.9287
1.9241
1.8921
2.1052
1.9942
2.2143
2.0104
2.3135
1.9737
1.7671
2.2537
2.0142
2.3325
1.6327
2.2418
1.9933
2.1011
2.0289
2.1618
1.9019
2.2047
2.1248
1.7503
1.7943
2.1376
2.1082
1.5824
2.5658
1.7023
1.9752
2.1657
2.168
1.6712
2.1045
2.0832
2.0513
1.8791
1.6917
2.3924
1.5509
1.7479
1.9248
2.1054
2.4783
1.6494
2.1858
2.3129
1.8583
2.1263
1.773
2.0376
1.8398
1.7954
2.2656
1.7397
1.9855
2.0753
2.1891
2.2139
2.104
2.4233
1.6368
2.1783
2.1014
1.645
1.7347
1.8531
2.2503
2.417
1.9673
1.9575
1.9868
1.7028
2.0688
2.2145
1.8584
2.2584
2.096
1.7357
1.8078
2.5644
1.8819
1.8063
2.0304
1.8322
2.4392
1.5656
2.0325
2.6334
1.9258
2.1911
1.8945
1.9099
2.0388
1.9938
1.9954
1.6456
1.8889
1.9152
2.6024
1.7439
2.0469
1.8295
1.9704
1.9098
1.9523
1.6807
1.9761
2.6159
1.8917
2.0535
1.8225
2.1687
1.7274
2.093
1.4872
2.111
2.1229
1.7205
2.2776
1.8845
1.9808
2.1198
1.8381
1.7939
2.8138
1.9675
2.189
1.8174
1.9136
1.6792
2.0898
1.9515
2.082
1.6604
1.9355
2.3584
1.9867
1.7991
2.2252
2.0613
1.6795
2.1455
2.1298
1.8054
2.1484
1.4838
2.1153
1.7876
2.0052
2.0771
1.9576
1.6972
1.9114
1.9108
2.161
2.0575
1.9319
2.086
2.1421
1.9864
1.9425
1.9707
2.0281
1.5622
2.6065
1.9279
2.1121
1.6107
2.0209
2.2133
1.9296
1.8745
2.0802
2.3917
1.7823
2.3172
2.0459
1.896
2.1016
2.0834
1.7683
2.3159
2.1747
1.9857
1.8391
1.9788
1.7965
1.7006
1.9214
2.1299
1.9392
1.8693
1.9918
1.9538
2.3377
2.0515
2.4462
1.8064
2.5258
1.5618
1.5078
1.8269
1.9528
1.9934
2.1297
2.0771
2.2031
1.8687
2.1835
1.8156
2.1843
1.734
1.9703
2.0563
1.8142
2.1167
1.9627
1.7925
2.1623
2.1982
1.5527
2.018
1.7046
2.043
2.2801
1.8925
2.168
2.02
2.3247
2.2711
2.2927
2.491
2.1817
1.6954
1.7505
1.982
2.4382
1.6902
1.9575
2.041
1.8681
1.8493
2.0962
1.9325
2.0653
2.1363
2.0412
2.3826
2.1274
2.0027
1.8915
1.759
1.8914
1.821
2.078
2.396
1.7779
2.0462
1.7366
1.9767
2.1642
2.0626
1.8978
1.8139
2.0506
1.9022
1.7649
2.0479
1.9355
1.782
1.9036
1.7315
2.2285
1.822
2.1102
2.1386
2.0907
1.9871
1.7133
2.0767
2.1295
2.1627
1.5505
1.4484
2.6027
1.8309
1.5451
1.7334
2.0179
1.8472
1.7904
2.0746
1.759
2.1269
2.0227
2.0912
1.6713
2.1824
1.9684
2.0441
2.3589
1.7875
2.4378
1.8598
1.4871
2.1271
1.9506
1.9371
1.9322
1.9654
1.769
2.5264
1.9345
1.8963
2.1381
1.898
1.6978
2.1681
1.7612
2.044
1.9464
1.9842
2.0249
2.1423
1.6906
2.0119
1.9849
1.8094
2.1681
1.4815
2.2491
2.1793
1.8684
2.0669
2.0879
1.6109
2.4732
2.59
1.9799
1.6694
1.7699
1.8526
1.9572
1.7932
2.0505
2.229
2.0469
1.9667
2.0048
1.7949
2.0728
1.7556
2.2154
1.6463
2.3492
1.5242
2.1315
1.479
2.1463
2.4113
2.2918
1.6931
2.1526
2.3982
1.8634
1.8834
2.1272
1.6985
2.2528
2.0032
1.6881
1.927
1.8273
2.1059
1.8313
2.3564
1.7019
2.04
1.515
2.0254
1.859
1.8747
1.9903
1.5815
1.9149
2.1541
1.3915
2.3333
1.7789
1.9843
2.0247
1.832
1.9213
1.9536
2.057
2.2236
2.1244
1.6697
2.0315
2.2115
1.9677
1.8459
2.2671
1.8313
1.7472
1.8821
2.4871
1.8277
1.7073
2.0794
1.7097
1.7399
1.8561
2.1425
2.1518
1.9779
1.8242
1.9201
1.7302
2.1028
2.1161
1.7073
1.8595
2.3611
1.5745
2.3507
1.6475
2.2227
1.9284
1.4348
2.2613
1.7353
2.0638
2.3293
2.0479
1.8033
1.8208
2.218
1.658
2.4097
1.7892
2.2957
1.4163
2.1322
1.8136
2.0648
2.0358
2.0817
1.9626
1.8534
1.8345
2.2029
2.409
1.7762
1.9999
1.944
2.022
2.0609
1.732
1.8003
2.2082
1.8412
2.1274
1.9772
1.7953
1.953
2.3503
1.913
2.6188
1.6216
2.3541
1.5709
2.1438
1.8275
2.1443
2.2072
1.933
2.1918
1.9191
1.8158
1.6483
2.5564
2.007
1.7887
2.2183
2.5108
1.5484
1.8245
1.8952
2.2146
1.9271
1.9248
1.8486
1.7199
1.7265
2.3161
1.2516
2.5641
1.8167
2.0655
2.3148
1.7486
2.1621
1.9557
2.3196
2.244
1.5893
2.0848
2.1029
1.9908
1.8558
1.4949
2.616
1.7255
2.3618
1.6169
2.2724
1.639
2.0339
2.1708
2.1039
1.8214
2.0125
1.9798
1.8588
1.9253
2.3296
2.0968
1.8574
1.5684
1.8929
1.9736
2.3874
1.5962
2.0611
2.5339
1.8961
2.2664
1.5815
1.7086
1.969
1.7039
2.5114
1.9059
1.9392
1.587
2.4078
1.7617
2.1095
2.0029
1.8776
1.752
2.2374
1.8234
2.1443
1.6397
1.6268
2.47
1.8825
2.1197
2.0649
1.9035
2.0912
2.2764
1.9199
2.2226
2.028
1.6547
2.4785
1.6197
1.8436
2.1448
1.7288
1.914
2.0959
1.9258
2.3376
2.1536
2.035
1.9562
2.2903
1.9818
1.8317
2.1732
1.9461
1.7934
2.3138
1.5978
2.1622
2.282
1.9192
2.0667
1.7299
1.8516
1.6399
2.5105
2.312
1.8108
1.982
1.8859
2.0229
2.0228
2.2436
1.9618
1.8923
2.4415
1.1716
1.9109
2.1699
1.71
1.8601
1.9297
1.8629
2.1885
1.9204
1.6496
1.5955
2.1127
1.6451
2.244
1.8428
2.0454
1.99
1.7504
1.599
2.1623
1.726
2.0705
1.5367
1.9546
1.9451
1.9543
1.9013
1.8306
2.2652
2.026
1.9156
1.6343
2.0891
2.1124
2.0245
1.9315
1.9949
1.9716
1.8437
1.9731
2.3126
1.7817
1.9676
2.2615
1.7989
2.7401
1.7971
1.8554
1.7187
1.9293
1.6846
2.4991
2.6178
1.5822
2.1457
2.1399
2.28
1.7915
1.7963
1.7405
2.6214
1.6202
2.0765
2.1698
1.6419
2.1937
1.7388
1.8643
1.767
2.2658
2.0314
1.8348
2.0289
2.419
1.7331
1.8232
1.9594
1.8613
2.2282
1.4495
2.0055
1.9008
2.0469
2.0408
1.7265
2.2264
2.305
2.208
2.1119
1.8164
1.6262
1.5766
1.7429
1.9655
2.308
2.103
1.9712
2.0771
1.9926
2.2421
1.7736
1.7612
1.7474
2.0188
1.7988
2.0771
1.8123
2.1868
2.0281
2.2839
1.9552
1.9733
2.1883
1.969
2.0146
2.288
1.7915
1.9745
1.9067
2.0701
2.3806
1.7829
2.3595
1.3212
2.1572
1.9899
2.144
2.0601
1.8832
1.9637
2.1294
1.8598
1.655
2.1405
2.2125
1.6172
1.6377
2.4333
1.7626
1.9407
1.7164
2.1108
2.2645
2.1175
1.9833
1.5041
2.2978
2.1499
1.5568
2.3184
2.0231
2.2776
2.036
2.0928
2.2129
1.8001
2.2062
1.7359
1.7236
2.1859
1.8049
2.1891
1.9928
2.1664
1.9056
2.1054
1.5965
2.3698
2.3889
2.0587
1.6626
1.9634
1.755
1.9886
2.2111
1.9361
1.6446
1.9458
2.1831
2.1292
1.8143
2.1402
1.8201
2.1364
2.3371
1.8642
2.2224
2.0557
1.7778
2.7961
1.8789
1.554
1.9336
1.803
1.814
1.9353
1.8642
2.0451
1.6958
2.0352
1.7277
2.1398
2.1364
2.2769
2.0619
1.6292
2.4137
2.1946
1.942
1.6868
1.9284
1.5821
2.2658
2.5286
1.5527
1.9301
2.2071
1.4923
2.2424
1.9267
2.084
1.6945
1.987
2.3392
2.0345
2.0718
1.9287
1.9277
2.1222
2.0134
1.7428
2.2358
1.9277
2.1174
1.9469
2.209
1.6279
2.0225
2.265
1.9927
1.5351
2.7996
2.1809
1.856
1.5062
2.0021
2.3046
1.9705
2.1867
1.7875
1.7981
1.963
2.1177
2.0809
1.9601
2.1526
1.8227
1.8344
1.8809
2.3625
1.7341
1.4949
2.0608
2.159
2.1903
1.8154
2.1303
1.9345
1.7579
1.9755
2.27
1.7365
2.1657
1.8919
2.023
2.2398
1.7882
1.8439
2.5348
1.7396
1.7382
2.1388
2.057
2.0987
2.1372
1.7097
2.0899
2.0011
1.9299
2.084
1.9503
2.1562
1.6745
2.0717
2.075
2.1172
2.2504
1.8205
1.9722
2.2529
2.0601
1.8881
1.6965
2.3833
1.8964
1.7596
1.9354
1.7368
2.3755
2.2023
2.5988
1.7633
1.6866
2.0475
1.8832
1.8461
1.5701
2.2298
1.8834
2.0048
2.0665
2.2304
1.8431
2.0562
2.1318
2.2809
1.8548
1.8819
1.7465
1.9949
2.1089
1.8037
1.9581
1.8229
2.0888
1.7747
1.873
2.0989
1.6192
2.1305
1.8613
1.5925
1.6396
2.1101
2.1557
1.7098
2.2313
2.1775
1.7015
2.4079
2.0267
2.0696
1.7642
1.8042
1.9665
2.2473
1.7968
2.1848
1.5895
2.2191
1.9464
1.7939
1.9002
2.1988
2.0756
1.9713
2.2519
1.8232
1.7171
1.978
1.972
2.1581
1.7045
2.1278
1.6802
2.4324
1.4485
2.2911
1.8527
2.0485
2.0244
2.0672
1.9241
1.7823
1.958
1.9453
1.7303
2.3178
1.9742
2.1502
2.1584
1.5221
2.0026
2.375
1.9159
1.7325
1.7707
1.8387
1.9852
1.7204
2.2179
2.3094
1.9134
1.7232
2.073
2.35
1.9738
1.7779
2.0165
1.8294
1.7039
2.0307
2.1242
2.0447
2.0023
2.0717
2.0429
2.0244
2.167
1.624
1.8337
2.6038
2.0834
1.6369
1.827
2.1511
1.6443
1.8236
1.8874
2.0307
1.9269
1.8059
1.8635
2.1899
1.9891
2.0694
2.0892
1.9905
1.7489
1.8787
1.9818
2.0309
1.9399
1.9318
1.8308
1.8417
1.9366
1.8269
2.4947
2.3127
1.6101
2.1432
1.5193
2.0054
1.8711
1.7575
2.3144
1.9874
2.3782
1.8389
2.0366
2.2888
1.8932
2.1768
2.2577
1.8793
1.7962
1.8776
2.2678
1.9322
2.1805
2.1166
1.7367
2.236
2.652
1.8579
1.6135
1.928
1.9282
1.9622
1.6739
1.8475
2.4217
2.085
2.0571
2.2411
2.0787
2.3073
2.1888
1.736
2.2365
2.2132
1.925
1.7227
1.947
1.7156
2.0116
1.7733
1.9948
1.9095
2.2333
2.1081
1.9773
2.1621
1.729
1.9379
2.151
1.4585
2.1068
1.8796
1.9779
2.3607
2.0098
2.0301
2.0076
2.1953
1.939
1.7791
1.9795
2.0241
1.826
2.0486
2.1918
1.6389
2.2918
1.7102
2.1027
1.7911
2.1687
1.9611
1.947
1.874
2.1774
1.8979
2.0526
2.3184
1.6968
1.9481
2.0502
1.8671
2.029
2.0755
2.4184
1.5424
2.3698
1.9996
1.9344
2.0302
2.1295
1.8334
1.9344
1.8558
1.9793
2.1607
1.5911
1.8909
2.4614
1.6865
2.0044
1.8644
2.0825
2.4147
2.0597
2.0039
2.2413
1.9323
1.9904
1.9421
1.9333
2.1977
1.8178
2.1061
1.8186
1.9779
1.7887
1.8303
1.8983
2.3726
1.6732
2.3852
1.4416
1.9349
2.1151
1.8939
1.9824
2.0837
1.7441
1.7475
2.2524
1.9629
1.9253
2.0014
1.6362
1.8773
1.8804
2.1541
2.0203
2.5503
1.9143
2.2421
1.7405
1.8417
2.2212
2.0171
2.2473
2.1417
1.8176
2.1343
1.8412
1.8803
2.3204
1.7114
2.3287
2.0571
2.1557
2.1129
2.1414
1.8118
2.1276
1.5733
2.2097
1.8843
2.09
2.0913
1.6898
2.1705
1.7512
2.2515
1.8496
2.3615
1.8301
2.1194
2.32
1.9846
1.7674
2.4748
1.7704
1.9297
2.1602
2.0196
1.7816
1.7016
1.9349
1.9179
2.4744
2.6439
2.0269
1.7242
1.8181
1.9051
1.703
2.2345
1.8716
1.9201
2.1144
1.9649
2.0827
2.0817
2.1049
2.1268
1.684
2.3278
1.9001
1.649
2.2456
1.8408
2.2436
2.0823
2.2599
2.009
2.2012
1.9661
1.7954
1.7699
2.1636
1.9268
1.5133
2.3564
1.6425
2.1483
2.1345
1.9656
2.0926
1.8283
2.1313
1.9678
1.9151
2.0515
2.0456
2.2621
1.6068
1.9943
2.4323
1.6803
1.8057
2.2139
2.0256
1.7806
2.171
1.8172
1.9377
2.3434
1.6605
1.9846
2.3839
1.918
2.0585
2.0969
1.8847
2.2485
2.1714
1.9307
2.0074
2.2083
1.8766
