2.0914
1.8643
1.7185
1.809
1.9182
1.9909
1.9269
2.025
2.0647
2.0008
1.854
2.1069
2.2265
2.0432
1.9324
1.8164
1.9316
1.96
2.0858
2.0148
2.3288
2.2448
1.9772
1.8173
2.0488
1.8817
2.0205
1.8618
1.9683
2.0149
2.1944
1.7479
2.0511
2.2772
1.9901
2.0997
1.5548
2.1108
2.2459
1.8523
2.1388
1.9516
1.8195
1.97
2.4063
2.1785
2.204
1.6139
1.9656
2.4274
2.1162
1.6256
1.5343
2.1878
1.7029
2.286
1.8788
1.8099
1.8842
2.5312
2.1653
1.9282
2.5009
2.0379
1.5492
2.3275
1.7871
2.1792
1.4874
2.0993
2.1493
2.149
2.4108
1.5915
1.9391
2.0392
1.7898
1.8763
1.7299
2.2674
2.0563
1.942
2.241
1.8112
2.0255
2.2388
2.3105
1.5927
2.0547
1.9705
2.0088
2.0506
2.3554
2.1337
2.0109
2.1922
1.9334
1.5793
2.1751
1.9932
2.174
2.3496
1.7759
1.9645
1.8934
2.257
2.0061
1.6031
2.2257
1.7796
2.1159
1.6699
2.5727
1.7205
1.9728
1.466
2.1042
2.0351
1.9294
2.1067
1.5725
1.9168
2.163
1.9561
2.0801
2.2388
2.1067
1.8983
2.2094
1.8384
1.5545
2.0264
2.2489
2.4929
1.8841
1.7792
1.8362
2.2915
2.1361
1.9639
1.6974
2.027
2.2633
1.7717
1.9556
2.2395
1.8303
2.2055
1.8731
1.7225
2.2289
2.0183
2.0826
1.8192
2.1369
2.1137
1.9436
2.0746
2.0868
2.2048
2.0083
2.1845
2.0149
2.3714
2.1124
2.1441
1.445
2.1609
1.8182
2.3766
2.0737
1.9378
2.0734
1.8643
2.4323
1.8826
1.8395
2.2596
1.9625
2.2588
1.6742
2.1167
1.8523
2.0027
1.6599
2.0801
1.8356
2.0459
2.5372
2.075
1.7666
2.2079
2.2164
1.9737
2.09
1.9069
2.0908
2.1282
1.9034
2.167
2.0216
1.6292
2.1708
2.276
2.0555
1.4563
2.0489
2.0841
2.1413
1.9376
1.9013
1.9166
1.9783
1.918
1.9734
2.0301
1.7042
2.0358
1.9887
2.1055
1.7018
1.9335
2.2825
1.9274
1.7242
2.1318
1.8225
1.6599
1.7456
2.1808
1.988
1.7666
2.2117
2.2128
1.8624
1.8324
2.8023
1.6182
1.9132
2.1656
1.9562
1.9932
2.2514
1.7246
1.8688
2.2618
2.033
1.5967
2.1269
1.8661
1.755
2.1894
1.8358
2.1227
1.971
2.1074
1.9955
2.021
1.9372
1.9904
2.0453
2.2953
2.1552
2.1069
2.1389
1.731
2.0331
1.9495
2.6415
1.7723
1.8307
2.0639
2.0427
1.9503
1.8777
2.0312
2.0247
2.6129
1.8159
1.6492
1.9126
1.8493
2.16
2.0286
1.8787
1.6156
2.3694
1.879
1.7448
2.0281
1.8212
2.2107
1.6969
2.3007
2.0226
1.8102
1.8238
2.3815
2.0508
2.1157
2.1394
1.8368
1.8956
1.7033
1.8138
2.3625
2.4494
1.8484
1.4815
1.8921
2.0346
1.9493
1.9332
1.6407
2.1681
1.5169
2.4783
1.8969
2.0613
2.3592
1.804
2.3154
1.8055
2.2749
1.8093
2.0583
1.9745
2.0189
2.1005
2.2235
1.8117
1.9582
2.4535
1.9401
2.012
1.7005
1.6819
2.0749
1.5769
2.2832
2.0641
1.5249
2.4333
1.8503
2.0238
2.0186
1.4617
1.843
2.2391
1.982
1.8392
1.8016
1.6223
2.3768
1.9527
1.6064
2.2778
1.868
2.1478
2.3002
2.5833
1.8131
1.7222
1.9806
2.0655
2.274
1.5775
2.2784
2.0037
1.847
2.2404
1.9572
1.9247
2.3318
1.8633
1.9671
1.8905
2.6407
1.5945
2.2102
1.8781
1.9095
2.0676
1.8009
1.8527
1.8652
2.2885
2.0419
1.8566
1.7765
1.9895
2.0436
1.7539
2.3222
1.6353
1.7671
2.1397
2.1869
1.9066
1.8863
1.9882
2.2666
1.8466
2.328
1.8062
1.8491
2.5201
1.8576
1.6238
2.3533
2.1402
2.1182
1.982
1.6748
2.0088
1.7374
2.2365
1.8229
2.202
2.0999
1.6803
2.0799
1.905
1.497
2.2915
1.9428
1.6897
2.0691
2.2158
2.3176
1.6194
2.0829
2.0696
1.8151
2.1371
1.6767
2.2452
2.1277
2.1844
1.9124
1.8436
2.2043
1.7377
2.2983
1.9474
1.957
2.0547
2.1953
1.7795
1.9778
1.8998
2.0538
2.2123
1.9996
2.0985
1.8488
1.8727
1.5819
2.3991
1.9926
1.9941
2.0255
2.0268
2.0701
1.6505
1.8285
1.9153
2.0031
1.9856
1.6158
1.7926
1.6772
2.3977
2.3975
1.8615
1.8724
1.7516
2.4684
1.9586
1.5493
1.9077
1.9925
2.1885
1.9512
2.0131
1.7063
2.1619
1.9265
1.9327
1.6616
1.9904
2.5179
1.8331
2.1107
1.7972
2.4316
1.426
2.0619
2.1282
1.7322
1.8997
2.3591
2.0453
1.7901
2.1336
2.2561
1.7109
1.8664
2.0483
1.998
1.9578
2.5011
1.8506
2.0481
1.9845
2.3346
1.4354
2.4183
1.8707
2.224
2.0936
2.213
2.1357
2.1089
1.8124
1.8561
1.783
1.7505
1.9244
1.9553
1.8558
1.9423
1.7809
2.3656
1.4866
2.4152
2.002
1.9259
1.9759
2.1403
1.4467
2.0261
1.8098
2.0269
1.6148
2.0337
1.8849
2.0231
2.1186
2.2441
1.8983
2.2516
1.8276
2.0951
1.819
2.221
2.2768
1.7954
2.0933
1.932
1.7191
1.8582
2.0466
2.2475
2.2576
2.043
2.3213
1.5725
2.0985
2.1582
2.1433
1.9385
2.1304
1.9903
1.8529
1.9475
2.2322
1.6112
2.3089
1.9442
1.9335
2.2642
1.7097
2.4141
2.0754
1.8766
1.8546
1.938
1.783
1.7745
2.0297
1.9097
1.5941
2.056
2.1302
1.5522
2.0651
1.8037
2.2488
1.9896
1.9817
2.5707
1.9445
1.8241
2.16
1.8022
2.5517
1.4809
2.0943
1.9382
1.965
1.9828
1.5766
2.2834
2.4493
1.5161
2.5968
1.2638
2.3293
2.1274
1.7701
2.0688
2.3514
1.8722
2.0884
1.9678
1.5058
2.2772
2.1227
2.2962
1.635
2.0963
1.8333
2.1784
1.9646
2.3042
2.0463
1.6848
2.3092
2.097
1.7118
1.9817
2.0823
1.7549
1.7433
2.0141
2.1168
1.8203
1.8892
1.9019
2.0935
1.708
2.0806
1.8734
1.8706
2.5095
1.7524
1.779
1.8927
2.0993
2.0349
1.8158
1.9521
2.2593
1.8612
1.9488
2.222
1.996
1.6239
1.8349
2.073
2.0464
2.0941
2.0289
2.0166
2.4033
2.3077
1.8563
1.724
1.8891
1.9304
2.2689
2.144
2.2768
2.3764
1.9194
2.1558
1.8576
2.3987
1.7427
1.8781
1.9483
2.196
2.0555
1.9877
1.934
2.0904
2.0708
1.9139
2.0302
1.9009
1.9664
1.8021
1.8692
2.0146
1.8131
2.4185
2.071
2.3949
1.9687
1.7905
1.9637
2.3354
2.0767
1.8825
1.9814
2.2929
1.6561
1.8811
2.1292
2.2865
1.6443
2.2576
1.7317
2.1397
1.9987
2.049
1.6915
1.9703
1.8586
1.6933
2.5647
2.2521
1.66
2.0737
1.9531
1.8696
2.015
1.9458
1.6424
2.4091
2.15
1.914
2.0334
2.2067
1.7856
2.1098
1.8876
2.1055
1.8796
1.9321
1.9743
1.808
2.3585
1.8945
1.6727
2.2004
1.4566
1.793
1.9056
2.2155
1.5182
2.3981
2.0163
2.3837
2.0817
2.163
2.5476
1.6682
2.0111
1.781
1.8756
2.7768
1.5242
2.2797
2.1578
2.6021
1.8185
2.5983
1.5802
1.6621
2.2668
1.7819
2.1723
2.3221
1.8692
1.8377
2.0997
1.5514
2.2001
1.6576
2.4534
2.1906
1.7767
2.0203
2.0158
1.9003
2.0317
2.0631
1.9645
2.2365
1.7501
2.0983
2.087
2.1367
1.9269
2.1531
1.6739
2.2192
1.9393
2.0299
2.178
1.6522
1.8823
1.8948
1.7558
2.0791
2.157
1.9546
2.2658
1.6858
2.2116
1.7015
2.3386
2.1041
2.0793
2.0392
1.8388
1.8426
1.9519
1.8375
1.9161
2.0857
2.2465
1.7951
2.0766
1.556
1.9651
1.9094
1.8826
1.9325
1.8062
1.8868
2.0274
1.8822
2.0382
1.9533
1.9932
2.0412
1.8984
1.9699
1.679
2.3054
1.725
2.1982
1.8621
2.0956
2.7766
1.8002
1.9341
1.6815
2.346
2.0615
1.848
1.7589
1.9229
1.8861
1.9121
2.1054
1.74
2.2072
2.1215
2.0084
1.6842
2.5649
1.8247
2.0938
2.3313
1.4089
1.6291
2.2053
1.999
1.7801
2.1218
2.0842
1.812
2.078
2.109
1.7093
1.897
2.2865
2.1203
1.9976
2.1086
1.6061
1.8539
2.3217
1.8325
1.7831
1.8349
2.2926
1.8131
1.911
1.7455
1.6923
2.134
1.9247
1.886
1.8804
1.7329
1.8824
1.9284
2.1219
1.9445
1.914
2.1085
1.9156
1.7528
2.3582
1.691
1.9244
2.0507
2.0952
2.0162
1.7485
2.0859
2.0172
1.9184
2.1676
1.9938
2.1979
1.9878
1.7866
1.7041
2.798
1.7869
2.1844
1.7278
1.9997
1.7036
2.0414
2.136
1.8012
2.4173
2.3361
1.6124
2.3512
2.3517
1.8602
1.9544
1.8659
2.2802
2.0175
2.0261
2.114
2.0311
2.0525
1.9734
2.2577
2.0051
1.9199
1.9321
2.3838
1.8054
1.8423
2.0828
2.2015
1.8014
1.7522
1.9587
2.0595
2.2547
2.3093
1.9487
2.0176
2.1503
1.8475
1.9862
1.7229
2.4736
1.9014
2.1566
1.9422
1.7598
2.1608
1.9958
1.9031
1.7966
2.1935
1.8702
1.9647
2.1709
1.6007
1.7469
2.7468
1.8046
1.928
1.903
2.0133
1.9907
2.2082
1.8605
1.7673
1.9174
2.0557
1.8367
1.84
2.0733
2.048
1.8756
2.0125
1.9628
1.9201
1.8464
1.7758
2.0339
1.9096
2.157
2.2026
1.7985
1.4524
2.3462
1.8134
2.3512
2.0794
1.9054
1.9218
1.8822
1.8812
2.3022
2.2347
2.015
1.8144
1.8256
1.9788
2.331
1.7846
1.9206
1.8321
1.7238
2.036
1.5497
2.2071
1.9976
2.2233
1.9062
1.9868
2.1216
1.7845
2.0458
2.2449
1.8981
1.9537
1.6339
2.0088
2.0757
1.8084
1.5987
1.6908
2.4537
1.9042
1.9713
2.0645
1.9063
1.8192
2.4028
2.1241
2.0045
1.607
2.2899
1.7952
1.9778
2.0372
2.1597
1.8409
1.5746
2.4157
1.9375
2.0794
1.7768
1.831
2.2916
2.003
2.3193
2.2636
1.5761
2.2016
1.8903
2.0254
1.5656
2.5462
1.628
2.0115
2.2445
1.9566
1.9392
2.0095
2.1303
1.8307
2.0614
1.8615
2.0611
1.8206
2.0387
2.1232
1.8089
2.0584
1.71
2.0484
2.0285
2.3648
1.5616
2.2783
1.7776
2.0972
1.86
1.8157
2.2275
1.9811
2.3449
1.9972
1.6947
1.9409
2.5535
1.6054
2.0777
1.8382
1.8603
1.888
1.9662
1.9373
2.0955
1.7934
1.9417
1.5754
2.0389
2.1957
2.1217
1.9269
1.6948
1.9542
2.1624
2.0766
1.9344
1.8603
2.125
2.2223
2.1358
1.6445
1.9419
2.1233
1.8572
1.741
2.935
1.7094
2.3424
1.3316
2.1395
2.197
1.8809
1.6785
1.51
2.5425
1.7318
2.331
1.9625
1.9949
2.2733
1.9411
2.2184
1.8387
1.7491
2.4833
1.8278
1.7631
1.9805
2.1297
1.8267
2.5944
1.968
1.6966
2.0723
2.1698
2.0612
1.5779
2.0918
1.5748
1.9541
2.0026
2.1793
1.805
1.5834
2.1243
1.8998
2.08
1.9543
1.9993
2.0627
2.0388
2.101
1.6397
2.0836
2.1514
1.9409
2.1825
1.8809
2.2091
1.9746
2.3393
1.9296
2.282
2.3531
1.6631
1.8826
2.299
2.244
1.9892
2.1508
1.8996
1.924
2.0861
1.6142
2.0333
2.3065
1.5981
2.3433
1.746
1.9528
1.8813
1.9782
1.7258
1.8315
1.8705
2.5138
1.758
1.8674
2.5903
1.9366
1.8736
2.0964
1.7374
1.8044
1.7391
2.0524
2.0883
1.8755
1.9944
1.802
2.1863
2.0059
2.2223
1.9264
1.7518
1.8226
2.0094
1.5565
2.4258
1.7408
1.6943
2.051
1.8715
2.0964
1.6378
2.4863
1.6167
2.0294
2.2909
1.5044
1.7814
1.9198
1.9791
2.3154
1.7076
1.7195
1.9242
2.156
1.9253
1.8553
1.9432
1.7575
1.6544
2.3327
1.7184
2.0659
2.0982
1.8837
2.1113
1.9785
1.7931
1.9985
2.0571
1.5838
2.0689
1.9522
2.1801
1.961
1.9108
1.8993
2.102
1.5837
2.1596
2.2098
1.8115
1.7042
2.2666
1.9324
2.1327
2.2291
1.9136
2.357
2.0685
2.4347
1.6943
1.8963
2.1042
2.0527
2.2045
1.702
2.4291
2.0657
1.8939
1.9198
2.2777
1.8956
2.008
1.8813
2.0115
1.9435
2.2582
1.4313
2.1285
1.9948
2.0026
1.8825
1.9239
1.829
1.9343
2.1118
1.728
1.9158
2.2318
1.9851
1.6762
2.4767
2.0481
1.961
2.079
1.9774
2.1716
1.7296
2.0162
2.1008
1.8382
2.1581
2.1872
1.9387
2.1869
2.1056
2.0319
1.8563
2.1037
1.7585
2.027
2.2932
1.6159
2.0474
1.579
2.0846
1.7011
2.0447
2.0074
2.2521
1.9635
2.007
2.1572
1.8423
1.8352
1.9176
2.2897
1.8838
2.0608
1.8807
2.3587
2.1981
2.2935
1.6432
1.8053
2.4715
1.8013
1.7263
1.7643
2.3158
2.0199
2.3479
1.5279
2.3947
1.8886
2.2884
2.1771
1.6826
2.4927
2.1042
1.681
1.9437
2.0276
2.0333
1.7549
1.8292
2.758
2.0579
2.017
1.8457
1.69
2.0355
2.2269
2.2164
1.9636
1.7999
1.9745
2.0116
1.5448
2.2066
1.9987
1.5901
2.2491
2.4271
1.7443
1.7221
2.1017
1.8232
1.7535
1.7362
2.4802
2.0796
2.3643
1.983
2.2377
1.6492
2.2604
1.7083
1.7975
2.1791
1.9886
2.1507
2.3006
1.9589
1.6088
2.0683
2.0528
1.554
2.3956
1.6916
1.9437
1.9902
1.8342
2.1282
2.3167
1.6724
2.243
1.6007
2
2.1383
1.9914
2.2379
1.8457
1.7993
1.8183
2.045
1.9741
1.8741
2.0143
1.8087
2.1791
2.0403
1.9764
2.2338
1.8946
1.9804
2.0049
1.9854
1.911
2.1713
1.8285
1.6754
2.0505
2.2157
1.6055
2.041
2.1578
1.8138
1.7347
2.0235
1.6624
2.5583
1.8369
2.0862
1.896
1.8538
1.8796
1.9076
2.0968
1.976
2.021
2.5122
1.6357
1.9255
2.251
2.0012
1.9757
2.0799
1.5291
1.9444
1.8815
2.6054
2.1407
2.2328
1.6847
1.747
1.9723
2.016
1.9352
1.9842
2.0703
2.4934
1.6725
1.8605
1.7841
2.1308
2.0813
1.8247
2.2234
1.7973
2.1855
1.993
1.9574
1.8244
2.1478
1.8851
2.2827
2.0852
1.7479
1.8603
2.0022
2.2389
1.7968
1.9593
1.9904
1.7643
1.8665
1.8374
1.9629
2.0225
1.9312
2.1347
2.0674
2.0053
1.9002
1.8769
2.1098
1.9263
2.1784
1.8556
2.0696
1.832
1.9375
2.0603
1.7751
1.9679
2.464
1.8107
1.9433
2.0938
1.6927
2.008
1.9709
2.1888
2.299
1.8536
1.6912
2.3643
1.9629
2.2916
1.9493
1.6795
1.6678
2.6372
1.8672
1.9759
2.1468
2.4808
1.4685
2.3769
1.8917
1.9973
2.0395
1.8529
2.149
1.7842
2.0356
1.9313
2.1503
1.6183
1.911
2.102
1.8157
2.3897
1.684
1.8678
2.2449
2.197
1.6683
2.0806
2.0623
1.8845
2.1582
1.8592
2.1956
2.073
1.5969
2.3932
1.4869
2.3415
1.6768
1.7727
2.2715
1.7778
2.0459
1.7218
2.2043
1.9259
2.1802
2.0375
1.8475
1.9808
2.2168
1.9348
2.1729
1.7467
2.2547
1.7417
1.9813
1.8618
1.9725
2.0028
2.0847
1.9118
1.8394
2.1827
2.0645
1.9008
1.6601
2.1413
1.968
1.579
2.4211
1.5108
2.0653
2.2823
1.8702
2.0574
1.7815
1.7256
2.3579
1.9461
1.9058
1.4777
2.2247
2.1383
1.6588
2.0431
1.6933
2.071
1.7601
2.1895
1.8191
2.2549
1.7987
2.4042
2.0127
1.9105
1.6548
2.1254
1.9959
1.9516
1.9471
1.974
2.1261
1.9044
2.7096
1.8979
1.8175
1.6678
1.9507
2.0696
2.0017
1.9123
2.3406
1.7116
1.9647
1.7234
1.8928
2.02
1.6676
2.1197
1.7916
2.4841
1.8106
1.8328
1.8845
2.1352
2.123
2.3234
1.8866
2.4096
1.8254
2.0501
1.8601
1.9527
1.9591
2.2939
1.9104
2.108
2.251
1.85
1.7108
2.5162
1.7038
2.2531
2.0941
2.2518
1.8
2.408
1.9312
1.5156
2.1458
1.9611
1.6635
2.1002
1.8554
2.067
1.6424
2.3277
2.0812
2.178
1.7518
1.6325
2.3859
1.7335
2.2071
2.1659
1.9429
1.7024
1.9803
2.0752
1.8661
2.3711
1.7202
2.3284
1.7974
1.8576
2.4724
1.8966
2.2942
1.9869
2.1574
1.5713
2.0548
2.3869
1.9553
2.0432
1.9965
1.9288
1.9549
2.0785
2.0415
1.6864
1.878
2.109
1.9095
2.5324
1.8712
2.0294
1.7321
2.052
1.9341
2.2727
1.633
2.1492
2.0718
2.0937
2.1306
1.5676
2.201
1.9039
1.9279
1.8767
1.9428
1.7262
2.5414
1.9232
1.8547
1.9135
1.6226
2.3523
1.9064
2.0732
1.6451
1.7282
1.6674
1.9675
2.2251
1.9528
1.8363
1.8595
1.8762
1.8669
2.1817
2.1741
1.5496
2.2302
1.9148
1.9845
1.7066
2.0678
1.9689
1.6616
2.011
2.0597
2.002
1.8998
1.8791
1.7099
2.3832
1.7413
2.3723
1.9473
1.9035
2.2928
2.2073
2.0033
1.8269
1.893
1.9131
2.2473
2.1475
1.8271
2.1074
1.5339
2.3707
1.7488
2.0705
1.5131
2.4226
1.7031
1.9932
1.9756
1.9399
1.8309
2.328
2.17
1.871
2.0463
1.9329
1.8323
1.5714
2.0565
2.3042
1.9015
1.8713
2.1407
2.2238
1.88
1.7196
1.8737
2.0456
1.6921
2.5248
2.203
1.6144
2.0333
1.8724
2.0768
2.1863
1.4794
1.8607
2.0999
1.7759
2.2225
2.1235
1.5317
2.2881
2.0482
2.1343
1.9852
1.9524
1.913
1.847
2.2595
1.5123
2.4707
1.5581
2.4794
1.9832
2.1415
2.1789
1.5391
2.1665
2.1779
2.0372
2.0637
2.3597
2.0674
1.514
2.2501
2.1563
1.952
1.97
1.9849
1.913
2.1949
1.9799
2.0302
2.3214
1.5786
2.155
2.0106
2.1394
1.4066
2.3647
2.1262
1.8677
1.7872
1.8711
2.024
1.7268
2.1889
2.0668
2.1435
1.8752
2.3561
1.7983
2.3513
2.0413
1.771
2.0859
2.1018
1.776
2.1663
1.7511
2.035
2.0079
2.1301
1.6021
1.8246
2.3037
2.0279
1.99
2.1171
1.8177
1.6094
2.2934
1.7003
2.0911
2.1553
1.8956
2.1108
1.9616
1.9
1.7935
1.9782
1.7392
2.439
1.5248
2.5921
1.8227
1.7978
2.0259
2.0712
2.3395
1.694
2.1041
2.1117
2.3135
1.7058
2.4466
1.87
1.9371
2.0767
1.3955
2.0648
2.0876
1.3894
2.2348
2.0381
1.9975
2.375
1.7236
1.7074
2.048
2.036
2.0281
1.8907
1.9623
1.8467
1.8102
2.0663
2.1607
2.0935
2.1841
2.0535
1.5873
1.9624
1.7994
1.9054
1.7695
2.4116
1.8162
1.6244
2.0079
1.9505
2.1411
2.0571
2.0588
1.8254
1.9636
2.4092
1.6579
1.7483
1.8987
1.611
2.3066
1.8962
1.9608
2.4574
2.0833
1.9838
1.6976
1.9751
1.8385
1.5924
2.3572
1.8799
2.2471
2.1239
1.8307
1.5668
2.1641
1.6412
1.7657
2.1656
1.9223
1.6661
1.9069
2.1827
1.5941
2.4436
1.8146
2.1001
2.0681
2.3217
1.8833
1.9132
2.0196
1.9272
1.5658
2.156
1.5985
2.3427
1.9101
2.4997
1.841
1.9046
2.024
1.9517
1.641
2.7765
1.7567
1.9118
2.2609
2.186
2.017
1.7684
2.334
1.8269
2.2175
1.8956
2.4343
1.9678
2.4133
1.723
2.0989
1.8886
1.8211
2.5248
1.7309
1.8822
2.1842
1.9663
2.1792
2.3899
1.6273
1.9829
1.7058
2.2629
2.1075
1.8161
1.6821
2.0355
1.813
1.8133
1.9573
2.5616
1.7912
2.0048
1.5456
1.7776
2.1279
2.0893
2.366
1.8785
1.698
2.1602
1.8901
1.7836
2.549
2.1488
1.7678
2.0405
2.1597
2.5094
1.7442
2.3018
1.8314
2.3149
2.3191
1.8376
1.5428
1.7975
1.9307
2.2499
1.5808
2.292
1.9983
1.958
1.7694
1.7636
2.4631
1.8747
1.8377
2.3569
1.6225
2.1327
2.0554
1.6052
2.3218
1.9179
1.8922
1.9486
2.2123
1.94
1.9166
2.2212
2.0928
1.8791
1.5967
2.1411
1.7886
2.3075
1.7901
2.0433
2.1192
2.1103
1.4828
1.7016
2.0113
2.1601
2.028
2.4919
1.9609
2.0363
1.8807
2.1885
1.706
1.9773
2.104
1.7484
2.3554
2.0903
1.8118
1.9324
2.2884
1.7963
1.9707
2.1902
1.886
1.5788
2.1911
2.2402
1.5419
1.9616
1.9033
2.103
2.2289
2.3387
1.8688
2.0228
1.8191
1.87
1.5817
2.2372
1.974
1.6538
1.8051
2.1276
2.1423
1.9919
1.7279
1.7934
2.1008
2.3993
2.2023
1.8291
2.0147
2.0568
2.0446
1.9312
2.1108
2.1629
2.0395
1.8911
2.1991
1.6534
1.6331
2.2926
2.2465
1.7567
1.8918
2.2607
2.1433
1.8074
2.4002
2.1559
1.856
1.906
2.0218
2.2014
2.1771
1.7868
1.8506
2.1484
1.8165
2.1014
2.1169
2.095
1.9219
1.5141
2.3795
1.981
1.9855
1.9514
1.666
1.9809
1.6504
2.5674
1.8405
2.3147
1.7983
1.5643
1.6385
2.288
1.9197
2.3648
1.6298
1.8372
1.9406
1.8385
1.6148
1.8986
1.7015
1.7433
2.0392
2.3394
2.1123
1.9922
2.238
1.3972
2.0042
1.9478
2.561
1.4528
2.2402
1.7309
2.1038
1.6737
1.881
2.2925
2.1988
2.1604
1.6399
1.9054
1.7028
2.0582
1.9961
2.2545
1.6015
2.0508
1.6809
1.8869
2.159
1.6939
1.7555
2.0669
2.1249
2.0158
2.1393
2.5748
1.8484
1.7397
1.8647
1.967
2.2943
2.1601
1.7763
2.5902
1.9126
1.751
2.3109
1.8672
2.2347
2.1617
1.8968
2.1021
2.13
2.1147
2.2701
1.6989
2.2543
1.8863
2.1998
2.0155
1.6913
1.6685
2.1488
2.1832
2.1472
1.7444
1.8771
2.1057
1.8693
2.2162
2.1077
1.9704
1.8445
1.868
2.4483
1.9688
1.7187
1.8303
2.1735
1.9556
2.1167
1.7772
2.0892
1.4405
2.7
1.9561
1.8069
1.9812
1.805
1.7799
2.0308
1.5588
2.4983
2.2359
1.7562
2.0134
1.6774
2.1521
2.1795
1.9933
1.9257
2.1497
1.8363
2.0186
1.917
1.8529
2.0843
1.6335
2.1649
2.0496
1.9393
1.9606
2.0142
2.3802
1.9452
1.8959
2.0338
1.7558
1.9911
1.7758
2.2609
2.1907
1.8154
2.2095
1.9791
1.9853
2.1464
1.9824
1.6661
1.8788
2.3041
1.8829
1.9926
1.8306
2.1147
1.9517
1.8183
2.3882
2.3219
1.7081
2.3655
2.4497
2.3073
1.744
1.9328
1.7746
2.0338
1.7117
2.1302
1.8958
1.8069
1.9408
1.7306
2.0364
2.069
1.5703
2.1954
2.3607
1.8504
1.888
2.0874
1.965
2.2193
1.6995
2.0051
2.5449
2.0051
2.0027
1.7892
2.1954
2.0866
1.7066
1.9735
2.4326
1.7556
1.8543
2.1567
2.0972
1.8272
1.7513
2.0167
1.7754
2.2607
1.8694
2.0834
2.3808
1.6563
1.8669
1.9121
2.3436
2.1794
1.9067
2.258
1.803
1.8181
2.0531
1.7793
2.1707
1.9023
2.079
2.1094
1.7437
2.0562
1.7521
1.9844
2.3063
1.9544
1.6494
1.98
1.928
1.8622
1.7353
1.9141
1.9883
1.7567
2.2384
2.1674
1.4346
2.0098
1.9102
2.1834
1.9379
2.2947
1.4923
2.0655
1.5329
2.3463
1.9762
2.3635
2.5241
1.5323
1.7392
2.0417
2.421
1.6102
1.7976
2.5956
1.8527
2.1441
1.9491
1.5655
2.2422
2.0233
1.7571
1.9588
2.3348
1.8224
2.0799
2.089
1.6892
2.0634
1.577
2.0725
1.9377
1.7917
2.0198
1.8107
1.9672
2.0031
2.245
1.5172
1.852
2.4737
1.6688
2.1434
2.226
1.6422
2.2486
1.7393
1.9328
2.4513
1.7879
2.0074
2.3252
1.6169
2.2029
1.585
2.2207
2.1369
2.1662
1.9193
2.6165
1.5498
2.0447
1.8791
2.0944
1.8683
2.0728
2.0274
1.8781
1.7212
2.1148
1.7728
2.2088
2.2537
1.5475
2.1286
1.9136
1.7066
2.02
1.6333
2.0078
2.1088
2.1448
2.1057
2.2675
2.0118
1.8431
1.9337
2.3452
1.9351
1.8385
1.7943
2.0223
1.9656
1.9633
1.696
1.8413
1.8822
1.9105
1.9471
1.9161
1.9985
1.9448
1.7349
2.3139
1.9571
1.8097
2.0865
2.4947
1.6155
2.3592
1.6071
2.0137
1.7829
1.8608
2.0418
2.1636
1.9961
1.8321
1.8268
2.0552
1.6384
2.1705
1.9481
2.2626
1.8729
2.1276
2.4672
1.6695
1.917
1.8512
2.1561
1.2932
2.1667
2.0585
2.24
1.9238
1.854
1.8757
2.1309
1.8864
1.4867
2.5137
2.0689
1.8623
1.7639
2.1838
1.7196
1.941
2.0483
2.0186
1.7832
1.6534
1.7677
2.0566
2.056
2.1184
2.1342
1.585
1.9393
1.8504
2.1805
2.0537
1.8511
1.8565
2.0972
1.99
1.8934
2.031
2.0298
1.7494
2.5119
1.9272
1.768
2.2773
2.0747
2.053
1.8234
2.1889
2.0279
1.7849
2.2399
1.8321
2.0697
1.9351
2.1826
1.8989
2.0039
1.952
2.0494
2.1668
1.568
2.0841
1.9952
1.8339
2.0653
1.7147
2.3804
1.71
1.6337
1.955
1.7842
2.1219
2.2193
1.6669
2.2152
1.9317
2.1278
2.0884
2.0084
2.1571
1.7435
2.0299
2.0749
2.0832
2.0049
2.2299
2.0903
2.3234
1.7641
2.0643
2.4872
1.8201
2.032
1.8712
2.0764
2.1174
1.5701
1.9036
2.1366
2.3694
1.6975
2.0875
2.0662
2.1342
1.6161
2.4498
1.8391
2.1038
1.7946
2.246
1.5788
2.2374
1.9682
1.6879
2.0271
2.0437
1.9099
2.2332
1.9614
1.8196
1.63
2.3437
1.7776
1.7988
1.8549
1.9188
2.2011
1.7418
2.1517
2.0932
1.7065
2.4134
1.9163
1.9516
1.8816
2.2993
2.037
2.1416
2.0031
1.6938
2.3872
1.9893
2.0995
1.8689
2.4087
2.0928
2.0501
1.6654
1.968
2.0719
1.7211
2.0058
1.8015
2.5294
2.1822
2.0103
1.7978
1.842
2.0892
1.8679
2.366
1.7153
1.9421
2.0975
1.6853
1.9825
1.9849
1.7397
1.6913
2.0913
1.8287
1.8004
2.2538
2.0067
1.3142
2.4386
1.8406
1.5857
1.9907
1.8206
1.8349
1.928
2.1843
1.9047
2.0496
1.916
2.3068
2.0062
2.0504
2.1549
2.2482
1.4717
2.2544
1.768
2.055
1.7556
1.9482
2.1338
1.52
2.1051
2.373
1.8567
1.8219
2.2769
1.9974
1.7197
2.1465
1.8768
1.9356
1.7078
1.8736
1.9423
1.7584
2.2866
2.0609
2.0589
2.0542
2.1253
1.9446
2.1959
2.0377
1.7445
1.9898
2.0719
1.8599
2.0155
1.6502
1.607
2.0775
2.2651
1.7647
1.9449
1.8002
2.3321
1.9353
1.7015
2.0382
2.1012
1.8821
2.1837
1.7195
1.8054
2.5703
1.7597
2.056
1.8759
1.9263
2.2532
1.6481
2.5441
2.2616
1.592
2.7577
1.7329
2.3234
1.8048
2.1407
1.7538
1.6442
2.2045
2.2555
2.1053
1.6556
2.0628
2.163
1.9468
1.9116
1.6495
2.2642
1.999
1.8606
1.7935
2.3383
1.4746
2.135
2.142
1.8334
2.1286
1.7223
1.8918
2.2899
1.8455
1.9109
1.9772
1.9449
1.5597
2.1508
1.8672
1.9632
2.1745
1.9026
2.1949
1.8018
2.2391
1.8544
2.2401
1.7585
1.8702
1.9751
1.7547
2.0445
2.131
1.8886
2.0318
1.9818
1.7491
2.3767
2.2201
2.349
1.9256
1.9402
1.9073
1.8361
1.9904
2.3071
1.7647
1.9655
1.9939
1.8944
2.1825
2.2325
2.1286
2.1043
2.0882
1.6203
1.9939
2.2099
1.6912
1.6263
2.0334
2.0288
2.0446
1.9206
2.509
2.0393
1.3495
2.1597
1.9977
1.9661
1.9498
1.9715
1.6837
2.0451
1.4558
1.9249
1.9321
1.9041
2.2236
1.7404
2.1602
1.9144
2.0514
1.8816
2.0901
2.0418
1.5879
2.5943
1.8047
1.7209
2.0876
2.0349
2.0012
1.9872
1.9841
1.584
1.6244
2.1873
1.7638
1.8707
1.9335
2.0606
2.0191
2.1416
1.9159
1.9952
1.8
1.9544
1.8998
2.0881
2.2661
1.9805
2.4657
1.8318
1.908
1.5252
2.049
1.6501
1.9174
1.7266
2.1627
1.5522
2.2437
1.7502
1.9991
2.0953
1.7318
1.8462
2.5202
2.0473
1.9853
1.7182
2.092
1.7385
1.97
2.0265
1.6895
2.1802
1.8544
1.8788
2.4506
1.9697
1.8104
2.2609
1.6772
1.6118
2.3784
2.1966
2.1976
1.8955
1.5862
2.4586
1.7904
1.9331
1.8314
1.6045
2.27
2.0099
2.2653
2.1193
1.9762
1.7282
1.9223
1.9684
1.7921
1.5838
2.154
2.0785
2.3359
2.2203
1.8391
2.1114
2.1038
1.9213
1.4958
2.135
2.0841
2.0508
1.7561
1.836
2.3927
2.0203
1.9926
1.6508
2.2595
2.021
2.1769
2.001
2.1924
1.8778
1.9476
2.1405
2.1106
1.9309
1.7353
2.0823
1.689
1.7175
2.6659
1.619
1.9994
2.0398
2.3357
1.8235
1.7275
1.8391
2.4671
1.649
2.2117
2.0627
1.8345
1.8874
2.4061
2.3954
2.0298
1.8634
2.1235
2.2689
1.7886
1.6723
2.41
2.5902
2.0555
2.2018
1.9367
1.6015
2.3464
1.7215
2.2944
2.0425
1.5188
2.4083
2.0828
1.5072
1.5776
2.2065
1.8674
2.022
1.9052
1.8958
2.3008
1.6115
2.0087
2.1103
1.7796
2.5823
1.8168
1.9369
1.74
1.6904
1.8311
1.9137
2.1357
2.0623
2.0518
1.9126
2.2505
1.8445
2.2495
1.4902
2.0515
2.3109
1.6489
1.8861
1.9989
2.3648
1.8151
2.3903
1.9573
1.6518
1.9609
1.9939
2.4234
1.9272
1.9353
1.8847
1.9837
1.9644
2.0965
1.9626
1.9642
1.9318
2.2372
1.8534
2.3255
2.1918
1.6978
2.2806
2.1017
2.0479
2.0489
1.7522
1.9686
1.6932
1.9898
1.9462
1.8356
2.144
2.0505
2.1618
1.9819
2.2154
1.7054
1.7506
2.1401
1.9316
1.8897
2.138
1.9641
2.0591
2.3507
1.7589
2.2928
2.2083
1.8277
1.8042
2.0443
1.7707
2.0359
2.0443
2.1857
2.1274
1.8716
2.0598
2.4577
1.8008
1.904
1.8737
1.9546
1.933
2.0688
2.191
1.9368
2.21
1.6038
1.9549
2.0924
1.7532
2.4149
2.0247
2.2924
1.7883
1.7818
2.4971
1.5385
2.4693
2.0725
1.7721
2.1565
2.0856
1.6454
2.4533
1.7736
2.2449
1.9881
2.2219
2.2041
2.1189
1.857
2.0439
2.2377
2.2132
1.7072
1.8251
1.7793
2.4841
1.732
2.3412
1.8668
1.886
2.1975
2.2792
2.0376
1.8255
2.4499
1.8926
1.9102
2.0146
1.9535
1.7998
2.148
1.5168
2.0641
2.0996
1.9855
1.8363
1.8555
2.2034
1.769
2.3511
1.7339
2.1304
1.9965
1.9961
1.9518
2.098
2.1094
1.7816
2.1975
1.7138
2.1227
2.0866
1.7917
1.9397
1.6806
1.9292
2.5607
1.9434
1.8953
2.3824
1.4608
2.0411
1.8274
2.1334
1.8122
1.8103
2.104
2.0387
2.095
1.6356
1.8051
1.7947
2.1414
1.5686
2.0801
2.0474
2.0555
1.9699
1.7137
1.9302
1.7779
2.1565
2.2415
2.018
1.6215
2.1687
1.9135
1.7502
1.9478
1.601
2.1958
1.8821
1.9182
2.1838
2.2158
2.0313
1.6671
2.0152
2.1681
1.7518
2.15
1.6073
2.4507
1.7764
1.8451
2.1332
1.5976
2.2588
2.1726
1.6308
2.2041
1.7036
1.9557
1.8053
1.7419
2.0665
2.1096
2.1938
1.8399
1.8181
1.7897
1.4683
1.9183
1.8522
1.9095
2.0028
2.3876
1.7013
1.9657
2.1617
1.7008
2.2802
1.7459
2.0195
1.8208
2.1078
2.1626
1.7241
2.3339
2.0603
1.8334
1.8506
1.7638
2.0572
1.7623
1.7472
1.9756
2.0226
1.8588
1.7734
1.935
2.2041
1.7302
1.9282
2.749
1.5697
2.0551
2.2881
2.2706
1.6665
1.87
2.2058
2.0679
2.2089
1.5874
2.2445
1.5925
2.5155
1.6245
2.1459
1.6114
2.1739
1.9199
1.9334
1.6494
1.8215
2.2595
2.1842
2.011
2.4717
1.7975
1.7405
1.9192
2.1753
2.2812
1.6778
2.1632
2.0677
2.0695
2.0492
1.8641
1.7327
2.0204
2.0034
1.8139
2.0648
2.0845
1.7976
1.8919
1.7345
1.8881
1.9913
1.727
2.0487
1.704
1.7172
2.5095
1.7085
2.7642
2.1576
1.7404
2.2209
2.1263
1.7109
2.0444
1.8299
2.2071
1.5944
2.5477
2.0734
2.1965
1.5516
2.0994
2.0889
2.0325
1.7997
2.0773
2.2822
1.9131
2.0336
1.6538
2.3083
2.0892
1.7877
1.7986
1.7546
2.2411
1.9831
2.4181
1.9622
1.9453
2.0621
1.9375
1.8195
1.752
2.1474
1.8496
1.8988
1.9361
2.0739
2.1848
2.4919
2.4302
2.2027
1.804
2.2319
1.8907
2.0822
2.0125
2.2624
1.9048
2.299
1.8066
2.2272
1.8072
2.3977
1.7962
2.3219
1.8804
2.2509
2.0899
2.1185
1.9299
1.6817
1.9764
1.7929
2.1935
2.0331
1.6622
2.4646
1.6803
2.1276
1.9234
1.8311
2.1532
2.2461
1.9048
1.749
2.3719
1.8859
1.8236
2.0853
1.8475
1.7773
2.0776
1.9968
1.9462
2.233
2.2855
1.6577
1.9298
1.9654
1.8414
1.6127
1.9734
2.2935
1.5635
2.103
1.796
1.7868
2.0164
1.6743
2.1346
1.9124
2.1626
1.655
2.4489
1.4608
1.9934
1.666
1.8942
2.1156
1.9252
2.163
1.4833
2.2334
2.1682
1.9001
1.8042
2.1996
2.2071
1.8117
1.6809
2.1061
1.8124
2.3347
1.8021
1.9896
1.9832
1.8646
1.8538
1.867
1.9623
2.228
2.4626
1.6066
1.9425
2.1003
1.9635
2.3773
1.902
2.2478
1.9236
1.9833
2.2415
2.1824
1.5763
1.8581
2.4253
1.784
1.9669
2.0615
1.9013
2.0152
2.0883
1.8889
2.1287
2.0937
1.6489
2.2571
2.0999
1.8905
1.8586
2.1492
2.2502
1.9425
2.1749
2.0677
1.9078
1.7233
1.9289
2.1152
1.9225
2.1435
1.7593
2.0221
2.3018
1.7936
1.7821
2.2927
1.49
2.2837
2.1758
2.3692
1.8784
1.9471
2.3465
1.7381
2.023
2.0919
1.7124
1.9284
1.8088
2.1756
1.9447
1.9696
1.9855
2.2863
1.4245
2.4465
2.1896
2.1376
2.2296
1.9012
1.6487
1.9527
1.7758
1.8904
2.1153
1.8524
1.9977
2.0561
1.8266
2.3556
1.4421
2.1017
1.7555
1.9255
2.217
1.9197
1.7137
1.7927
2.1901
2.1318
2.0292
1.9281
1.7645
2.0959
1.7037
2.1437
2.0179
2.1258
1.5271
2.2867
1.7207
2.1506
2.0088
2.5176
1.787
1.7225
2.1063
2.12
2.024
1.7559
1.667
2.0239
1.9295
1.9102
2.2749
1.7731
2.357
1.9028
1.7567
2.2881
1.906
1.6951
2.2679
1.7877
2.1513
2.1425
2.0617
2.1914
1.5093
1.9822
2.077
1.6815
1.8438
2.5765
1.664
2.3525
2.02
1.6164
2.1414
1.7906
2.0176
1.8275
1.9822
2.1152
1.9358
1.857
2.0316
2.1637
1.7487
1.9692
1.6405
2.3628
1.9933
2.1923
2.011
1.4503
2.3271
1.8832
1.619
1.8605
2.1025
2.1488
2.1672
1.5375
1.8882
1.7395
1.8946
2.3334
2.5166
1.6249
1.8161
1.9997
2.1403
1.9938
1.9227
2.1551
2.0862
1.8287
2.1907
1.5037
1.7786
2.2005
1.8744
1.7309
2.2853
2.062
1.704
1.9947
2.0092
2.0483
1.9201
2.2604
2.1169
2.119
2.2018
1.8046
1.7471
1.823
2.2869
1.868
2.5091
1.9966
2.1047
2.0129
1.646
1.9457
1.8744
2.1425
1.7704
1.9784
2.0385
2.3727
1.8707
2.2076
1.6998
2.1576
1.7247
1.7951
1.8769
1.6996
2.3249
1.9263
1.9329
1.7805
2.0391
1.6434
2.1899
2.1148
2.1792
1.9856
2.2318
1.6803
1.7239
2.4723
2.1124
2.1652
1.5866
2.4214
1.649
1.7656
1.9046
1.9841
1.9434
1.8724
2.0163
2.2692
1.9549
2.2387
1.8904
2.0522
1.9335
2.1482
1.8247
1.6616
2.1345
1.9429
2.3887
1.8337
2.3337
1.7986
1.9273
1.7953
1.4555
2.0239
2.2059
1.7394
2.4651
1.6562
1.9546
2.3025
1.8078
2.1117
2.4814
2.0145
2.3953
1.6064
2.3539
1.7097
1.7353
2.0403
1.6302
2.3942
1.9701
1.8554
2.4511
2.0959
2.1788
1.93
1.8614
2.2056
2.1584
2.0411
1.9284
1.9973
1.9574
1.8795
2.0691
2.2875
1.3564
2.0981
2.1669
1.6708
1.8712
2.1819
1.9297
2.1339
1.6933
2.1137
1.8249
2.3023
1.9283
1.8768
1.7836
2.1658
2.3384
2.1204
1.8025
1.9043
2.1079
1.7098
2.0814
1.8363
1.5624
2.0338
1.9668
2.1037
1.906
1.8195
1.9211
2.0268
1.9162
1.7046
1.6173
1.739
2.0619
1.9805
2.4707
1.8642
2.2022
1.7275
2.0879
1.8745
1.7292
1.6649
1.6128
1.836
1.8258
2.39
2.3863
1.6034
1.9612
2.1073
1.9374
1.8223
1.8298
1.8031
2.1402
2.0393
2.0484
2.1606
1.6721
1.7662
1.8391
1.9031
1.9541
2.0754
2.158
1.8704
1.7374
2.2883
1.8471
1.7963
1.9384
1.6942
1.7744
2.088
2.0078
1.6666
1.9406
1.7905
2.1805
2.2761
1.434
2.1167
2.035
1.6547
2.1164
1.9963
2.1802
2.0467
2.0618
1.9785
2.157
1.9722
1.9038
1.8533
2.2492
1.7167
2.2589
1.8851
1.6905
2.3758
1.9933
2.0503
2.0253
1.883
2.0728
2.1258
1.8995
2.2037
1.5457
2.1797
2.479
2.4328
1.8479
1.6346
1.9946
2.1194
1.6564
1.9739
1.9777
2.0937
2.1727
1.9561
2.0594
1.9297
2.1375
2.0868
1.6066
1.8939
1.7323
2.1193
1.9913
1.9352
1.6989
2.4448
1.7269
1.9611
2.0569
2.1266
2.189
1.9697
1.6648
1.9818
1.9469
2.0138
2.134
1.798
1.9448
1.7711
2.0392
2.0034
2.0768
2.037
1.7762
2.298
2.0451
2.0504
2.0138
1.9249
1.8256
1.6715
2.4269
1.8177
2.0946
1.8536
2.334
1.9369
2.2698
1.9132
2.0419
2.3815
1.5041
1.9163
1.9208
1.9025
2.4097
2.167
1.8263
1.7976
2.1345
2.0117
2.3743
1.6171
1.5631
2.2474
2.1297
1.89
1.9259
1.8866
1.791
2.4488
2.0137
1.896
2.0397
2.1494
2.0022
2.0892
2.0365
1.7355
2.288
2.1759
1.5361
2.3276
1.9687
2.2884
1.6714
1.9577
2.3384
1.9655
2.1043
1.7262
1.9041
2.0602
1.7706
1.9183
2.336
2.2342
1.6249
2.0373
2.229
1.8326
1.9364
1.7802
2.1512
1.5849
2.4772
1.6833
2.0741
1.957
1.9752
2.4931
1.4777
1.951
2.342
1.9866
2.2202
2.3635
2.1549
2.0923
2.2663
1.8241
1.9957
1.812
1.7155
2.0802
1.76
2.1749
2.0179
1.9761
2.352
1.8434
1.8948
1.8007
2.021
2.1796
1.5124
2.2432
2.3634
1.5203
1.9119
2.249
1.7036
1.7093
2.0738
1.9597
2.042
2.2083
1.7614
1.9277
1.7407
1.8152
1.8676
1.9239
2.2926
1.9864
2.0079
2.0537
1.6486
2.2928
2.0514
2.527
1.9341
1.6519
1.8965
2.0932
1.8012
1.9875
1.7543
2.1586
1.9955
2.1652
1.9303
2.3479
1.7722
2.3436
1.7642
2.1803
1.6733
1.717
2.0282
1.9224
2.2459
2.0506
1.6785
2.0493
1.9226
2.1793
1.9768
1.6626
2.39
1.9106
1.9256
1.6952
2.1472
1.8985
2.2401
1.5888
1.8335
2.2025
2.0752
1.8848
1.9432
1.9675
2.1492
2.4071
1.8194
1.9268
1.8612
2.3147
2.0784
2.1086
1.7758
1.7942
2.0656
1.8649
2.5506
2.1091
1.9508
1.625
2.0417
2.0618
1.8404
2.6373
1.8006
2.2852
1.7629
1.86
1.989
1.8468
1.9155
1.8346
2.0796
2.4756
1.9847
1.2556
2.1953
1.896
2.4027
2.0231
1.8406
2.2725
1.7609
2.1185
2.1397
1.8931
2.6425
1.7642
1.9975
1.8035
2.1553
2.0795
1.8944
1.943
1.9282
1.9119
2.2208
1.8748
2.2673
1.7726
2.1156
2.081
2.1741
1.9923
2.1443
1.8076
1.8413
1.9015
2.0864
2.0572
2.0483
1.9347
2.1315
1.6123
2.0008
1.7797
1.9056
1.7776
2.4258
2.0746
1.8394
1.5947
2.2639
2.0507
2.2414
2.0559
1.9133
1.7468
1.9219
2.1378
1.9923
1.8039
2.2322
1.8311
2.1217
1.929
1.8266
2.5336
2.2238
1.9677
1.8238
1.9829
2.4391
2.408
2.0069
1.8769
1.7358
2.054
1.8793
2.0266
2.1784
1.8571
2.2705
1.8738
1.7649
1.7935
1.7861
2.4908
1.8849
1.854
1.9794
2.0075
2.2817
1.8267
1.6797
1.842
2.2494
1.8781
1.8933
2.0486
1.8533
2.3665
1.6735
1.6875
1.7574
2.0229
1.914
1.7197
1.8953
1.794
2.0456
2.1837
1.9306
1.8443
1.9746
1.7925
1.8562
1.7582
2.6782
1.7093
2.26
1.9546
1.6565
1.9845
1.777
2.4341
2.2671
1.7478
1.9188
1.8524
2.18
1.9585
1.3348
2.2575
1.9884
2.3407
1.8884
2.0706
1.8166
2.1592
1.7572
2.1389
1.7392
1.8249
1.8993
1.6616
2.5486
2.0447
1.61
1.9388
1.7175
1.8175
2.2556
1.7609
2.2235
1.5696
2.0735
2.1529
1.9699
1.8726
1.7861
1.8342
2.1402
2.0425
2.1541
1.8643
1.6826
2.353
1.89
1.8352
2.047
1.8566
2.526
1.4934
2.4966
1.7365
2.2935
1.6986
2.0152
2.0718
1.9238
1.6789
1.6705
2.391
1.8557
1.7568
1.8307
1.9383
1.6671
2.0844
2.5993
2.0084
2.1043
1.8547
1.9649
2.1769
1.8053
2.1836
1.8622
1.5672
2.4672
2.0172
1.7106
1.9129
2.0202
1.6055
1.953
1.9524
2.4148
1.966
1.6546
2.3731
1.7401
2.1061
2.3295
2.3372
1.9747
2.2369
1.858
2.3039
1.7463
2.01
1.5678
1.8825
2.2384
1.6217
2.5254
2.2834
1.6407
1.5967
2.1147
1.5926
2.2501
2.2065
1.8422
2.4476
1.8879
1.8392
2.1216
1.6236
2.3042
1.7054
1.9064
2.031
1.9815
1.7438
2.2414
2.0056
2.2321
1.6339
1.8168
2.0406
2.0118
2.0301
1.8392
1.845
1.7252
1.9368
1.8085
2.3007
1.9345
1.7401
1.9112
2.6046
1.6028
1.8994
2.134
1.6984
2.1976
2.1643
1.8622
1.7923
2.034
2.1276
2.2443
1.9038
1.9038
1.8528
2.0036
1.8753
2.1084
1.7702
1.9409
1.6795
2.1503
1.8675
1.8571
2.1005
1.8426
1.8209
2.0509
1.684
2.0875
1.6659
1.888
2.5132
1.8845
1.6462
1.9767
1.6081
2.19
1.6933
1.9492
1.8809
1.794
2.2756
1.9199
2.0228
1.6439
2.3902
1.8237
1.6708
1.9363
1.7227
1.9069
1.9267
2.2595
2.0662
2.3142
1.8182
2.2465
2.0368
2.1832
1.5966
2.1964
1.825
2.1336
2.0736
1.9968
2.303
2.0307
1.7062
2.5549
1.9336
2.1751
2.1693
2.0599
1.9724
2.0446
2.3982
1.408
2.4912
2.2673
2.0899
2.1621
2.1742
1.8233
2.078
2.0353
2.4767
1.7165
1.8572
2.0076
1.4457
2.2196
1.7448
2.1695
2.2975
1.5644
1.8124
2.1566
1.704
2.0368
2.7475
1.6821
2.0816
1.9425
2.3094
2.2673
1.5552
1.6778
2.1529
2.1001
2.0237
2.1754
2.0836
1.8589
2.1057
1.6806
1.6041
1.9605
1.7326
2.2391
1.9049
1.5592
2.1541
2.1426
1.726
1.926
1.6999
2.2436
2.3375
1.4812
2.2894
1.6338
2.0346
1.7752
2.169
1.6733
2.4033
1.7069
1.871
2.0013
2.1518
1.9257
1.8453
2.0011
1.9568
1.6849
1.8309
2.2086
2.0881
2.0272
1.5689
2.2219
2.317
1.582
1.4295
2.3296
1.7203
2.2699
2.3891
1.7228
1.782
2.0751
2.2121
1.8752
1.8304
1.8634
2.1149
1.7154
1.9172
2.2702
1.9829
2.1527
1.9477
1.8071
2.1381
2.0494
2.1982
1.8001
2.0877
1.629
2.3255
2.258
2.0691
1.8566
1.896
2.0334
2.0073
2.147
1.9776
1.957
2.222
1.8787
1.8867
2.3846
2.0627
1.7914
1.7776
2.1441
2.1268
2.0254
1.8461
1.8889
1.8579
1.8487
2.0007
1.9755
1.3402
2.3019
1.9564
1.8863
1.8727
2.1733
1.8117
1.83
2.3521
2.043
2.3291
1.7895
2.1363
2.4087
1.527
2.4115
1.7409
1.8786
2.1925
1.6961
1.923
2.1903
2.0122
2.0516
1.9633
1.9374
1.7934
2.0191
2.1437
1.8382
1.9994
2.2011
2.1117
1.865
1.5919
2.1523
2.003
1.874
2.1249
2.0237
1.647
2.0945
2.377
2.3924
1.8827
1.7335
2.2617
2.3271
1.8168
1.4884
2.0352
1.7373
2.1484
1.9606
1.7375
1.8937
2.3621
2.0722
1.6047
1.9415
1.9723
1.6685
2.3082
1.6819
1.914
1.9508
2.0789
2.1548
1.7379
2.0163
2.4023
1.6752
2.0079
1.8833
1.7813
2.1156
2.103
1.936
2.2511
1.9762
1.8242
2.1743
1.8762
1.8765
2.2986
2.1442
1.9319
1.6921
2.22
2.1508
1.7088
2.2716
1.7297
2.2076
2.3396
1.9546
2.3584
1.7467
1.8626
1.9728
2.399
2.1859
1.7397
1.7327
2.2382
2.1716
1.9565
1.9462
2.2125
1.699
1.665
2.4123
1.7561
2.1574
1.4091
2.1443
1.838
2.2456
2.0403
2.1101
2.1234
1.7181
1.9082
2.2952
1.7357
2.2053
2.0582
1.9505
2.7259
2.2266
2.0809
2.0948
2.0602
2.6903
1.6931
2.5396
1.6161
1.7773
2.4704
1.8916
1.9051
2.089
1.7701
2.0508
2.2735
1.5863
1.6895
2.0976
1.8219
1.9912
1.9876
1.9309
1.8036
2.2242
1.6992
2.0111
2.3043
2.0264
1.9283
2.0912
1.9131
1.9349
2.0724
1.8515
2.5127
1.5899
2.0323
2.249
1.9414
1.9525
2.1309
2.3302
2.079
1.8026
2.1489
1.9779
2.1195
2.2453
1.7216
2.4244
2.159
1.778
1.8541
1.9818
1.9299
1.7514
1.6628
2.1152
1.9062
2.0745
2.0889
2.1368
1.9473
1.7575
2.2018
2.2096
1.9613
1.8036
2.3731
1.6093
1.9772
1.9476
2.0341
1.9904
1.6691
2.1059
1.84
2.0567
1.9923
1.7973
1.9954
2.1697
1.7378
2.2168
1.713
1.9242
2.0236
1.8861
1.8532
1.9499
2.0951
1.8286
1.8775
1.8243
2.1584
1.8639
1.8597
2.0305
2.0897
2.0639
1.5858
1.7995
2.1131
2.2127
2.0409
1.7325
1.9249
2.4872
1.745
1.8744
2.194
2.621
1.6201
2.1434
1.596
2.3683
1.8346
1.9642
1.7693
2.0624
1.8203
2.0888
2.1183
1.8125
2.3036
1.9541
2.1089
1.8327
2.4878
2.2708
1.8756
2.0289
1.9857
1.9782
2.5457
1.8323
1.955
1.7905
2.3706
1.914
2.1167
1.8111
2.363
2.0044
1.9802
2.0715
1.9951
2.2449
1.5564
1.951
2.0224
1.8799
1.8618
2.179
1.7872
2.3591
1.9642
1.6202
1.8586
1.7114
2.236
1.5895
2.2292
1.8183
1.6856
2.2758
1.7871
2.3831
1.6775
2.0175
1.7072
1.9441
2.1982
1.8786
2.4459
1.969
2.0996
2.1204
1.6892
2.2828
1.6995
2.2608
2.0373
1.9563
1.7628
1.7558
2.1015
2.3686
1.8804
1.9565
2.2535
1.5405
1.8462
1.7439
2.1628
2.109
1.5521
1.9084
1.8623
1.9866
1.9856
2.5935
1.6409
2.1872
2.2613
1.7974
1.8255
1.7062
1.9514
2.5235
1.7225
2.0332
2.3254
1.7355
2.4324
1.7753
2.2105
1.8217
1.8389
2.5884
1.7717
1.5796
2.4836
1.8599
2.0962
1.6913
2.43
1.8273
1.8348
2.0936
2.0612
1.6512
1.7288
2.2003
2.0826
2.0685
1.7348
1.8466
2.4023
2.2142
1.7198
1.8891
2.1126
2.0547
2.1012
2.3898
1.672
2.1254
1.9249
1.8579
2.0907
1.7891
1.6304
2.3662
1.9534
1.6982
2.0161
1.8829
2.237
1.9756
1.74
1.9375
2.02
1.695
1.9627
2.0945
2.0252
2.3327
1.7559
2.1347
1.9744
2.2925
1.9501
1.7607
1.8042
1.6132
1.6921
1.8663
1.7411
2.1121
1.92
2.0931
1.8411
1.859
1.7653
2.0944
1.8532
1.9805
1.6315
2.3999
1.8141
2.0385
1.6859
2.1684
1.9723
1.8301
2.2664
1.9886
1.763
1.7941
2.0347
1.6557
1.996
2.0797
1.8255
2.1811
1.7585
1.9975
1.9718
1.805
2.1352
1.8879
2.1355
1.6984
1.9967
1.7732
1.8962
2.2829
1.853
2.2303
1.908
2.4793
1.691
2.0787
2.1302
1.7015
2.0276
1.8135
1.7711
2.143
1.9518
1.7923
2.0336
2.4134
2.0576
2.0813
2.091
1.9478
1.9373
2.0392
1.7539
1.7064
2.0262
2.131
1.7488
2.4907
1.4924
1.9135
1.9519
2.0046
1.8823
1.7616
1.8441
1.8034
1.8342
2.1896
1.9718
1.8616
1.7982
2.1672
1.7375
2.2532
2.2891
2.1402
2.1785
1.8765
2.1593
2.0116
2.3328
1.668
2.3275
1.4794
1.6993
2.3966
1.8468
2.5808
1.9816
1.8351
2.3729
1.7211
1.6074
1.9344
2.1641
1.6934
2.0754
2.1804
2.2315
1.9382
1.9897
1.936
1.9868
1.992
2.0101
1.7717
2.5031
1.6692
1.9464
2.1293
2.1848
2.0278
1.6844
2.5195
1.74
2.1704
1.784
1.908
1.904
2.0476
1.8297
1.7857
2.3378
2.0498
1.9293
1.812
1.8516
2.1447
1.5905
1.8178
1.9401
2.152
1.9039
2.199
1.9679
1.8179
2.1645
1.9383
2.2458
1.6775
1.7885
2.4714
1.7262
1.9921
1.9118
1.8529
1.6505
2.1177
1.406
2.1273
1.9013
2.1764
1.7585
2.4703
1.4524
2.3527
2.0451
1.9222
2.4927
1.8596
2.0041
2.1047
1.9309
2.1065
2.4606
1.4286
2.1051
2.043
1.9652
1.945
1.9148
2.1728
1.9983
1.7082
1.9002
1.8438
2.3075
2.1273
1.5772
2.3232
1.9672
1.8161
2.3624
2.3115
1.7235
2.1335
1.4938
2.309
2.276
1.734
2.1786
1.7608
1.7283
1.936
2.1033
1.6296
1.9142
2.2242
1.9781
2.0958
2.2335
1.549
2.1095
1.8293
2.1759
2.0889
2.0539
1.7048
1.8337
2.0535
1.8888
2.0213
2.1847
2.0473
2.3533
1.6821
1.9674
1.8362
2.1888
2.0355
1.8737
2.1577
2.0341
1.9667
1.9073
1.5609
2.1506
2.1231
2.317
1.5887
2.5061
1.6268
1.9629
2.1507
2.0557
1.6418
2.2459
2.3037
1.5894
1.8844
2.3486
1.6603
2.0508
2.049
2.0217
1.9417
1.4713
1.904
2.0477
1.8272
2.0618
1.9383
2.0664
2.1939
1.843
1.7664
2.1962
1.9769
2.0225
2.2032
2.0725
2.1208
1.6551
1.8479
1.8832
2.2806
1.8064
1.9392
2.0429
1.991
1.8277
1.8033
2.2993
2.3111
1.8788
2.2047
1.4256
2.0774
1.8815
1.7095
2.1559
1.9381
2.2117
2.0186
1.7311
2.0615
2.2223
1.7325
2.1283
1.6245
1.9753
1.6961
1.6541
1.5818
2.1507
1.7927
1.7894
2.1159
1.8616
2.4394
1.5704
2.1507
1.9589
1.6947
2.323
2.0545
2.0879
2.3193
2.4391
1.7986
2.2396
1.8614
1.8202
1.7681
2.2864
1.8437
1.8694
1.9778
2.2432
2.0843
1.8915
1.6594
1.9391
2.0507
1.8827
1.8693
2.0893
2.0076
1.679
2.3482
2.0556
1.7169
2.3978
1.6467
2.3693
1.8983
2.142
2.263
1.995
2.1171
1.8889
1.8573
1.8828
2.3178
1.7376
2.1349
2.0784
2.0315
2.0891
1.9739
1.9072
1.8188
2.0281
1.9849
2.0507
1.9306
2.2111
1.695
1.8048
2.0566
1.9559
2.2016
2.0941
1.8903
2.117
2.1413
2.1595
2.1886
1.6678
2.31
1.6511
1.5605
2.2504
1.9381
1.863
2.0077
1.8863
2.246
2.0132
1.6355
2.1274
2.0391
1.628
2.0651
1.8289
2.2201
1.8721
1.9348
2.1746
2.0821
1.6142
1.9788
2.3675
1.9939
2.1836
2.3666
1.7223
1.9705
2.0951
2.1607
1.6055
1.7863
2.3622
1.6596
2.0727
1.6038
1.679
2.0204
2.073
1.7939
2.203
1.7661
1.9125
2.0095
2.0062
2.2756
2.108
1.8451
1.6241
2.0408
2.1502
1.7483
2.3473
2.0436
2.3702
1.932
1.6296
2.1082
1.973
1.871
1.9859
2.0357
1.872
1.7197
2.149
1.8606
2.3734
1.5936
1.8129
2.3387
1.695
2.03
2.1552
1.7776
2.3599
2.4255
1.8516
2.0225
1.9142
1.9036
2.0245
1.6588
2.2978
1.9647
1.7116
2.2221
1.718
1.9481
1.8135
1.8795
2.1386
2.1653
2.0454
1.9906
1.9613
1.841
2.2973
2.0874
1.6614
1.9876
1.7049
2.1969
1.9385
2.041
1.7802
1.9268
2.1644
2.1997
1.9591
2.1854
2.374
2.2574
2.1176
2.3206
1.8434
2.048
1.5251
2.3306
1.9497
1.7408
2.0516
1.8644
1.99
1.6474
2.4185
2.0503
2.0238
1.8534
2.4078
1.8149
2.0864
1.861
1.8163
1.9373
1.8705
2.151
1.7053
1.9333
1.802
2.0426
1.6247
1.9252
2.3592
1.8439
1.9453
1.632
1.8998
2.2962
2.321
1.7794
1.4972
1.8567
2.0201
1.8783
2.2092
1.8194
1.9341
1.8739
1.9675
1.5868
2.5498
1.9149
1.9233
1.7155
1.9638
1.792
2.081
1.8336
1.9854
1.7714
2.1363
2.0016
1.9394
1.8126
2.0328
2.119
1.9078
1.9354
1.9591
1.9893
1.8387
2.1346
2.0217
2.1131
2.3007
1.8517
2.4805
1.8134
1.7308
2.1588
1.7281
2.0925
2.123
1.8571
1.8444
2.0017
2.1999
2.1752
2.4476
2.1528
1.954
1.7617
2.0203
2.0561
2.051
2.0114
2.3324
1.7811
1.7693
1.7894
2.106
1.8069
1.8672
1.6472
2.0823
1.5712
1.9039
2.2433
1.899
2.0759
1.9179
1.7598
2.543
1.8679
2.1309
2.2631
2.18
1.8421
2.0444
1.9525
2.4516
2.069
1.9584
2.017
1.9004
2.3003
1.8833
1.8106
2.0204
1.6812
2.4334
1.8447
1.8907
2.1453
1.8698
1.6436
2.0712
1.7764
1.7441
1.9476
2.0324
1.7523
2.277
1.8716
1.808
1.9073
1.7347
1.737
1.7758
2.0685
1.8824
2.178
1.6802
2.4137
2.1068
2.0892
1.6871
1.9687
1.9328
2.4677
1.6859
2.109
2.06
2.0818
1.584
2.1658
1.635
2.103
1.9457
1.9847
1.9787
1.6173
2.0932
1.8649
2.0793
1.9818
2.1488
1.7432
1.9057
1.8485
2.1372
2.3659
1.4798
2.1105
1.7016
2.7396
1.8128
2.0355
1.8462
1.6075
1.9957
2.0849
1.9046
2.1056
2.3329
2.2249
1.9383
1.8433
1.8721
2.1548
2.1223
2.3229
1.8085
2.3232
1.9939
1.8052
2.1251
2.1057
2.1372
2.0265
1.8914
2.0645
1.8536
2.2452
1.6648
2.082
1.8959
1.9124
1.7679
1.8556
1.9372
2.098
2.0514
1.9131
2.5483
1.6955
1.9039
2.0878
1.8184
2.1633
1.7585
2.1209
1.8935
2.0518
2.2872
2.0087
2.1157
1.7255
1.9294
2.3366
1.7555
1.9696
2.1826
1.9573
1.6743
2.0232
1.3548
1.9552
1.9358
1.9765
1.7922
1.688
2.4951
1.7375
1.6862
1.962
2.0142
1.967
1.9861
1.5127
2.0368
2.1191
1.6894
1.7052
2.0284
2.0061
2.4504
2.1668
1.6294
2.2076
2.0174
1.901
2.3039
1.8302
1.9659
1.9927
2.221
2.009
2.0562
1.8775
2.1394
2.2194
2.2716
1.8818
2.3508
1.9546
2.2687
1.4008
2.3464
1.9199
1.638
1.7812
1.9276
1.8536
2.1396
2.1538
2.2113
2.0921
2.0733
2.093
2.1265
1.5826
1.9464
1.919
1.7194
1.7868
1.9291
1.8735
1.5836
1.7804
1.9791
2.0218
1.9119
2.2481
1.8227
1.9373
2.5746
1.8936
2.0011
1.9552
1.7261
2.2891
2.1644
1.8631
2.1019
1.7178
1.982
1.9836
1.8846
1.8817
1.736
1.9333
1.7713
2.6638
1.9078
1.932
2.0554
1.5103
2.2012
1.9705
1.9493
1.846
1.7925
1.9411
2.0253
1.6705
2.069
1.6709
2.1493
2.0633
2.0857
1.8084
2.0473
1.9667
2.1564
2.0679
2.3469
1.5552
2.3268
2.0841
1.92
2.0166
1.5872
2.2225
1.8691
1.921
2.0717
1.9488
2.28
2.0575
1.5601
1.8902
2.3462
1.9543
1.93
1.8298
1.9565
1.845
2.1266
1.9294
1.7769
1.7359
2.2612
1.5323
1.9369
2.272
2.0717
2.0385
1.6463
1.8629
1.729
1.9424
1.8376
2.3878
1.9575
2.2365
2.0276
1.861
2.3646
2.1414
1.6943
2.1622
2.0307
1.9409
1.7476
1.9314
2.0248
2.1358
2.1788
1.547
1.9102
2.3126
1.6639
2.378
1.9836
1.9574
1.6695
2.3574
1.7112
2.3259
1.9663
1.9832
1.8146
1.7819
2.4111
1.6042
2.0571
1.9636
1.657
2.223
1.7111
1.8709
1.9284
1.9962
1.8186
1.9019
1.7378
1.8633
2.0113
1.9225
1.8028
2.1992
2.0807
1.8941
1.7541
1.9706
1.8138
2.4058
1.8788
1.7936
1.8741
2.0429
2.0413
1.7683
2.0172
2.0038
2.2274
1.7102
2.1126
1.8879
2.2101
1.9145
1.8727
2.3451
1.7414
2.0833
2.044
1.7277
1.9066
1.7306
2.0821
1.7763
2.384
1.9767
1.7379
2.1071
1.741
1.8676
2.4306
2.007
1.7489
1.9191
2.1161
2.1589
1.7867
2.1853
2.3523
1.6029
2.0241
2.1993
2.1336
2.0496
1.9777
2.0112
2.4147
1.7923
1.8484
1.879
2.6214
1.8015
2.0429
2.0535
1.6178
2.3386
1.6968
2.4201
1.7049
2.0473
1.6729
2.0025
2.1057
1.8661
1.9991
2.1041
1.7408
1.8202
2.1126
2.2539
1.8301
2.2543
1.7629
2.277
2.266
1.6999
2.1381
1.5607
1.9903
2.535
2.0449
1.7181
2.1506
2.384
1.8638
1.874
1.5605
2.2859
1.8496
1.8408
2.2711
1.8736
1.8721
1.7304
2.3411
2.2415
1.3931
1.9707
2.3715
1.9782
1.8167
1.8066
1.859
2.0525
1.4963
1.8747
2.0429
1.768
2.422
1.595
2.3143
1.3964
2.4238
1.9519
2.3855
2.3421
2.1545
1.7891
2.2223
1.8747
1.8354
1.9419
1.9099
2.3218
2.058
1.8893
2.032
1.8437
2.3504
1.9478
1.9813
2.2064
1.8276
1.956
1.9429
1.8361
2.2259
2.0392
1.6396
1.9353
2.2795
2.0122
2.0523
2.0608
1.5889
1.7592
2.25
1.7342
1.9607
2.2793
2.2272
2.2968
1.7493
2.0185
2.0786
2.0825
1.7172
2.027
2.5318
1.8463
1.6569
2.4961
1.7969
2.2254
2.0481
1.8903
2.0555
1.4735
1.9276
2.5675
1.521
2.2021
2.2506
2.1226
1.9515
1.9222
1.8157
2.0866
1.9061
2.274
1.882
2.3854
1.651
2.443
1.7858
2.0607
1.6557
1.7412
2.2575
1.6227
2.1278
1.9895
1.8728
2.0551
2.3067
2.0186
2.2395
1.8552
1.5103
1.985
1.9988
1.9081
1.9701
1.8953
2.0413
1.5774
2.0676
1.6622
2.1645
2.1628
1.6201
1.8662
1.8887
2.0909
1.8323
2.0209
1.9134
1.909
2.1374
2.041
2.0885
1.7863
2.1316
1.8667
1.9208
1.6665
1.8129
2.3362
1.9757
2.0925
2.0219
1.8791
1.7757
2.3865
2.0298
1.5294
2.1749
2.3701
1.8133
2.2824
2.2868
1.9964
2.2811
2.3852
1.8493
1.8825
2.0159
1.9111
2.0901
1.9297
2.3769
1.9079
2.2773
1.7579
1.9106
1.9895
1.9731
2.0436
2.2036
2.0249
1.8607
1.543
2.3048
2.0177
1.9299
2.5754
2.6157
1.8376
2.0285
1.8588
1.9762
1.995
1.8544
2.6491
2.001
1.9909
2.2001
2.2743
1.7334
2.1845
2.265
1.9492
2.1727
2.0486
1.84
1.9701
2.0968
2.145
1.6999
2.107
1.9783
2.1793
1.6872
2.0308
1.8449
2.4348
1.9922
2.6086
1.6607
1.8857
2.253
1.9251
1.934
1.9443
1.9007
2.0152
2.0338
1.6314
2.5199
2.0273
1.9107
1.904
1.9855
1.8815
1.9911
2.1103
1.9808
2.0012
1.8322
2.2925
1.8896
1.9885
1.9469
1.8417
2.4017
2.444
1.7562
2.1895
1.803
1.823
2.2137
1.7973
1.6588
2.3299
2.0132
1.6258
2.2304
1.871
1.919
2.1291
1.9589
2.0308
1.8861
1.9166
1.6915
2.0122
1.948
2.5473
1.6204
2.1696
1.7973
1.884
1.9409
1.8318
2.0344
2.2336
1.8896
2.0263
1.9623
2.0696
2.065
1.9685
1.8134
2.1252
1.8799
1.9915
1.902
1.7838
2.1474
1.7184
2.3826
1.7291
2.0571
1.7394
2.3618
1.9236
1.8047
1.3968
2.3058
1.676
2.0601
2.1065
2.1199
2.1121
1.6871
2.5488
1.9065
2.0792
2.068
2.0085
2.2263
1.9107
1.3625
2.416
1.8865
1.9446
2.2647
1.6408
2.046
2.1195
2.1767
1.5285
2.0109
2.0405
1.8855
2.3648
1.54
2.6782
2.0454
2.3578
1.5577
2.0946
2.3975
1.7068
1.8205
1.8644
2.0212
2.0338
2.1895
1.9668
1.8257
2.3501
1.9851
1.9949
1.5798
2.0106
2.0139
1.975
1.7971
1.8544
1.9426
2.2839
1.9426
1.5794
2.2097
2.1799
2.4292
1.3847
2.3273
1.9805
1.8353
1.8346
2.2774
1.6922
2.2858
1.8426
2.594
1.8819
2.1944
2.2953
1.5401
2.1362
2.0042
2.3533
2.3496
1.5719
2.0174
2.0827
1.8375
2.1603
2.4079
1.7314
2.2218
2.2366
1.4268
1.8516
2.4336
2.1145
1.5186
1.8418
2.4483
1.5535
2.23
1.7047
2.0254
1.9128
2.2992
1.9752
1.8546
2.0211
1.9076
1.9825
2.1589
1.4957
2.3116
1.6976
2.0368
2.0431
1.7383
1.7757
1.8765
2.1674
2.0439
1.5695
1.9445
1.9022
2.1319
1.714
2.2349
2.2989
2.1585
1.674
2.4457
2.0754
1.7305
1.6901
2.2615
1.5786
2.085
1.8944
2.0096
2.3939
1.8352
2.0165
2.2204
1.7494
2.1137
1.9035
1.9899
2.0553
2.4505
1.8035
1.6592
2.3158
1.7942
1.9916
2.1426
1.9105
2.005
1.633
1.7809
1.7093
2.2487
1.6827
2.2442
1.8345
2.1077
2.0934
1.841
2.1339
1.9857
1.9628
1.8905
1.8545
2.6677
1.9308
1.9246
1.9164
1.6094
2.5582
1.8995
1.6329
2.0033
1.9372
2.0364
1.8274
1.8885
1.9669
1.9408
2.0577
1.9795
1.9738
2.4424
1.3151
2.2935
1.8091
1.7108
2.4226
1.502
2.2317
2.3136
2.0171
1.7766
2.3905
1.8336
1.9126
1.9428
2.3148
1.9087
2.0289
2.2516
2.0069
2.0234
1.6356
2.076
1.879
2.2549
1.7344
2.3329
1.8547
2.0728
1.5114
1.8065
1.7731
2.0278
2.0538
1.8724
2.0859
1.9645
1.8966
1.7002
2.4412
1.8019
2.0557
1.7973
2.0631
1.91
2.0398
1.5341
2.2925
2.0245
1.6009
2.5755
2.0899
1.7213
1.8613
2.3007
1.3861
2.1164
2.3774
2.0043
1.9198
2.2048
2.5111
1.9245
1.4964
2.1802
1.8863
2.093
2.031
1.9238
2.1077
1.829
2.2028
2.3231
1.7205
2.0409
1.9818
2.0759
1.8499
2.1832
1.9153
2.2545
1.8824
2.1126
2.0015
1.9934
1.9365
2.3231
1.9242
2.2784
1.8718
1.4294
2.0032
2.4741
1.8752
1.7525
1.6273
2.1132
2.0511
2.3537
2.1271
1.6766
1.6866
2.0968
2.2612
1.9614
1.8262
1.787
2.2932
1.5671
1.9484
2.195
1.5813
1.8303
2.0012
2.2887
2.0855
2.0752
1.6867
2.1517
2.0183
1.6701
2.0291
2.1819
1.9111
1.7717
2.2522
1.809
2.3617
1.9656
2.0424
1.9679
1.8445
1.7798
2.081
2.0765
1.8201
1.7576
2.1228
2.0728
1.9483
1.8485
1.6019
1.9456
2.1135
1.9971
2.2562
1.3717
2.0702
1.989
1.9941
1.6949
1.9545
1.9939
1.9795
1.7487
2.2472
1.8947
1.718
2.1507
1.9518
1.7189
1.8724
2.1384
2.2876
1.5476
2.3101
1.2839
1.9771
2.3056
1.8193
1.887
1.8489
2.1788
1.8865
1.629
2.3999
1.8731
2.3335
1.9432
2.1981
1.9478
2.1413
1.7246
2.4102
1.7515
1.9227
1.9057
2.2709
1.8415
1.9214
2.0091
2.0879
2.0873
1.8855
2.0945
1.7566
2.0138
1.9531
2.1695
1.8524
1.9863
1.8067
2.5329
1.6605
1.6086
2.1435
2.3232
1.7829
1.6266
2.1119
1.9606
1.8466
2.0367
1.6044
2.0559
2.0067
2.2776
2.044
2.1797
1.725
2.0322
2.156
1.5519
2.1804
2.0075
2.0879
1.8711
2.5891
1.7121
2.1114
2.4881
1.71
2.1588
2.2142
1.7098
1.9017
1.7909
1.8892
2.171
1.9691
1.9152
1.9684
2.0335
2.2188
2.1198
2.0279
2.0882
1.5943
1.9061
1.7352
1.8874
2.0787
1.9991
1.8974
2.085
2.2004
1.9134
1.7489
2.0239
2.2675
1.9692
1.8564
1.8835
2.0225
1.7361
2.1458
1.7654
1.914
1.7074
1.8786
2.2334
1.9378
1.9392
1.9651
2.0253
1.9579
1.9041
2.0112
1.887
2.2957
2.0422
1.5899
1.9433
2.0602
1.5305
1.9694
1.7776
2.0261
1.8627
2.0253
1.9594
2.2983
1.9851
2.179
1.5938
2.1111
2.1112
2.0153
1.8227
2.2218
1.5999
2.0593
1.8779
1.932
1.7985
2.3
1.8024
1.681
1.833
1.8846
2.1864
2.2956
1.8181
2.1074
1.7141
2.0048
1.9783
1.9612
1.9309
1.8857
1.9005
1.786
1.9461
1.9931
1.6567
2.0964
1.8576
1.8968
1.5189
1.8436
2.3831
2.0874
1.9518
1.9786
2.0395
1.8874
2.0827
1.9347
1.8446
1.9314
1.9877
1.9425
2.0642
2.0958
2.3309
1.7321
2.1164
1.7066
1.8492
2.1756
2.0686
1.7332
2.318
1.524
2.2392
2.054
1.796
1.9373
1.8861
2.1995
2.3398
1.7417
1.9729
2.4018
2.1176
2.4133
2.0134
1.8718
1.509
2.4419
1.8156
2.3226
1.4349
2.1565
1.5066
2.0755
2.1219
2.1756
1.7367
1.9412
1.7089
2.1828
2.0438
1.903
2.2575
2.0106
1.6276
1.8714
2.2958
1.6659
2.1246
1.8481
1.7956
1.9102
2.0855
2.367
1.8795
1.7608
2.1267
2.4038
1.5364
1.8007
2.3154
2.2008
2.1152
1.8168
1.9426
2.0618
1.9824
1.9884
2.3115
1.9119
1.8594
1.9125
1.9762
2.1469
1.7853
1.8115
2.282
1.6461
2.3612
1.5736
2.1905
1.8783
2.1
2.014
2.2154
1.9855
1.9626
2.1889
2.0966
1.9164
2.3476
1.9933
1.7326
2.2716
1.7112
1.9124
2.2069
2.2702
2.0296
1.9037
2.3217
1.676
2.0556
2.2634
1.9203
1.7504
2.0598
1.962
1.744
1.8566
2.1814
1.5652
2.1064
2.2668
1.5727
2.2399
1.9058
1.6402
2.1181
1.9132
1.585
2.3041
2.291
2.1352
2.1299
2.1143
2.0871
1.9291
1.9491
2.0103
1.9572
2.0869
2.0163
2.0423
1.8022
1.9525
1.9966
2.139
1.7684
1.6479
2.0569
2.5625
2.1145
1.8523
1.8354
2.0744
1.9134
2.1121
2.0688
1.9061
2.1417
1.8249
2.5315
1.7304
2.0622
1.9043
2.0912
2.0002
1.7561
2.095
1.8483
1.6184
2.1675
1.7879
2.2028
1.5044
1.8003
1.9821
1.6088
2.2533
2.1227
2.2449
2.335
1.76
2.0038
2.0443
2.2389
2.0435
1.9347
2.3408
1.7694
1.6027
1.8888
1.906
1.8922
1.9423
1.8066
1.6312
2.2174
2.2096
1.8589
2.1653
1.9116
1.6587
2.0642
1.8926
2.1917
1.899
2.2747
1.9748
2.3275
1.794
1.8908
1.8307
1.9579
2.1459
1.9035
1.8855
2.0343
1.8852
1.91
2.0633
2.2768
1.6601
1.9893
1.6413
1.9689
2.1964
2.0017
1.8217
2.0829
1.7376
2.3004
1.7848
2.2965
2.1075
2.0005
1.9953
1.3011
2.0714
1.9888
1.8526
1.9298
1.8974
1.8361
2.0993
1.9093
2.6374
1.6172
2.4505
1.9246
1.9245
1.9917
2.2012
1.8236
1.9791
2.321
1.7818
1.9135
2.0743
1.8182
1.7235
2.226
2.2702
1.9681
1.9474
2.0732
1.8796
2.0137
1.8813
1.9423
2.4266
1.9986
1.9017
2.0839
1.4765
2.0459
1.7999
2.1897
1.767
1.9146
1.7862
2.0665
1.9969
1.8222
1.7957
2.1124
2.1418
1.8996
1.7606
2.1935
1.7033
1.9515
1.917
2.0099
2.2173
2.0368
1.6179
1.8391
1.9004
2.2081
2.1936
1.6925
2.1486
2.3469
1.8915
1.7683
1.8293
2.3724
1.7898
1.8331
2.0861
2.4089
1.8637
1.9996
1.8532
1.8618
1.67
2.3645
2.0144
1.7487
1.8234
1.9262
2.1408
1.8994
1.7053
1.9146
1.8388
1.8522
1.5064
2.2321
2.1156
1.9543
1.9237
2.0683
2.2121
2.1783
2.123
1.9743
2.2521
1.7674
1.8799
2.0784
2.2167
1.8531
1.8779
1.9568
2.0307
2.0522
1.6417
2.6575
1.8206
1.8345
2.5574
1.6187
2.0447
1.9269
1.8345
1.8332
2.4165
1.8589
1.9892
2.1349
2.3178
1.4661
2.0565
2.2156
1.916
2.0335
2.0694
1.9883
1.7088
2.2196
1.736
2.0209
2.1017
1.9435
1.9159
1.8989
1.762
1.8479
1.8163
2.0572
1.9429
1.805
1.8411
1.8553
2.3378
2.3502
2.2296
1.799
1.721
2.0027
1.8625
1.8605
2.3311
1.8394
1.9646
1.6242
1.9126
1.933
1.9325
1.9843
2.0007
1.8901
2.2077
2.4156
1.807
2.0765
2.5157
2.075
2.0139
1.5002
1.6051
2.1088
2.0897
1.7068
1.912
2.044
2.3176
1.773
2.2262
1.8118
2.1321
1.7904
2.1261
2.2503
1.8781
2.0226
2.0308
2.0522
2.2374
2.055
1.771
1.6112
2.3333
1.8547
2.1688
1.8515
2.0938
1.9425
2.0059
2.0799
1.7462
2.1064
2.1188
1.8545
1.7894
1.9883
2.2034
2.2598
1.9624
2.4971
1.8573
2.0784
2.0969
1.8859
2.1589
1.6385
2.0774
2.0183
2.1717
2.4334
1.857
1.6868
1.9392
2.2765
2.2543
1.8856
2.2831
1.7426
2.1929
2.1482
2.006
1.9212
1.9655
2.0288
1.7886
2.1789
2.1786
2.3965
1.5403
2.1305
1.8252
1.8935
2.0476
1.891
1.6213
1.9922
2.6951
1.7456
1.8404
1.9184
1.8053
1.8593
2.0135
1.7815
2.0838
1.8887
1.915
1.8161
2.0211
2.4692
1.7393
2.2596
1.3736
2.2561
2.1493
2.0961
2.1216
1.7001
2.0057
1.8703
1.8922
1.9614
1.8968
1.5235
1.8828
1.9445
1.8674
1.9555
2.5929
1.5843
1.9985
1.9521
2.2373
1.819
1.8757
2.3626
1.7467
1.9921
2.2002
1.8513
1.9784
2.0997
1.9189
1.985
1.7697
2.0335
1.9989
2.1918
2.1113
1.9304
2.2259
2.362
2.0087
1.8342
1.7519
2.5334
2.0145
2.1011
2.1001
2.0053
1.6306
2.0061
1.9262
1.8972
2.2456
1.7121
2.1112
1.8853
1.8936
1.9326
1.9947
2.1428
1.994
1.7433
2.1503
2.1539
1.8299
2.3283
2.0757
1.9287
1.8062
1.9439
1.789
1.9809
1.9521
2.0495
1.8269
2.0252
2.061
2.304
2.0646
1.8997
1.9063
1.8659
1.6222
1.8794
1.9674
1.7311
2.3632
1.6434
1.8976
2.1794
1.7969
1.9276
1.7766
2.1872
2.2469
1.9425
2.1685
1.7009
2.0989
2.0473
1.9403
2.339
1.7499
1.7598
1.9612
2.2332
2.4599
1.6044
1.9321
1.8064
2.4953
2.036
1.9738
2.0144
2.345
2.1194
1.6686
2.0801
1.7531
1.983
1.9067
1.8557
2.0475
2.174
2.1152
1.8765
1.6567
1.7952
1.8325
2.2535
2.1074
2.1373
1.5902
2.2511
1.9707
2.0253
1.5246
1.5952
2.1948
1.9622
2.3513
2.0032
1.8842
1.7349
1.9599
1.7271
2.1787
2.0968
2.2463
1.6363
1.8746
1.9343
1.6541
2.7698
1.9635
2.2358
1.8659
1.797
2.0366
1.4505
2.0475
1.9462
1.9048
1.7658
1.9611
1.6422
1.9386
1.8891
2.093
1.9578
1.9948
1.5745
2.2928
1.7429
2.0102
1.8609
1.7168
2.2031
2.1524
1.8755
2.0343
2.0545
1.8089
2.8639
1.608
1.81
1.8162
2.2404
2.1171
1.8763
1.9605
1.6135
1.9396
2.1306
1.7454
2.1209
1.8499
2.045
2.1919
1.9153
2.0348
2.2313
2.0196
2.0231
1.7249
2.0244
2.1204
1.8824
2.0525
1.974
1.8558
1.6988
1.9397
1.8668
1.7083
1.6915
2.0592
1.8987
2.1939
2.4172
2.2178
1.846
1.827
2.1445
1.745
2.2878
1.5705
2.338
1.6881
2.1753
2.0582
2.446
1.3611
2.4045
2.0112
1.8885
1.9205
2.0635
2.1732
2.0647
1.8775
1.5403
1.8738
1.9922
2.3206
2.0185
1.8081
2.4467
1.8526
2.1003
1.7217
2.2496
1.7729
1.6986
2.0504
1.9017
2.1543
2.6453
1.4612
2.2776
2.1148
1.735
2.1518
1.9168
2.1466
2.1308
1.7252
2.2366
1.9144
2.5778
1.528
2.0008
2.0839
1.8533
1.8262
2.1654
1.9665
1.7161
1.8801
2.0303
2.0768
1.9653
2.05
2.1612
2.0752
1.653
2.3903
1.8905
2.0477
2.9041
1.777
2.1245
2.1872
2.0542
1.5784
2.325
2.032
2.079
1.9958
2.0918
1.7336
2.1396
1.8146
2.176
1.8241
2.0087
2.2195
1.9224
2.3761
1.8261
1.8832
2.0654
1.9165
2.0165
1.8326
1.8513
1.8916
1.9673
1.7985
1.7774
2.1019
1.9659
2.338
2.2168
1.5489
1.914
2.0383
1.9074
2.1073
2.0218
2.0541
1.7508
2.5651
1.8921
1.7471
1.8497
2.6644
1.7013
2.301
1.8751
2.1023
2.5188
2.0384
1.7494
2.059
2.0506
1.8092
2.2234
2.162
1.7615
1.8476
2.1835
1.8858
1.8155
1.7614
1.8271
1.8719
1.8583
2.0742
1.8232
2.2181
2.0035
1.7419
2.3399
1.7529
1.8102
2.2413
1.9992
2.1719
1.8913
1.7473
2.2882
2.1761
1.7085
2.1213
1.959
1.921
2.3805
1.6684
2.0696
1.841
1.9245
1.8968
2.4078
1.5513
2.5467
2.2588
1.6138
2.179
2.1817
1.5297
1.8993
1.5451
1.9995
2.3422
1.8783
1.8599
1.6361
1.9904
1.9573
2.1724
1.8514
2.1933
1.9189
2.0122
1.7549
2.0168
2.03
1.9636
2.3057
1.7
2.4316
1.9699
1.8933
1.9784
2.0426
1.9989
1.9318
2.2271
1.4136
2.3113
2.2689
1.9237
2.1875
1.8319
1.6618
2.1254
1.5554
1.9207
1.9144
2.39
1.8753
1.9986
1.9165
1.8594
2.138
1.7933
2.2236
1.9327
1.9872
1.9328
1.8396
2.0048
2.3282
2.0691
1.9354
1.6035
2.2052
1.7219
2.1265
2.3367
1.5289
2.1644
2.2956
1.8285
1.6492
1.7568
2.156
1.8098
2.0678
1.8254
1.8274
2.4842
1.9638
1.9629
1.9607
1.9326
2.0037
1.9098
1.5637
2.043
2.2061
1.9343
1.9168
2.0635
2.0572
2.245
1.6531
1.4895
2.412
1.7397
2.4734
1.8136
1.7798
1.9464
2.2943
1.9534
2.0833
2.0181
2.1336
1.7812
1.9809
1.9456
1.9151
2.406
1.6382
1.6614
2.3162
2.0573
1.8399
2.1843
1.706
1.9694
2.2188
2.2403
1.9583
2.4731
1.3959
1.4541
2.4013
1.7641
2.1619
2.2371
1.814
2.3317
1.3803
1.9427
2.253
1.6782
2.2717
1.9756
1.7993
1.7182
2.4719
2.3193
1.618
1.9357
1.902
2.1606
1.6993
2.06
1.7437
2.1325
2.4272
1.2362
1.8658
2.1853
2.0754
2.3641
1.8425
2.2175
2.3015
1.8929
1.4144
2.1731
2.1645
1.9245
1.9893
1.5736
1.91
2.4213
1.9246
1.8433
1.9821
1.8994
2.0395
1.8749
1.9464
2.0445
2.2996
2.0965
2.015
2.1421
1.7692
2.0157
1.7853
2.1866
2.0346
2.032
1.963
2.1593
1.7196
1.9862
2.1956
2.1654
1.8552
1.8636
2.1443
1.9967
1.6939
1.8163
2.2029
1.6906
1.9064
1.9077
2.3224
1.6902
2.0791
2.0023
2.0786
1.9393
2.2165
2.4286
1.5732
2.253
1.7759
2.067
1.8846
2.597
1.7671
2.1916
1.7957
2.0176
2.1068
2.3445
2.1241
1.7179
2.2757
2.0354
1.8419
2.2937
2.2392
1.9734
2.2819
1.606
2.3677
2.1478
1.7465
1.9652
2.0609
2.2434
1.8661
2.0265
2.0044
1.5608
2.3193
1.8735
2.1655
1.622
1.9958
2.0321
1.9037
2.2499
1.9019
2.1297
1.8683
2.1064
1.6512
2.0745
1.8239
2.1768
1.9499
2.0997
1.7675
2.132
1.909
2.0689
2.083
2.4545
1.7903
1.9151
2.0223
1.8275
1.7927
1.8845
1.9797
1.9943
2.1015
1.8403
1.9208
2.1176
1.6424
1.8795
1.7538
2.193
2.0249
1.8232
2.0891
2.0182
1.9212
2.0287
1.9217
1.5965
2.4976
1.9469
1.9282
2.2922
1.829
1.8711
2.2609
1.9348
1.5642
1.9666
2.5192
1.8592
1.7842
2.2182
2.1665
1.7366
1.5186
2.0172
2.2048
2.0086
2.381
1.9209
1.7137
1.8345
1.8961
2.1176
1.7836
2.1967
1.8571
2.0847
2.2824
1.9046
1.3726
1.8431
2.019
2.1313
2.1582
2.2887
1.7364
2.2193
1.8749
2.0128
1.8865
2.2652
1.6551
2.0656
1.963
1.7106
2.3696
1.6912
1.8554
1.8887
1.7668
1.9755
2.3879
1.8625
2.1994
2.5904
1.6093
1.7769
2.2544
1.9883
1.9725
2.3204
2.297
1.9965
2.0032
1.974
2.36
2.6019
2.0598
1.5333
1.7948
2.036
1.8785
1.7017
1.8875
2.2414
1.9639
1.8003
2.339
1.3082
2.0198
1.7142
2.134
2.0531
2.1897
1.9712
1.8354
1.9844
2.0179
2.7449
2.2083
1.7832
2.0994
2.1635
1.6319
1.892
1.8418
2.1754
1.706
2.0809
1.9765
1.7907
1.9326
1.7155
2.285
1.8744
1.7193
1.8438
2.1119
1.732
2.2078
2.0366
2.3309
1.8025
2.5082
2.3661
1.7758
1.9332
2.0088
2.165
1.9759
1.8826
1.9647
1.8462
2.2514
2.1353
1.8378
2.1025
1.7437
1.9667
2.1686
1.805
2.0506
1.8827
2.3366
1.9702
1.7379
1.7094
2.2064
2.0606
2.1048
1.8138
2.1306
1.8449
1.8046
1.7667
1.8391
2.1476
1.6848
2.1066
2.0143
1.5943
2.5251
1.923
1.9216
1.9107
2.0628
2.1554
1.9987
1.7589
2.1185
1.7569
1.974
2.2243
1.613
1.7394
2.4069
1.9077
1.9888
1.9732
1.9542
2.082
1.5774
2.5177
2.0173
2.0743
1.9282
2.3384
1.8093
2.0102
2.1656
1.9472
1.8623
1.8492
1.9704
2.0461
1.736
1.9461
2.0962
1.9158
1.7969
2.1419
1.8266
2.105
1.7279
2.1805
1.9452
1.6301
2.2702
1.818
2.0282
2.3377
1.9652
1.6722
2.1186
2.0134
1.9339
1.673
2.2785
1.8971
1.9406
1.9018
2.1598
1.8776
1.8509
2.0143
1.6625
2.0625
1.8118
2.2932
1.7642
2.2418
1.9645
1.6436
2.424
1.6539
1.8648
2.3054
1.9255
1.9171
1.9303
2.0835
2.1763
1.7768
1.7083
1.9621
2.4181
2.2379
1.9054
2.1529
1.9187
2.4531
2.0732
1.7971
2.1199
1.8103
2.0468
1.789
1.7903
2.0451
1.999
2.2592
1.7486
2.2794
1.6933
1.9676
2.0986
2.2544
1.8437
2.169
1.838
1.852
2.2823
1.7431
2.106
2.2127
2.2927
1.9002
1.967
2.2482
2.0472
1.9441
2.1014
1.9391
1.945
1.7105
2.1026
1.9279
2.3077
2.1661
2.1739
1.7646
1.7953
2.0531
1.8182
2.0921
2.1968
1.9761
1.9268
1.9755
1.9694
2.0591
2.4406
2.0341
1.9103
1.8637
1.9721
2.2441
2.0571
1.6727
1.8534
2.0457
1.8403
2.5099
1.8912
1.7378
1.9827
2.5737
1.6
1.5571
2.5157
2.3449
2.0088
1.7568
1.8362
1.8741
2.6367
1.5322
2.0522
2.0662
1.8378
1.8784
2.0584
2.2441
1.7889
2.2562
1.9327
1.9177
1.993
2.1287
1.8944
2.0266
1.7086
1.9309
1.7356
2.3734
2.0709
1.937
2.2173
1.9292
1.805
2.0915
1.475
2.2996
1.8789
2.035
1.9279
1.8509
2.244
2.0261
1.8804
1.5947
2.0799
2.0817
1.908
2.0569
1.6641
2.3944
1.7676
2.1809
2.2912
1.6009
2.3219
1.75
2.1187
1.8967
2.1382
2.337
2.0003
1.9935
1.901
1.466
2.044
2.0912
1.8704
2.3478
2.4181
1.9507
1.8412
1.7493
2.0063
1.9829
1.9853
2.0349
2.1816
1.6288
2.0233
1.7519
2.2231
1.701
2.4906
1.6198
1.8345
2.1622
2.4017
1.5059
2.1403
2.1859
1.8766
2.1718
1.8722
1.7844
2.0882
2.1168
2.3438
1.9178
2.1897
2.0476
1.8284
2.266
2.1732
2.2641
1.7678
1.9965
1.787
2.167
2.2418
1.9701
1.7945
2.2485
1.9653
2.237
2.3129
1.5303
2.3654
2.2768
2.0981
2.0565
1.787
2.1921
2.3373
1.9596
1.8524
2.1266
1.6988
1.9746
2.0264
2.0694
1.8433
2.113
1.4683
1.8953
1.9711
1.8166
2.175
1.9529
1.679
2.1902
1.9319
1.7244
2.2374
2.1169
1.9382
1.9809
1.8307
1.9556
1.8929
2.0039
1.6158
1.8688
2.2943
2.2608
1.9187
1.9042
1.8257
2.4857
1.8623
2.1953
2.1793
2.1798
1.862
1.9307
2.0006
1.9188
1.901
2.1061
2.1782
1.8716
1.6477
2.0248
1.8012
1.8861
1.8188
1.5889
2.5599
1.9232
2.2318
1.5025
2.2212
1.839
1.8131
1.9315
2.1196
1.5703
2.0506
2.2322
1.7327
2.1368
1.6764
2.6441
1.3991
2.1342
1.9084
1.6956
2.0669
1.9234
1.872
2.044
1.7682
1.9576
2.0282
2.0061
1.8303
1.6271
2.3075
1.6621
2.2704
1.6279
2.1553
2.0433
1.9357
1.8323
2.1852
1.8891
2.4308
1.8818
1.8744
2.0894
2.3518
2.0121
1.8201
2.1704
1.802
2.3096
1.6905
1.7118
2.1348
1.6383
2.0749
2.2048
1.6001
2.3274
1.7928
2.3849
1.9101
2.7165
1.7385
1.8904
1.9731
1.8269
2.0038
2.3322
1.6733
2.1054
2.1689
1.6729
2.3451
2.0365
1.4963
2.2118
1.9256
2.534
1.8214
1.9065
2.093
2.2501
1.7965
2.1998
1.9055
1.957
2.3583
2.1258
1.6462
2.0075
1.676
1.996
2.301
1.7919
1.8332
1.9559
2.3357
2.1322
1.7229
2.1128
1.7925
1.6328
2.2721
2.2751
1.5173
2.0364
1.6274
2.8536
2.0176
2.2647
1.6021
2.2115
1.7817
1.9002
2.3165
2.1979
1.7164
2.073
2.2292
1.9229
2.1515
1.9177
2.2759
1.6271
2.0391
1.968
2.3194
1.9331
2.0124
1.5699
2.4619
1.6201
2.338
2.0319
1.5004
2.0398
2.399
2.0812
1.6837
2.1208
2.6667
1.7938
2.0402
2.1002
1.8173
2.0606
2.0687
2.0459
2.0122
2.3898
1.8811
2.0922
1.7677
2.3564
1.96
1.992
2.2613
2.0446
1.921
1.9317
2.5357
1.8587
1.7676
2.2337
1.7004
2.2801
1.9183
2.4026
1.7947
1.8286
2.0615
2.288
1.6359
1.8524
1.5972
2.1981
1.7224
1.6979
2.3184
1.9161
1.8608
2.0494
2.098
1.9333
2.1357
1.9975
2.3428
1.5962
2.3715
1.7546
2.3258
1.9011
1.6505
1.755
2.1875
2.3582
1.9714
2.0853
2.137
2.218
2.2726
1.8377
2.0973
1.7522
1.9499
2.2581
2.2418
1.9073
2.1097
2.0917
2.098
1.8243
1.9449
1.9193
2.3699
2.0779
2.0715
1.857
1.877
2.044
1.8082
1.7775
2.2153
1.9174
2.1413
1.895
2.3937
1.8762
1.9499
1.6615
1.7948
2.2159
1.9265
1.8773
2.3845
1.6867
2.1212
2.1314
2.0081
1.9964
2.1379
2.0884
2.278
2.305
2.242
1.685
2.2436
1.5829
2.0005
2.2876
1.7682
2.4569
1.895
1.7922
1.8673
1.5943
2.1592
2.4003
1.6834
2.2335
2.0368
1.5566
2.2353
2.5163
2.0519
1.4361
2.1769
1.9205
2.0182
1.8906
2.462
1.8077
2.288
2.4498
1.388
2.0297
1.7206
2.0624
1.688
1.7015
1.9467
1.793
2.1569
2.0651
2.1581
1.398
2.337
2.0277
2.1122
1.9736
1.8264
2.0891
2.214
1.5023
2.4466
1.9792
2.1543
1.7033
2.2379
2.1901
2.0333
2.2759
2.1476
1.818
1.674
1.8211
2.3724
1.9579
1.7984
2.2097
1.6246
2.0962
1.7857
2.3953
1.5619
2.2529
1.9466
2.0538
1.6256
1.7218
2.2149
1.3387
1.8962
1.9479
2.0639
1.9852
1.5276
1.8779
2.3326
2.0909
1.8209
1.7939
2.4486
1.5939
2.333
1.8027
2.0749
1.875
2.0055
2.1331
2.1406
1.6099
1.9878
2.1102
1.9091
2.3463
1.7716
1.9256
2.2019
1.972
1.7927
2.3987
1.2999
1.9568
2.393
2.139
2.0138
1.6279
1.7583
1.9635
1.9911
1.6753
2.1489
1.7239
1.7417
1.9565
1.9468
1.5011
2.0181
2.0451
1.9782
1.8017
2.3081
2.0618
2.172
2.3592
1.7847
1.9762
2.156
2.0032
1.7676
1.9957
1.981
2.1983
1.7579
2.1148
2.3706
1.4759
1.8979
2.1726
1.8199
1.8786
1.9957
1.8339
1.6216
2.2515
1.8078
1.7339
1.4622
2.2281
2.1365
1.8646
2.2292
1.5976
1.896
1.6934
2.014
2.5534
1.7068
1.6748
2.4889
1.789
1.7278
2.6025
1.9643
2.1975
1.9407
1.9709
1.9241
1.8428
2.0965
2.3442
1.8795
2.0745
2.1995
2.041
2.1221
1.9176
2.2661
1.8985
1.7032
2.0089
1.8945
1.8871
2.3996
1.5878
2.0669
1.7256
2.0355
1.6326
1.8011
1.9093
2.0487
1.9995
2.0455
2.1898
1.9686
1.9025
1.5756
1.8807
2.337
1.6708
1.976
2.2661
2.0546
1.8649
1.6658
2.1294
2.1771
1.62
2.3887
1.6928
2.0283
1.6968
2.0117
2.024
2.1043
1.7183
1.8555
1.8041
1.9793
1.9649
1.8652
2.0154
2.0332
2.1523
1.7359
1.9617
2.186
2.1091
2.1657
1.9103
2.0805
2.4103
2.1906
1.7007
1.7172
1.8431
2.3918
2.2357
1.5264
2.1996
1.9677
1.804
2.0366
1.9457
1.8931
1.8143
2.2571
1.6531
2.1099
2.0792
1.9649
1.6964
1.933
2.0678
1.6098
2.381
2.05
1.9332
2.0673
1.847
1.7686
1.7683
2.1935
2.2341
2.1032
1.705
2.0192
1.9813
1.8989
1.6698
1.9497
2.0095
1.7364
2.0274
1.9124
2.0514
1.8902
1.9927
2.0993
1.924
1.8753
1.7905
1.9703
1.7152
2.0303
1.9715
1.8621
2.3458
1.8822
1.7705
2.1944
1.741
1.9238
1.7544
1.8896
1.9458
1.8921
2.0756
2.0206
2.3886
2.191
1.5796
2.0652
2.1288
1.8236
1.9886
2.2712
1.8967
1.8808
1.5596
2.4043
1.7396
2.3298
2.041
2.3122
1.5723
2.3109
2.1101
2.2155
1.717
1.8903
2.4345
1.7218
2.1725
2.0891
1.6747
1.972
2.0936
2.2026
1.4808
2.0967
2.2556
1.8552
2.0396
1.9837
1.8935
1.8714
1.8667
2.1878
1.7952
2.1175
2.2933
1.8233
2.1055
2.0426
1.8743
1.9407
1.8308
2.2764
2.104
2.0485
1.8679
1.9514
1.9176
2.0343
2.0155
2.1595
1.9434
2.2111
2.2846
1.7554
2.1657
1.8796
1.6891
2.1012
2.0461
2.0812
1.7439
1.8506
1.7724
1.9739
2.0825
2.0958
1.5332
1.7675
2.0798
2.0076
2.1299
1.856
1.7116
2.2545
2.252
1.8069
1.9976
2.2641
1.7452
2.5003
1.747
1.795
2.0108
2.1915
1.8767
2.2377
1.5083
2.0589
1.9066
2.365
2.1233
2.2472
1.5514
2.3938
1.8785
2.0981
1.7569
1.9553
2.1643
1.7851
1.9086
2.1245
1.9775
1.856
2.3315
2.186
2.2412
2.1146
1.6009
1.7566
2.3803
1.7107
2.1281
2.4393
1.8507
1.7226
1.9362
1.9253
2.2115
1.6728
2.2113
2.2456
2.0759
2.1284
1.9136
1.7436
2.4757
1.4476
1.973
2.0857
1.9844
1.9908
1.6683
2.1657
2.4308
1.7894
2.2017
1.9387
2.1267
1.7567
2.1083
1.7481
2.215
2.0154
1.8645
1.8204
2.4448
2.1175
2.1162
1.7815
1.9407
2.0555
2.0566
2.1512
1.7023
2.2564
1.8836
1.8809
2.1071
2.2819
1.8985
1.8914
1.9332
1.8384
1.7981
1.7738
2.0089
2.1174
1.7179
1.911
2.0959
2.0562
1.8771
1.5552
2.1518
1.7968
1.586
2.3382
1.7916
2.0545
2.1313
2.0374
1.4432
2.2003
2.1114
1.7194
1.8611
1.8744
1.8703
2.1037
2.1442
2.2818
1.807
2.0941
1.8348
2.0996
2.0869
2.0141
2.0181
2.2713
2.3823
1.6175
2.2994
2.1551
1.6053
2.4748
1.9616
1.8598
1.9904
2.0723
2.0964
2.1812
1.8665
2.4145
1.831
1.6393
2.5683
1.6191
2.0174
1.6985
1.8561
2.1706
1.935
2.2272
1.5557
2.2832
2.1978
1.5915
1.8235
2.0944
2.1266
1.6247
2.1078
2.1055
1.7632
1.922
1.8206
2.2262
1.7774
2.0963
2.1007
2.1439
2.2805
1.7
2.0652
2.0558
1.7588
1.8434
2.0868
1.6479
2.2508
1.9211
1.9628
2.3093
2.2866
1.8328
2.252
1.5864
1.9629
2.2488
1.6182
2.0924
2.1437
2.1756
1.498
1.8729
2.0729
1.6534
1.8963
2.0765
1.8922
1.7685
2.0103
1.911
2.0902
1.7225
2.3878
1.7221
2.0501
2.2959
1.9361
1.6736
1.7697
2.4276
1.3405
1.8598
1.867
1.7728
2.0982
1.8328
1.9916
1.6883
1.9729
2.2563
1.6887
2.1804
2.0988
1.7714
2.6157
1.9202
2.4403
1.6513
1.7621
1.8908
2.2434
1.8292
2.1445
2.1848
1.8799
1.9001
2.249
2.1203
2.1349
1.9745
1.8748
1.9643
2.2191
2.064
1.9045
2.2499
1.5705
2.139
1.8406
2.3285
1.8532
1.9358
1.9791
1.9687
2.4337
1.6028
2.0158
2.1546
1.619
1.7065
1.8649
1.9295
1.7046
1.8791
2.2544
1.8627
1.8176
1.9916
2.206
2.1205
2.1741
1.7133
2.2449
1.9989
2.3765
1.6308
1.8479
2.009
1.9585
2.0384
1.7981
2.1504
2.0314
2.1755
2.0494
1.7498
1.7603
1.994
1.7337
2.1602
2.3808
1.9513
1.7889
2.4009
1.8416
1.523
2.4431
1.9146
2.2609
2.0547
1.8486
1.7831
2.0432
2.1975
1.8205
1.9109
2.1733
2.047
2.1573
1.5546
2.4068
1.888
1.7681
1.8879
1.8803
2.031
1.8561
1.7651
2.382
1.9122
1.8771
1.8988
2.4475
1.7924
2.0526
2.0444
1.7376
1.8394
2.3535
1.5891
1.9902
2.1492
1.8461
1.8861
2.2709
1.7787
2.0761
2.1117
2.1951
1.6817
1.6029
2.056
2.1989
2.1058
1.5727
2.0097
1.5071
1.9904
1.8635
1.7315
2.2318
1.808
2.0682
1.5957
2.3032
1.6931
2.0031
1.9976
1.7571
2.207
1.9442
1.8414
2.0143
1.7173
2.4929
1.6179
1.8759
2.2993
2.034
1.9432
1.7798
1.864
1.8938
2.0336
1.9555
2.1205
1.8333
2.0963
1.9063
2.3931
2.3761
1.6709
1.968
1.8537
1.839
1.9498
2.1452
2.0547
2.366
1.9084
1.9708
2.0279
1.6687
1.8215
2.1935
1.9763
1.6376
2.3488
2.0822
1.6757
2.2376
1.8739
2.0734
2.0792
1.908
2.2281
1.7072
1.8454
1.8958
1.8841
2.2191
2.4182
1.5712
1.8007
2.4947
1.9736
2.0229
1.9533
1.8683
2.3068
1.8643
2.108
1.8314
1.9992
2.1488
2.2689
2.0787
1.5348
2.3986
1.9076
1.9143
2.0079
2.0824
2.2156
2.0334
2.2691
1.8489
2.1455
2.027
1.987
1.6034
2.0381
2.1683
1.7522
1.8254
1.9346
1.7121
1.9408
1.8421
2.1489
1.6302
2.0638
1.9088
2.0426
1.8748
2.1729
2.1576
1.9721
1.9043
1.8397
2.2055
2.1593
2.568
1.98
1.8073
2.0505
1.9605
1.8504
2.1277
2.2647
2.0434
2.2034
2.103
2.0086
1.7755
2.0088
1.7051
2.0326
1.7573
1.8523
1.7988
2.2007
1.7357
1.6613
1.8821
1.8862
2.0291
1.64
2.1478
1.9548
1.7748
2.0778
2.1344
1.7172
2.4733
2.0892
2.0701
1.9086
1.9466
1.9348
1.8192
1.9833
1.888
2.1326
2.7894
1.9836
2.0356
1.7678
2.12
1.6738
1.9171
1.9178
2.0455
2.163
1.8474
2.0862
1.645
2.1529
1.843
1.8811
1.7147
2.3432
1.7895
1.9333
2.0188
2.181
1.8319
1.8119
1.7086
2.3032
1.8058
1.8709
1.9054
1.9645
2.6967
1.8357
2.2539
1.6921
2.2047
1.7858
1.6945
2.1694
1.9786
1.9062
2.3753
1.6121
1.9899
1.9197
2.3535
2.0148
2.083
1.8088
1.7256
1.8619
2.0586
2.0545
2.3868
1.4544
2.1802
1.8006
1.7895
2.2873
1.8017
1.8751
1.9348
1.8285
1.9549
2.1263
2.2273
1.8016
2.5379
1.7831
2.2727
1.7349
1.5981
1.9496
2.2089
2.1303
2.0165
1.7526
2.2923
2.3376
1.8606
1.5672
2.2883
1.9456
2.2944
1.9743
2.088
2.1105
1.7253
2.1325
1.7376
2.4845
1.9235
2.3271
1.9987
2.1283
2.0992
1.5173
1.8548
2.4617
2.2086
2.1291
1.6369
1.5862
1.9506
1.6832
2.128
2.0576
1.8549
2.1255
2.0462
2.17
1.7788
2.1979
2.2861
1.9015
1.8451
2.2392
1.9364
2.1274
2.0118
1.755
1.7861
1.7421
2.2775
1.8629
2.226
2.0121
1.7891
1.5876
1.854
2.3287
1.7778
1.8128
2.3688
1.9848
1.8882
1.9298
2.2371
2.1414
2.3517
2.0194
1.6665
1.9868
2.0387
1.9361
1.864
2.098
1.8132
1.6017
2.1277
1.6257
2.2408
1.8741
2.168
1.7383
1.9398
2.241
1.936
1.8685
2.0617
1.9674
1.6081
2.3227
1.8947
1.983
1.8417
2.1207
1.685
1.9153
2.1108
1.9301
1.7387
2.3634
2.0663
1.6298
1.9103
2.3615
2.0571
1.6946
1.7894
1.9159
1.8227
1.9619
1.8875
2.3809
1.7258
2.5639
1.7741
2.0457
2.4353
1.724
2.4659
1.9842
2.1813
2.1845
1.7947
2.0081
2.2946
1.6018
2.6061
1.8935
1.9453
1.857
1.7986
2.0566
1.8267
2.2096
1.8817
2
2.1489
1.7522
2.1491
1.9231
1.7742
2.2594
1.6393
2.1251
2.4604
1.8636
1.9786
1.927
1.8359
1.881
1.9163
1.7684
1.8511
2.0578
2.0986
1.9222
2.5455
1.7602
2.191
1.6725
1.9568
2.3479
1.8389
1.9574
2.1604
1.7829
2.2618
1.5738
1.9221
1.9464
1.5544
1.9529
2.0227
