2.002
1.7125
2.3007
2.1797
1.9454
2.1011
1.7614
1.8273
1.8554
2.0631
2.1943
2.0763
2.0667
2.0336
1.8327
1.8968
1.8864
1.9723
1.9179
1.7082
2.2959
2.1293
1.7929
2.071
2.3066
1.7534
2.311
2.0415
1.632
1.9838
1.9247
2.0519
2.4767
1.805
2.0251
2.8065
1.3643
2.2475
1.7054
1.7347
2.1025
1.7964
2.3609
2.0786
1.9847
1.6358
1.9265
2.0583
2.1448
1.9927
1.9938
1.5409
1.9493
2.0823
2.1794
1.9172
2.0236
2.0274
2.098
1.9516
1.9683
2.1986
1.7865
1.8946
2.4031
2.0343
2.073
2.1248
2.0573
1.84
1.752
2.2568
2.0344
2.0564
1.808
1.7334
2.2735
1.5908
2.3121
2.0666
1.6658
1.9103
1.9609
1.9343
1.7555
2.2397
2.1393
1.9286
2.1415
2.2086
2.1798
2.1186
1.9543
1.7986
2.0439
1.7914
2.5382
1.6745
2.3435
2.1166
1.7736
2.2537
1.8417
1.9239
2.0108
2.0496
1.9252
2.4354
1.4775
2.297
2.0622
1.9922
1.9283
2.1536
1.3107
2.5367
1.8523
1.9657
1.701
2.0597
2.2832
1.8955
2.1778
2.1975
2.0989
2.2816
2.4464
1.9301
2.2115
1.6685
2.0612
1.7919
2.1071
1.8315
2.0824
1.8308
2.1698
2.0535
1.9016
2.2463
1.7964
1.6994
2.2166
1.7578
2.0009
1.9207
1.882
1.8498
2.1127
2.0489
2.3526
1.8404
1.9072
2.5032
1.8529
2.1726
1.8615
2.1019
2.2019
1.8259
2.2796
2.103
1.6712
1.8375
2.2608
2.0295
1.6815
1.8102
2.0793
2.1187
2.0061
2.0469
1.7651
1.9526
2.0485
1.6871
2.4389
2.0046
1.6226
2.2217
1.8324
1.7939
1.8884
2.0959
1.9
2.1024
1.9848
2.3301
1.8102
2.0223
1.8829
2.0459
1.7118
1.9116
1.949
1.685
2.3494
1.5194
2.3256
2.1723
1.8106
1.6806
2.1833
2.0814
2.4131
2.4216
1.837
1.7088
2.059
1.9264
2.5948
1.9733
1.811
1.8501
2.0164
2.2629
1.7438
2.1356
1.8991
1.8489
1.9407
2.3979
1.7817
1.6879
2.3304
2.0927
1.8372
1.914
1.9966
2.139
1.9217
1.9033
2.2153
1.7054
2.0023
1.9102
2.3297
1.8941
1.9184
2.0337
2.1627
1.8039
1.684
2.033
2.2039
1.6202
2.0251
1.9264
2.0447
1.9093
2.2913
1.8333
1.9791
2.0307
1.902
2.1995
1.8562
1.882
2.2341
2.0051
1.8029
1.7611
1.7742
2.0773
1.8631
1.7517
2.1474
1.6943
2.1319
1.6364
2.3123
2.0978
1.4963
2.2142
2.5231
1.9437
1.4565
2.2655
2.119
2.1639
1.7991
1.8669
2.1309
1.8842
2.148
1.9744
2.0411
2.1499
2.0715
1.6245
2.2555
2.0832
1.8308
1.7295
1.9068
1.8846
2.1482
1.624
2.2546
2.1953
1.5495
1.8711
2.0383
1.8144
2.0054
1.9954
1.9385
1.9758
1.9503
2.3927
1.9125
1.923
2.4047
1.6141
2.4113
2.3209
1.4517
2.75
1.5485
2.0297
1.9313
1.9699
1.8443
2.1755
2.0089
2.1704
1.7873
1.5508
1.9681
2.0154
1.6927
1.823
2.1922
1.9786
2.0269
1.8465
1.917
1.8108
2.6261
1.9608
1.5665
2.2714
2.0292
1.9131
1.8208
2.2446
1.6371
2.0336
1.5436
2.0879
1.8332
2.3498
1.866
2.2054
1.8431
1.7527
1.7837
2.3539
1.9991
1.7437
1.9653
2.2955
1.6969
1.8035
2.0304
1.6526
2.0119
1.8543
1.8628
1.9824
1.9145
1.8178
2.5376
1.8962
2.0536
2.0339
1.7131
1.9908
2.0959
1.6437
1.9439
1.9542
2.3262
1.511
2.0132
1.8794
2.0793
1.6186
2.4831
2.077
1.5845
2.1307
2.0916
1.8352
2.0722
1.9905
1.8335
2.0044
2.4085
1.7484
1.9636
1.9523
1.9166
2.2853
1.7865
2.085
1.8297
1.939
1.8535
2.2264
2.0971
1.8932
1.9972
1.7593
2.1727
1.895
2.2371
2.039
1.9389
1.6231
2.1388
1.8736
2.2083
2.0994
2.1199
1.7575
2.0862
1.6866
2.1949
2.1122
2.173
1.8268
2.3012
1.6844
2.0514
1.9181
1.7348
1.9489
1.8038
2.2625
1.7236
1.8954
2.119
1.8064
2.2301
2.1226
1.7369
2.3066
2.1248
1.4886
2.2203
1.9273
1.7751
1.9752
2.1985
1.7136
2.2143
2.0568
1.6541
2.1025
1.6844
2.3694
2.2077
1.976
2.0154
2.0786
2.1231
1.5973
1.8858
1.8313
2.2704
2.0713
2.1119
1.8945
2.0211
1.9519
2.1791
1.9373
1.9867
1.7184
1.9238
1.786
1.8541
2.0897
1.9974
1.9551
2.3246
2.0704
2.1786
1.7678
2.1349
2.0159
2.38
1.9834
1.6944
2.0015
1.9225
1.6485
2.4156
1.6048
1.8079
2.3432
2.1112
2.031
1.8397
2.1024
1.7528
1.9144
2.3496
2.1141
2.2814
1.9761
1.8051
1.9163
2.5076
1.6356
1.8437
2.0195
1.9578
1.9501
1.7803
2.1053
2.2852
2.0864
1.7141
2.1569
1.6738
1.9569
1.9618
2.4045
1.9397
1.8908
2.2132
1.8731
2.2493
2.1945
1.8752
1.621
1.6201
1.9744
2.055
2.0938
1.9604
2.1387
2.0672
1.4386
1.8983
1.75
1.7034
2.1638
1.9013
1.7754
1.9548
1.9314
2.2425
1.8991
2.3084
1.9112
1.6579
2.1127
2.1484
1.9269
1.7734
1.9694
2.2106
1.9
1.8447
1.7389
2.2589
2.387
2.0891
1.7346
1.8988
1.7353
1.9475
2.2078
2.0608
1.8822
2.0841
1.6724
2.0952
1.6818
1.7166
2.0896
2.0716
2.0535
2.0454
2.6262
2.1576
2.1523
1.6792
2.2304
1.9931
1.4551
2.0896
2.2865
1.6847
2.3476
1.7525
1.7621
1.6943
2.503
2.0065
1.7485
1.9593
2.0142
2.4902
1.6307
1.6619
1.992
2.2011
1.7709
2.3346
1.5187
2.2354
2.1666
2.1714
2.0116
2.1834
1.857
1.7674
1.8254
2.3089
1.7496
2.0421
2.0473
2.1183
2.0614
1.5973
1.583
1.5108
2.2929
2.4409
1.6013
2.1845
1.845
1.7536
2.1999
1.6119
1.9185
1.8902
2.1076
1.8524
1.9449
1.8212
2.129
1.6136
2.2234
1.8676
2.1478
2.1987
1.8112
1.5441
1.7996
2.1777
2.293
2.1054
1.9927
1.892
2.0115
1.9298
1.9563
2.2418
1.7686
2.1944
1.8443
1.6654
2.1754
1.6669
2.064
2.1411
1.9941
1.7949
2.1384
2.1467
1.6623
2.0642
1.681
2.1814
2.2643
1.7365
2.0711
1.6182
2.1837
1.8148
2.1128
1.7241
2.3252
1.7509
1.9067
2.1988
2.2966
1.9546
2.2869
2.0701
2.081
2.3553
2.0018
2.0164
2.0266
2.0674
2.0383
1.9674
2.1139
2.0547
2.2381
1.5549
2.0799
1.9048
2.0636
1.879
2.1243
1.5055
2.7343
1.6087
2.3763
1.9023
2.1013
1.9255
2.2556
1.825
1.6628
1.878
2.1229
1.7212
2.1675
2.2984
1.5479
2.2508
1.9749
2.0423
2.2061
2.2305
2.2028
1.8357
2.0124
2.4027
1.941
2.2197
2.19
1.6398
1.8533
2.1705
1.7806
1.6252
2.0684
1.9148
2.2453
1.5463
1.9081
2.1807
1.5792
1.9906
1.9345
1.9634
1.9848
2.1868
1.805
2.3606
1.7318
2.0831
1.647
2.0676
1.8727
1.6991
2.1581
1.8723
2.1087
1.88
1.72
2.1125
1.7574
2.1848
1.6299
2.1349
1.858
2.2341
2.1661
2.0939
2.116
2.0959
1.9184
2.0711
1.5678
1.9304
1.6592
2.2662
2.2101
1.8128
1.8798
2.0283
1.9214
2.0293
1.83
2.3537
1.7756
2.0723
2.0821
1.9758
2.0036
1.9019
1.9889
1.5622
2.4174
1.6304
1.92
1.7412
1.587
2.2382
1.9183
1.9118
2.0413
1.5667
2.2425
1.6894
2.1493
1.9956
1.8857
1.8862
2.0204
2.0719
2.0412
2.0222
2.1077
2.1815
1.6203
1.7126
2.191
2.2015
2.7359
1.632
1.8128
2.1278
1.7549
2.0128
1.4919
2.1981
1.884
1.7396
2.2577
2.1146
1.872
2.0572
1.7658
1.9354
1.5848
2.437
1.5267
2.0191
2.1248
2.5057
1.9163
1.6267
2.1742
2.0792
1.9359
1.7711
2.2314
1.9312
1.8549
2.2203
1.8382
1.931
2.0658
1.7108
2.4027
2.4145
2.129
2.1427
1.8879
2.1156
1.7831
1.9175
2.051
2.0345
2.0849
2.1639
2.0356
1.9729
1.7226
1.7048
2.3835
2.1992
1.8843
1.9521
1.8826
2.0418
2.0262
2.2313
1.7495
2.1453
1.7317
2.123
1.9108
2.0902
1.8874
2.1259
2.3145
1.3698
2.3878
1.86
2.1382
2.2151
1.8421
1.7943
1.9132
2.1964
2.1168
1.941
1.7497
2.2563
1.7446
2.5264
1.8884
1.8549
1.9122
1.9515
1.9966
1.8912
1.9252
1.5358
1.7614
2.2775
1.9666
1.8104
1.8918
2.0062
1.9758
1.9904
1.7042
2.2809
2.0271
2.4981
1.719
2.1605
1.761
2.208
2.0855
1.8067
2.3848
2.0437
1.9625
2.0101
1.9404
1.9354
2.3676
1.7004
1.6907
1.826
2.1647
2.0885
1.8364
2.0356
1.8387
2.2643
1.8841
2.3038
1.9494
2.2088
1.8819
1.9298
1.9046
2.0759
1.732
1.5996
1.8559
2.0245
1.9447
1.883
1.9877
1.9633
2.1634
1.9553
2.4889
2.0697
1.7954
2.2349
1.7173
2.341
1.7995
2.0755
1.8457
2.212
2.1314
1.8874
1.8142
2.5908
1.5944
1.9166
1.7351
2.3555
2.1639
1.9129
2.1949
2.0789
1.8125
2.0693
2.3116
1.621
1.8929
1.5527
1.9234
1.7498
2.5522
1.9036
1.9219
1.681
2.4121
2.2275
2.1288
1.9669
1.7748
2.0466
1.7397
2.513
1.9898
1.6716
1.9542
2.0571
1.8825
1.9698
1.6897
1.8932
2.2911
1.8711
1.7673
1.945
2.2529
1.7464
2.3932
2.1633
1.761
1.7828
2.3183
1.6754
1.9856
1.6373
1.8901
2.0338
2.1818
1.4503
1.7817
1.8999
1.7494
2.1929
1.6026
2.1764
2.0236
1.9001
2.1173
2.3791
2.2996
1.6707
2.2591
1.971
1.6631
2.1109
2.0721
2.1194
2.1514
1.7046
1.6543
2.2915
2.2311
1.8895
2.1738
2.055
1.9556
2.3645
1.9345
1.755
1.9205
1.9891
2.4776
2.1198
1.7384
2.5114
2.0787
1.8543
2.1708
1.7449
2.2838
1.8075
1.824
2.1243
2.4916
2.05
1.6553
2.0509
1.9513
2.3253
2.0499
1.9638
2.0234
1.728
2.0099
1.7936
1.6639
2.0814
1.7291
1.9766
1.7366
2.132
1.8267
2.0512
1.5955
1.9695
1.7989
1.9739
2.054
1.683
1.8185
1.7424
1.8936
2.2743
1.9793
1.809
2.1525
2.031
1.6735
2.0654
2.0944
1.8524
2.5277
1.9737
1.9357
1.7728
2.3389
2.0912
1.7311
2.0422
1.5389
2.4994
2.3102
1.6725
2.2113
2.0766
1.6858
1.8089
1.8469
1.9131
2.4937
1.8998
1.9811
1.6816
2.396
1.7015
1.96
2.3666
2.1281
1.9618
1.8554
2.1341
2.2006
1.7669
1.9767
1.8356
2.0858
1.6586
2.2286
2.242
1.6422
2.2129
2.1276
1.7668
2.0829
1.923
1.8801
2.059
1.9231
2.1354
2.2009
2.3082
2.1819
2.4236
1.7575
1.8093
1.8564
2.0961
2.0199
1.725
2.4257
2.0233
1.8256
1.9272
1.9505
2.0627
1.4258
2.1742
2.2786
1.9822
1.6961
2.1495
1.9973
1.5171
1.6287
2.2669
2.168
1.986
1.4731
2.6624
1.7877
2.0265
2.0615
1.9383
1.8106
2.3273
2.0151
1.9008
1.945
1.8874
1.9397
2.2534
1.8882
1.9878
1.8886
1.914
1.9757
1.9387
1.8476
1.9302
2.3549
1.6094
2.2135
1.9649
2.2128
1.7942
1.8766
2.102
1.8245
1.6123
2.0174
2.3006
1.9985
2.3638
2.205
1.6606
1.995
2.1965
1.5394
2.3368
1.7605
1.5613
2.0073
1.9786
2.0413
2.0454
1.8572
2.0156
1.9837
2.0371
2.1048
1.58
2.0676
2.6846
1.7245
2.017
2.0941
1.7636
1.8222
2.5181
2.0705
1.9826
1.8426
2.4787
1.8918
2.1222
1.8749
2.1001
2.2805
1.981
1.9487
2.012
2.4618
2.1603
1.8789
2.3563
2.21
1.6695
2.3127
1.9556
1.6848
2.1877
1.8697
1.8602
1.9371
2.2883
1.8322
2.1414
1.9624
1.9157
1.9323
1.7982
2.0352
1.9311
1.7684
2.115
1.8932
1.6013
2.0085
1.9231
1.8002
2.1784
1.8509
2.0189
1.6928
2.2229
1.9276
2.3518
1.7382
2.1772
2.0999
2.0159
1.7607
2.1152
2.0226
2.0107
1.978
2.0542
1.9583
1.9215
2.0907
1.4731
2.0065
1.9321
1.668
2.2811
1.8701
1.682
2.1541
1.9171
2.0869
1.9104
1.7791
1.5504
2.1339
1.8279
1.9428
2.4007
1.5243
1.8344
2.1057
1.7677
2.0642
2.294
2.0529
1.821
2.1881
2.0952
1.6626
2.256
1.8119
2.143
1.6765
1.74
2.0137
1.8758
1.8035
1.9677
2.097
1.7129
1.7664
2.141
2.0827
1.8476
1.7147
2.2962
2.3648
1.5617
2.6107
1.9363
2.3422
1.8484
1.2645
2.5461
2.0658
2.1971
1.9003
2.1972
1.8973
2.1299
1.9464
2.1005
1.7718
1.7914
2.034
2.1283
1.7301
1.6793
2.0926
2.2602
2.373
1.7628
2.0355
2.0332
1.767
1.9183
1.5542
2.4047
1.8639
1.8064
1.7715
2.1157
1.8255
2.1523
2.1503
1.804
2.2683
1.9221
1.8431
1.7215
1.9778
2.5153
2.1356
2.3506
1.8056
1.782
1.716
2.0253
1.7993
1.8783
1.9222
2.2089
2.1037
2.1259
1.6741
2.0886
1.8281
2.0217
1.9368
1.7074
2.1533
1.9414
1.7424
1.6606
2.3917
2.0566
1.9805
1.7483
2.2095
1.926
2.1001
1.9047
1.695
2.1172
1.8631
2.2733
1.8902
1.9342
1.9281
2.1818
2.2456
2.037
2.2557
2.1955
1.8319
1.943
2.3985
1.9685
1.8518
2.1013
2.3602
1.9193
2.0876
1.6549
2.5284
1.7467
1.7571
1.9055
1.937
1.7753
1.9246
1.7939
2.2118
1.5339
1.5955
1.9173
2.1192
2.2227
1.8567
2.012
1.9721
1.8716
1.9861
2.2792
1.5158
2.089
2.078
1.975
1.8515
2.2541
1.891
1.9399
2.2111
1.5465
2.5594
1.8517
2.3299
1.8485
2.0516
1.706
1.8644
2.3468
2.2595
2.0041
1.9388
1.7455
1.9997
1.6863
1.9197
1.9213
2.0304
2.1403
1.8941
2.2554
1.7944
2.1216
1.8626
2.0147
2.0449
2.0418
2.024
2.0402
1.9163
1.9489
1.7057
1.9122
2.2719
2.3968
2.0835
1.4378
2.1943
1.889
1.8139
2.1715
2.1107
2.3029
1.7597
2.0519
1.6279
2.0308
2.2435
2.0127
2.2304
1.7377
1.5988
2.1797
2.1249
1.8079
2.313
1.6331
2.008
2.212
2.1331
1.8638
2.0605
1.808
2.0843
1.9294
1.9542
2.0045
2.1668
2.2787
1.9509
2.2447
1.7326
2.3323
1.4739
2.4247
2.1825
1.7232
2.2974
2.1408
1.8688
1.9272
2.2177
1.8549
2.1461
2.2212
1.4385
2.2308
1.7853
2.3464
2.0201
2.2364
2.0439
2.3295
1.6898
1.9147
2.0711
2.1377
1.9228
1.6995
1.9132
2.1399
1.8334
1.8529
2.3071
1.6896
2.0603
1.7608
2.0589
2.0044
1.9893
1.7293
2.0119
2.2321
2.0632
1.9077
1.753
1.6335
2.1298
2.2085
2.3503
1.8611
1.8994
2.2726
2.0987
1.8454
1.7699
2.1762
1.7262
1.841
1.8667
2.0127
2.1091
1.8225
2.1874
2.5721
1.9058
1.7117
1.8804
1.7069
1.9836
1.727
2.134
1.7406
2.0776
2.2785
2.0227
2.0508
1.6666
1.9175
1.9227
2.0474
1.8989
2.0361
2.0018
1.9428
1.9513
1.7709
2.2541
2.2611
2.1277
2.0889
2.1813
1.7954
2.0749
1.8125
1.9764
2.0395
2.0668
1.7677
1.834
2.1468
1.7874
1.9701
2.2012
2.0019
1.7704
2.1186
1.9459
2.1979
2
1.9788
2.1322
1.9833
1.5703
2.341
2.118
2.0471
1.8993
1.6576
1.9176
2.0422
1.8253
2.0406
2.0748
2.267
1.8465
2.484
1.8657
2.0472
1.673
2.0946
1.9648
2.3083
1.957
2.1796
2.187
1.709
1.8453
1.5615
2.2237
2.1572
1.5682
2.3808
1.8742
1.7105
2.0398
1.9291
1.8496
1.8928
1.6489
2.0403
1.9489
2.1344
1.8294
2.4023
1.7469
1.8322
2.0572
2.074
2.1386
2.2416
2.0365
1.8872
2.2143
2.1146
2.0277
1.7413
2.2964
1.4966
1.8603
1.8973
1.8179
2.0667
2.3279
1.7451
2.1525
1.7784
2.1717
1.616
1.9669
1.871
1.9357
1.8894
2.5361
2.0383
1.7584
2.4722
1.9137
2.0698
2.1185
2.2465
1.9541
1.702
1.8078
2.0428
1.9172
2.0855
1.4005
2.1638
2.0299
2.0531
1.9271
2.1318
1.6523
2.0232
1.9732
2.0929
1.9707
2.4189
1.9126
1.4002
2.2448
2.2117
1.3717
1.9808
1.7288
2.178
2.4419
1.5124
2.0575
1.8831
1.9835
2.1757
1.8014
2.1029
1.932
2.0743
1.9585
2.0803
2.0659
1.8863
1.6932
2.0932
2.2381
1.9641
1.8631
1.6924
1.8261
2.2352
1.6398
2.0669
1.8653
2.0234
1.6098
2.6901
1.6295
1.7576
1.9039
2.0949
2.048
2.1075
1.9709
1.8032
2.3086
1.9707
2.216
1.8634
2.2155
2.1546
1.8685
2.0953
1.6919
2.1608
2.0301
1.9178
2.0957
2.2263
1.7261
2.4083
1.9234
2.3179
2.0422
1.6395
2.1738
1.9466
1.9032
1.8745
2.6122
2.482
1.6727
1.9176
1.3883
2.1953
1.6657
1.8194
1.9661
2.3888
1.7388
1.8306
1.7938
2.1285
2.2638
2.0549
2.1409
1.6185
1.6642
1.9009
1.9076
2.0767
2.2725
2.2026
1.796
1.8722
2.4942
1.5399
2.1196
1.946
1.8838
2.1599
1.8784
1.8821
2.4057
1.8774
1.9552
2.2089
1.7048
1.7506
2.0895
2.0073
1.8704
1.488
2.1679
2.6018
2.1774
1.5093
1.8754
2.1478
2.0516
2.1002
1.8665
1.6488
2.32
1.8096
2.4889
1.5411
1.9278
1.7897
2.2119
1.9273
1.7726
2.2046
1.7578
2.1828
1.854
1.7365
2.2655
1.8011
1.91
2.4677
1.9463
1.9051
2.0331
1.5603
2.5971
1.7279
2.0666
2.0028
2.0765
1.8321
1.6424
2.0371
1.9313
1.8866
2.1628
1.7737
1.7948
1.8251
1.9224
1.879
2.1945
1.8938
2.1419
1.6376
1.9433
2.0648
1.7415
2.3507
2.2456
1.7882
2.353
1.8167
1.7796
1.9174
2.1656
1.8457
1.8439
2.2089
1.9793
1.9415
2.2166
1.9195
2.366
1.7869
2.0411
2.0005
2.2368
2.2044
1.6988
2.2029
1.6835
1.8287
2.3115
1.8148
2.0118
1.7826
2.4957
1.6864
2.5359
1.9669
1.8302
1.9199
2.1996
1.6278
2.0012
1.6567
2.2166
2.0788
2.0117
1.7569
2.2585
2.1992
1.7175
2.2826
2.1822
1.9305
2.1106
1.7242
2.1004
2.3515
1.4088
2.6632
1.8122
1.7874
2.2594
2.0196
1.9345
2.2439
1.691
1.744
1.9492
2.095
1.9602
1.5603
2.3514
1.7892
2.3575
1.9174
1.6574
1.9172
1.8848
2.0328
1.6672
2.2484
1.7865
2.0269
1.881
2.1577
2.2862
1.716
1.8651
2.0282
2.055
2.0431
2.4827
1.6382
2.351
1.7184
2.1474
1.7068
1.9534
2.1149
2.0811
1.9012
1.4775
1.9382
1.955
2.1549
2.0176
1.7022
2.4875
2.178
1.497
2.2141
2.0109
2.0464
1.7693
2.2492
1.9809
1.747
1.9871
2.1009
1.8345
2.6182
1.7006
2.0148
1.7411
1.6429
1.9269
2.4406
1.8583
2.1846
1.6921
1.8625
1.9826
2.1376
1.794
2.3382
2.1771
2.0381
1.9583
2.221
1.5654
1.8256
2.4235
1.7838
1.7935
2.0286
1.824
2.2431
1.9016
2.2685
1.7217
1.9371
1.6422
1.8044
1.7269
2.3834
2.4841
1.6826
2.3071
1.6993
2.3406
1.9187
1.598
1.931
2.3026
1.6113
2.2993
1.4746
2.0065
2.2784
2.1375
2.0257
2.1179
1.674
1.8794
2.0864
1.7729
2.1006
2.1485
1.8489
1.9505
1.9601
2.273
2.1775
1.821
1.7829
1.9856
1.8546
2.2103
1.9468
1.9257
1.9112
1.9082
1.8235
2.2085
1.9633
2.2524
1.7394
2.063
2.0261
1.7473
1.8318
2.0568
2.0074
2.0839
1.7184
2.0874
2.5112
1.8284
1.7544
2.3317
2.1299
1.3331
2.26
1.9129
2.2028
1.7459
1.6913
2.3467
1.7119
2.2337
1.8599
1.7736
1.8356
1.8766
1.8823
1.9487
2.0734
1.6653
1.9477
2.006
2.0479
1.8419
1.9997
1.6686
1.9428
1.8217
1.981
2.2004
1.8136
2.5035
2.4569
1.6165
1.6262
2.0445
2.0919
1.7879
2.0485
2.2164
2.0341
1.6649
2.4895
1.9975
2.3221
1.7689
2.1673
1.8394
2.1633
2.188
1.7093
2.5025
2.0338
1.7618
2.3204
1.9375
1.7979
1.8938
1.6859
1.8511
1.5565
1.9595
2.3537
1.9999
2.3119
1.8786
1.5587
2.5434
1.9798
2.0061
2.212
2.0121
2.1041
1.7584
2.3415
1.9878
2.1161
1.6208
2.1323
2.5796
2.0251
2.4063
1.6091
1.9619
2.4041
2.2977
1.7488
2.0478
1.9701
1.8995
1.6366
2.0993
1.8357
1.9749
2.3705
1.8633
1.7147
2.3959
1.5592
1.8566
2.2389
2.2621
1.6456
1.7656
1.7889
2.0805
2.0269
2.3261
1.9909
1.7551
2.0872
1.8925
2.2402
2.3532
1.8118
1.8312
2.2211
1.7695
1.4665
2.1362
1.8721
1.7385
2.241
2.0006
1.8031
2.1626
1.4358
2.2863
2.0312
1.9233
1.8459
2.0203
2.4077
1.836
2.0422
2.019
2.0702
2.3416
1.5124
2.1317
2.1397
2.047
1.6538
2.3954
1.7885
2.2422
1.9418
1.9032
1.8913
2.4607
1.9961
1.9852
1.9031
1.8723
1.9285
2.1774
2.0716
1.6072
2.391
1.9733
1.9194
1.7582
2.0753
1.9019
1.9704
1.8663
2.004
1.9884
1.8645
2.1931
2.087
2.3134
1.7369
1.8047
2.1368
1.5116
2.306
2.0507
1.9736
1.8448
1.8141
2.042
1.537
2.3061
1.9188
1.8467
1.8308
1.9197
2.0881
2.1979
1.9964
1.866
2.3692
1.9597
2.3646
1.9609
2.2126
1.9687
2.3936
1.992
2.2789
2.1062
1.9865
2.3446
1.8061
2.0058
2.0981
1.9383
2.0186
1.8056
1.988
2.1863
2.3038
1.9577
2.1107
2.027
1.8127
2.0431
2.1568
1.5997
2.4043
2.0904
1.7478
1.9344
2.1424
2.4317
1.8349
2.3789
1.653
2.4591
1.638
1.9102
1.8347
2.1177
2.1336
1.9368
2.0826
2.1489
2.1157
1.9624
1.8748
2.59
1.864
2.2733
2.2189
2.2758
1.9065
2.1642
1.7599
1.915
1.9484
1.7652
2.143
2.3225
1.8431
1.5731
2.2681
1.6578
2.1393
2.155
1.8023
2.2612
1.5196
2.1683
1.8637
1.9115
2.1606
2.0034
1.9567
1.8948
1.9379
1.9958
2.1011
1.7439
1.6112
1.6754
2.0664
1.9458
1.8644
2.0725
1.8351
2.1368
2.028
2.1342
1.8156
1.639
2.2717
1.8337
1.8247
2.1694
2.071
1.7798
2.1573
1.936
1.8355
2.2267
1.9115
1.6038
2.3511
1.7286
2.5886
2.0602
1.8298
1.9372
2.0408
2.4785
1.7113
2.2813
1.6157
2.4778
1.7297
1.9125
1.8244
2.0516
1.9706
1.8403
2.0007
1.8621
2.1002
1.7672
2.1862
1.7888
2.0833
1.9358
2.0553
2.0123
2.1645
1.875
2.0006
1.7727
1.8976
1.8049
2.5613
2.1194
1.4845
2.4038
1.9397
2.2437
2.0382
1.7939
1.835
1.8741
2.0872
1.8074
1.8534
1.9108
2.0362
2.1963
1.6168
1.6897
2
2.0723
1.8881
2.217
1.6848
1.9474
1.8414
2.441
1.9644
2.0482
1.4922
2.3306
2.3369
1.9263
1.9654
2.9248
1.7082
2.2128
2.033
2.0282
2.0245
1.9413
1.8723
2.1749
2.1613
1.7994
1.7718
1.9374
1.6136
2.0514
1.8308
2.0788
1.8058
1.7876
2.1706
1.9445
1.8409
2.1373
2.3199
1.8842
1.7383
1.848
1.6311
2.6341
1.6991
2.2409
1.877
1.8738
2.1525
1.9298
1.8293
1.9853
1.9197
2.2153
1.7316
2.0684
2.1043
1.7303
2.357
1.9092
1.9999
1.8836
1.8919
2.244
2.0936
2.1863
1.8608
1.8258
2.1987
1.5844
2.2556
1.5394
2.254
2.3229
2.0377
1.661
2.1142
1.6295
2.354
2.091
1.8005
1.9129
1.6702
2.6719
1.7646
2.2561
1.999
2.3028
2.057
1.8413
2.3688
2.089
1.705
2.3936
2.2252
2.2289
2.1554
2.2227
1.5289
1.9942
1.902
2.1878
1.761
1.7502
2.2242
2.0658
1.9682
2.1722
1.6614
2.2249
1.9632
2.667
1.8484
1.7712
1.9178
1.7941
2.1481
1.8134
1.7072
1.9727
2.6569
1.7769
1.996
2.3259
2.2351
1.5341
2.202
1.8105
2.0889
2.3861
1.9347
2.3844
1.5938
2.0651
2.2558
1.8672
1.9406
1.856
1.7916
2.1821
1.9825
1.6863
2.1149
1.9512
2.353
1.631
1.8543
1.5634
2.4258
2.1204
1.5043
1.9144
1.6574
2.1348
2.0963
1.782
1.8637
1.9984
1.9139
1.97
1.6204
1.9694
2.1905
2.1236
2.3046
1.7259
1.7599
2.1361
2.0551
2.1363
2.6731
1.7469
1.8794
2.0226
1.9365
1.796
2.2373
1.7259
1.7635
1.6734
1.9241
1.9413
2.2609
1.5645
1.8878
1.9788
1.7267
1.7738
2.3059
1.3236
2.421
2.0985
2.0368
2.0583
1.5471
1.807
2.2216
1.8035
1.8781
2.0384
2.3007
2.1748
1.7786
2.1362
1.7089
2.2989
1.6682
2.0548
1.9102
2.2904
2.2315
2.5846
1.8656
1.8116
2.244
1.8465
2.1887
1.905
1.7541
2.2902
1.895
1.846
1.7207
2.1447
1.8084
2.257
1.8376
1.7022
2.0973
2.285
1.7632
2.0498
2.0241
1.9271
2.2495
1.9974
1.9576
1.8049
2.2294
1.8012
2.3134
1.8304
1.7304
1.8948
1.7991
1.8162
2.6615
1.5731
2.4387
1.8654
2.1097
2.1322
1.9311
2.0069
2.1796
2.0584
2.1607
1.7943
1.7035
2.0179
1.7874
2.0355
2.0769
2.322
1.8109
2.1874
1.7335
2.0046
2.0035
2.1836
1.7152
2.4735
2.0028
1.9128
2.532
1.7696
2.048
1.6973
1.7349
1.756
2.1824
1.7351
2.0932
1.814
1.9387
1.8525
1.861
2.3304
2.3013
1.9756
1.9168
2.1973
2.1107
2.1184
1.5003
2.3232
1.9833
1.8992
2.3462
1.6599
1.6931
1.9966
2.3999
1.9739
1.9588
1.9057
2.0794
1.543
2.0658
2.3235
2.0338
1.5265
2.022
2.1414
2.0282
1.8178
2.1041
2.085
1.6982
2.2307
2.3071
1.9065
2.0326
2.0054
2.3966
2.1271
1.7336
1.6107
2.0229
1.94
2.1971
2.0156
2.2913
1.7948
2.0222
1.9164
2.4013
1.9239
2.0544
1.7751
2.1939
1.7402
2.2174
2.2671
1.7997
2.132
2.2792
2.11
1.8466
1.9092
1.9962
1.5466
2.5253
1.8371
2.0935
1.9649
2.0376
2.0384
1.9697
1.8308
2.0598
1.8417
1.9754
1.8183
2.0279
2.097
1.7836
2.5694
1.7945
2.1146
2.4106
1.8144
1.827
2.1452
2.1268
2.0464
2.1183
1.6247
2.2135
1.8916
1.9956
2.2309
1.8806
2.3416
1.6986
2.0771
2.007
1.7647
1.7721
2.0423
1.9924
1.9567
2.0776
1.8526
1.6878
1.7105
2.3096
1.7916
2.1643
1.6461
2.1374
2.3459
1.8084
2.1151
1.734
1.8598
2.2008
2.1208
1.9809
1.9944
2.1469
2.3772
1.6087
2.1765
1.7962
1.8784
2.1084
1.8599
2.1011
2.1657
1.6866
2.4111
2.0832
2.3993
1.8132
2.2322
1.5659
2.0138
1.8815
2.0954
1.7247
2.1721
2.0054
1.9956
2.4653
1.7452
1.7313
2.0421
1.9043
1.9492
2.1255
1.8887
1.9275
1.9017
2.026
1.8757
2.1703
2.2408
1.9358
1.8215
2.0887
2.0478
2.1017
1.7395
2.098
1.7517
2.1149
1.9055
2.2598
1.8028
2.0075
1.7765
2.1909
1.6167
1.9905
2.0982
1.8848
1.8063
1.8204
2.0021
1.9776
2.3218
2.2347
1.7686
2.1537
2.3015
2.0984
2.1654
1.9189
1.6065
2.075
1.9838
1.7457
2.0232
2.4302
1.8171
1.7983
1.9802
2.3461
2.2537
2.0044
1.9119
2.0829
2.0134
1.8187
1.9913
1.9843
2.2578
1.9606
2.1489
1.7564
2.03
2.1581
2.0274
1.9528
2.1618
1.8354
2.092
1.6508
2.1614
2.2113
1.907
2.1138
1.9289
1.822
1.7935
2.2258
1.9668
1.7005
2.2803
2.0444
2.159
2.0881
1.9975
2.429
1.6877
2.1483
2.2465
2.0679
1.9745
1.821
2.0684
2.1174
1.7427
2.152
2.127
2.494
1.9201
1.8391
1.9063
2.0142
1.9673
1.6998
2.4551
1.812
1.9922
1.6178
2.3448
2.0582
2.0567
1.6585
2.1825
1.9688
1.9547
2.0619
2.0039
2.0633
1.9209
2.0205
1.8498
1.9848
1.8957
2.3462
1.7722
2.0221
1.8234
2.5797
1.7504
2.1124
1.8446
2.1046
2.1064
1.7552
2.1725
1.8709
1.7005
2.0029
1.9759
1.5072
1.9644
1.9063
2.0666
2.1819
1.9204
1.6489
2.0527
2.0227
1.9395
1.7634
2.08
1.9017
1.7055
2.0234
2.3229
1.7727
2.1574
1.7763
1.7105
2.117
1.7115
2.2403
1.841
2.2039
2.3524
2.1984
1.8739
2.1516
1.7068
2.5396
1.6579
2.0063
1.988
1.5132
2.2581
1.8073
1.7155
2.5088
1.4929
2.4376
1.5298
2.297
1.7882
2.1701
1.7891
1.9245
1.915
2.0557
2.0884
1.8078
1.9429
2.1136
1.7916
1.7435
2.2545
2.4858
1.6197
2.0221
2.1608
1.8082
2.4196
2.0459
1.9585
2.1265
2.2336
1.9304
2.1509
1.9943
2.2218
1.298
2.425
2.0537
1.6299
1.9141
1.659
1.8658
1.8074
2.0899
1.9279
2.3181
1.6091
1.9599
2.076
1.8188
1.941
2.1395
1.9968
2.1483
1.6014
1.8773
1.8123
2.4261
1.804
2.0517
2.386
1.5623
1.9905
2.2142
1.999
2.5182
2.0652
1.9689
1.9811
1.904
2.1935
2.3168
2.4084
1.7359
2.1063
1.8717
1.9332
2.1588
2.2903
1.9341
1.9617
2.4303
1.664
1.9583
2.2087
2.0591
1.9628
2.6271
1.8389
2.0788
2.0023
2.1474
2.2958
2.0832
2.0599
1.71
2.4065
1.6523
2.2142
1.9087
1.9133
1.8146
2.2314
2.4035
2.0524
1.7504
1.9637
1.8418
2.0631
1.9737
1.9195
2.235
1.8524
1.9512
2.2165
2.1332
1.6385
2.2351
2.025
2.009
2.2814
2.1046
1.843
2.2837
2.0691
2.0261
2.1212
1.9056
2.0626
2.4215
1.6984
2.0567
2.1141
1.9278
1.8558
1.8745
1.9668
2.1196
2.1638
1.7631
1.9456
1.6279
2.2641
2.3605
1.7796
1.6634
2.0238
2.4897
1.9131
2.0129
2.1524
1.905
1.8657
2.2606
1.7419
1.7542
2.235
1.7067
1.916
2.5502
1.6311
2.1182
2.0459
2.171
2.1516
1.8151
2.1486
2.0384
2.0836
1.6584
2.4498
1.2523
2.4475
1.6075
2.2927
2.006
1.7555
1.7809
2.047
2.3161
1.9798
2.4862
1.9493
1.8196
2.3211
1.9079
1.8964
1.9674
1.8199
2.0836
1.7993
1.7942
2.1889
2.1222
1.9126
1.5884
1.8909
2.0466
2.5389
1.8464
2.096
2.117
1.7011
2.1691
2.0414
1.8744
2.0565
1.9221
2.2496
1.8447
1.9668
1.9146
1.9402
2.058
2.1168
1.7091
1.622
2.7465
1.6017
2.218
1.535
2.0133
2.0299
1.9233
2.1266
2.0409
1.9305
2.04
1.7305
2.4661
1.9658
2.2435
1.8756
2.1189
1.6489
2.2901
1.8251
1.7669
1.8633
2.2592
2.0432
2.2182
1.7987
1.9387
1.5971
2.0853
1.8832
1.8796
1.9537
2.0895
2.2441
2.1551
2.1532
1.69
2.0064
2.0061
2.0881
2.4206
1.7288
1.6474
2.3447
1.8778
2.029
2.0069
1.6299
2.548
2.0619
1.569
2.0724
2.0321
1.9107
2.4949
1.4157
2.0153
2.0647
1.9839
2.1748
2.167
2.1816
2.0192
1.8553
2.2884
2.0213
1.999
2.1795
2.075
2.0676
2.1868
1.8862
1.9679
2.2682
1.8783
2.1768
1.5016
2.6646
1.7575
1.9378
2.6014
1.5264
2.0255
2.0849
2.226
1.715
2.2184
1.9148
2.0597
2.0952
1.5855
2.0498
2.2969
1.9891
1.5213
2.3369
1.8131
2.0276
1.4809
2.0716
1.4414
2.2654
1.6153
2.3648
1.8781
2.1701
1.6658
2.1517
2.0468
2.145
1.777
1.9789
2.3231
1.9737
1.9849
1.9012
2.1486
2.5059
1.6451
2.3681
1.9665
2.174
2.0776
2.2394
1.8352
1.7289
2.3803
2.0355
2.4169
1.8975
2.3197
1.815
1.5739
2.1854
2.0844
1.7064
2.3551
1.2836
2.3773
1.8851
2.0261
1.5067
2.294
1.7074
2.0872
2.1447
1.75
1.5933
1.8573
2.4091
1.538
1.964
2.1767
2.1885
1.5791
1.8393
1.9746
1.9379
1.7961
2.1989
1.9181
1.9369
1.7666
1.8105
1.6267
2.0688
2.1097
1.9148
1.5551
2.1305
1.3593
2.3724
2.1204
1.8008
1.9234
2.0623
1.7627
1.9085
2.0503
2.0141
1.8281
1.9442
1.8589
2.0564
2.3204
1.6048
1.7258
1.8583
2.6141
1.7344
2.0854
2.1459
1.9714
1.911
2.2425
1.7259
2.0549
1.9321
1.968
1.7957
1.9045
1.8668
1.8356
1.9104
2.1872
1.7686
2.2293
1.9227
1.7044
2.0413
1.7713
2.1009
1.9454
1.7776
2.3078
1.6481
2.434
2.0935
1.7778
2.0595
1.492
2.2241
2.1187
1.9427
1.7411
2.0516
2.0202
1.92
1.8795
2.2553
2.0242
2.0583
1.9128
2.0189
2.1394
2.1594
1.9163
2.1125
1.6336
2.0441
2.4538
2.0023
1.6881
2.3869
1.8473
1.924
1.6849
2.4274
1.8435
2.2472
1.7195
1.8247
2.0044
2.1312
2.4918
1.6874
1.8937
2.2805
1.889
1.6212
1.9807
1.8821
2.4359
1.6922
1.7654
2.3075
1.7099
2.2404
1.9258
2.1285
1.6414
2.0511
1.7448
1.8561
1.9402
2.4117
2.0261
1.7451
1.7367
2.1566
1.7214
2.3098
2.0178
1.8624
1.9896
2.1639
1.8578
1.9297
1.8984
1.9055
2.1026
1.5781
2.2157
2.1575
1.9014
1.9225
1.5606
2.0836
1.9267
1.734
2.013
1.8323
1.9963
1.9249
1.8154
2.2202
2.0428
1.3928
1.8447
2.5454
1.6299
1.8231
2.2845
1.6167
2.1127
2.2145
1.6997
2.0481
1.8996
2.0562
1.7633
2.1385
2.122
1.9754
1.7284
1.9907
2.2133
1.9798
1.7813
2.1589
2.0486
1.8571
1.7559
2.0245
1.9562
2.0206
1.8273
2.5187
1.8999
1.9812
2.081
1.5526
2.4989
1.7266
2.0968
2.0752
1.5577
1.6985
2.1112
2.0501
1.8393
2.1185
1.7927
2.2097
1.9053
2.1154
2.1028
1.885
1.98
2.0504
1.8035
2.216
2.0969
1.9259
1.7341
2.2147
2.188
2.0452
1.8546
1.9539
2.3088
1.8146
1.9553
1.6014
2.1239
1.7342
2.0563
2.1377
2.0818
1.8205
2.0959
1.6309
1.6483
2.1225
2.3239
1.7749
2.3074
1.6629
2.3614
2.2895
2.1246
2.0876
1.8893
2.1603
1.6466
2.2178
2.3188
1.9213
2.1029
1.7536
1.7503
2.1052
1.9264
2.4974
2.012
2.1507
2.0417
1.9507
1.905
2.4139
1.7644
2.3899
2.0384
1.8132
2.3506
2.0051
1.6056
2.2273
2.0262
1.5246
2.2315
1.934
2.0674
2.2267
2.2373
2.2365
1.6556
2.0309
1.7237
2.2043
1.8598
1.7071
2.0246
1.6769
1.998
1.5992
1.9581
1.9825
1.565
2.2955
2.0677
1.7605
2.0847
1.8455
2.015
2.0993
2.0876
2.4261
2.1349
1.5913
2.4169
1.7333
1.8354
2.4532
1.6198
2.3582
2.0084
2.2046
2.1968
1.7196
1.9631
1.8251
1.8771
2.2064
1.7267
1.9785
2.0294
1.746
2.0701
1.8561
2.0966
1.7629
1.9166
1.699
2.3453
1.7805
1.9894
1.4735
2.2591
1.8506
1.7957
2.2153
2.2024
1.7395
2.0536
1.8813
2.2241
2.4429
1.9163
2.0855
1.616
1.9261
2.0021
2.0207
2.215
2.1663
1.9781
1.6162
2.1016
2.2621
2.2718
1.9376
1.7555
2.209
2.0962
1.9077
1.704
1.7048
2.1111
1.8357
2.007
1.708
2.1392
1.7452
2.2293
1.8318
2.2689
2.1791
1.8326
1.7497
2.6753
1.7956
1.993
1.7302
2.353
1.8213
1.84
1.8739
1.7616
2.1843
1.9444
1.791
2.17
2.0094
1.7222
2.0793
2.0531
2.1904
2.0764
1.5177
1.8097
2.1494
1.9744
2.0948
1.9443
1.6784
2.0757
1.7705
1.7363
2.2925
1.8568
1.8218
1.9872
1.7956
1.9443
2.0775
1.7028
2.3328
1.9701
1.8245
1.8509
2.0023
1.7414
1.926
2.1175
1.8583
1.732
1.6898
2.2443
2.0839
2.0535
2.5094
1.7156
2.0361
2.1916
2.2744
1.8228
1.7196
2.2289
2.1426
1.3696
2.178
1.8555
1.8476
2.0167
1.7146
2.1183
2.4165
1.6272
2.2525
1.7339
1.7934
2.2395
1.9131
1.9116
1.8607
1.8713
1.9574
2.076
2.1398
1.9588
1.7077
2.0101
1.7517
1.9715
1.9362
2.4869
1.7741
2.0578
2.2309
2.0247
1.8389
2.1073
1.8612
1.6175
1.9179
1.9257
1.9385
1.998
2.3607
2.1979
1.9141
1.8715
2.6326
1.4653
1.7753
1.9291
1.9421
1.6632
1.6487
2.2622
2.2313
1.9847
1.8041
1.9675
2.0975
2.0313
1.9512
1.897
1.8959
2.2735
2.1778
1.6755
2.236
2.0735
2.3659
2.1826
2.0143
2.1633
2.0535
1.9516
2.3874
2.0494
2.028
1.6872
2.1012
2.0345
2.0634
1.7855
2.2785
1.9678
1.6196
2.2824
1.7576
2.109
2.1138
1.7734
2.2178
2.3156
2.0267
1.928
1.6656
2.37
1.7724
2.049
1.9146
1.8979
1.692
1.6975
2.1941
2.0052
2.3715
1.5824
2.0898
1.8683
2.3347
1.9333
1.8017
1.7963
2.0204
2.3856
1.5535
2.3151
2.287
1.8493
2.5953
1.6582
1.8536
2.1311
2.0011
2.2594
1.9311
1.809
2.2859
1.6713
1.9877
2.2691
1.7815
2.0887
1.9029
1.9572
1.5535
2.2336
1.8859
1.8637
1.9658
2.0369
2.0448
2.0041
2.0734
2.0772
2.3865
1.8824
1.7952
2.0916
1.8644
1.7707
1.9533
2.0021
2.0428
1.8278
2.0134
1.9455
2.1571
1.8002
2.0256
1.9901
1.8726
2.1718
2.0986
1.7257
2.0858
2.2159
1.77
2.1429
2.4773
1.5924
1.8544
2.0004
1.943
1.8157
2.1391
2.3533
1.663
1.9821
1.9586
2.05
1.6126
2.0552
1.904
1.5866
1.9461
1.6011
2.1171
2.1674
1.8872
1.8013
1.7595
2.1422
1.8034
1.965
2.1086
1.8256
2.3429
1.9136
2.0805
2.3135
2.0832
1.9871
1.7681
1.845
1.9842
2.0081
1.7891
1.962
1.9668
1.3309
2.1409
2.2099
2.4474
2.2269
1.8353
1.9909
1.8448
2.1773
1.8538
2.2949
1.7704
2.205
1.5503
2.1313
1.7835
2.489
2.3483
1.8318
1.6161
2.0944
1.8502
2.0543
1.9516
1.6048
2.3016
1.9345
1.8834
1.9342
2.5421
1.7661
2.1086
2.1208
1.9472
1.6392
1.7621
2.2984
1.885
1.821
2.1005
1.8946
2.1357
1.8277
2.0242
2.1404
1.6845
2.2623
1.4984
2.1373
1.9713
2.122
2.2743
1.9417
1.9221
1.806
1.8297
2.2562
1.8526
2.4467
2.0846
2.337
1.9326
2.0834
1.9562
2.1665
1.5533
2.2335
1.716
2.4481
2.1061
2.2152
1.8658
1.9907
1.7545
2.2713
2.1262
1.9713
1.9614
1.9038
2.3371
1.8624
1.9714
1.7848
1.8239
2.7778
2.0398
1.8954
2.0671
2.0541
2.6098
1.7762
2.0731
2.1665
1.3717
2.1234
2.2635
2.3539
2.0093
2.5086
1.7419
1.6541
2.2091
1.7451
1.8016
2.0865
1.8293
2.3354
2.3794
1.8574
1.9704
2.0675
1.5566
1.9867
1.9681
2.1403
2.1916
1.6765
2.3371
2.0179
2.064
1.6663
2.4013
2.0002
1.4895
1.9295
2.8162
1.6831
2.119
1.8491
2.0827
2.1213
2.1265
1.6963
2.2919
1.9378
1.933
1.8737
2.2685
1.9547
1.8917
1.8609
2.0286
1.9006
1.9353
2.3561
1.6129
2.1108
1.6022
2.1275
1.896
2.5543
1.7862
1.9954
2.0454
2.3269
2.2375
2.0829
2.0062
2.6557
1.7179
1.8838
1.9336
1.775
2.2146
1.8817
2.3354
1.6565
2.2461
1.8941
1.4168
1.7857
2.3198
1.9818
2.2681
1.754
1.7079
2.0397
2.168
1.7423
2.0237
2.271
1.771
2.0226
1.6932
2.6486
2.2359
1.5017
2.3038
1.8406
2.1617
2.0561
1.8874
1.8228
2.1196
2.0476
1.8821
2.0013
1.9357
2.0907
2.0375
2.0144
1.8367
2.2048
2.151
2.174
1.7983
2.1484
1.8644
2.3279
1.6852
1.6987
2.3235
1.9907
1.6078
1.4135
2.5318
2.0974
2.3353
1.9481
1.8614
1.8686
2.0169
2.3087
2.1141
1.5863
2.2169
2.1402
1.9385
2.1787
1.8441
1.9853
2.3562
1.9725
2.1737
1.7605
2.0019
2.0932
1.673
1.8127
2.1007
1.8926
2.1425
2.4057
1.6966
2.1379
2.4711
1.599
1.9954
2.3471
1.7605
2.1153
2.1233
2.0807
2.2084
1.659
2.3655
1.9317
1.7792
1.8798
2.4428
1.698
2.1011
1.9459
2.0352
2.3153
1.9153
2.1663
2.0913
1.7958
1.9783
1.7499
2.0513
1.8019
1.8461
2.2839
1.6004
2.1098
2.0312
2.4054
1.8125
1.6988
2.1066
1.7452
2.185
2.0711
1.7442
2.4095
2.275
2.3409
2.0608
2.009
2.0593
1.9052
1.7869
1.8944
1.9268
2.116
2.1263
2.3269
1.7581
2.5756
2.3336
1.7555
2.4188
2.0523
1.8902
2.0083
1.567
2.3345
1.5951
2.363
1.9268
2.2495
1.9994
1.8083
1.8058
3.0305
1.8349
1.6257
1.9416
2.079
2.1699
2.0257
1.6207
2.0405
2.1164
1.4342
2.1547
2.3315
1.9694
1.9708
2.0973
2.5934
1.8861
1.9935
1.944
1.8313
1.8247
1.772
2.2316
1.5386
2.1782
1.9297
1.6461
1.8342
1.7358
2.1992
2.0538
1.7016
2.0998
1.6229
2.3676
1.7121
2.1188
1.7392
2.2414
2.1374
1.7035
1.8666
2.0132
2.278
1.7293
2.3727
1.7791
1.5739
2.044
2.406
1.8343
1.7324
1.7297
1.9836
2.1001
1.6284
2.4371
1.9921
2.0988
1.684
2.2175
2.2462
1.9731
1.5657
1.9179
2.3717
1.8374
2.5595
1.7278
1.7216
2.0918
1.6578
2.406
1.8993
1.7939
2.3739
1.8004
1.7482
1.7922
2.0442
2.1249
1.9897
2.1295
1.81
2.1131
1.823
2.3114
1.7604
2.1276
1.7011
2.3428
2.3378
1.6715
1.5861
2.1642
1.9078
2.3135
2.1588
1.6107
1.7764
2.5964
1.8194
1.7248
1.9289
2.1075
2.1327
1.3107
2.5471
2.135
1.5726
2.0469
1.8113
2.2983
1.5284
1.8307
2.1263
1.9167
2.0463
1.8085
1.8555
1.7648
2.0917
2.4307
1.704
2.3435
1.8372
2.2418
1.822
1.9085
1.8716
2.0549
2.0858
1.8654
1.9721
2.2091
1.6166
2.1803
1.6151
2.0861
2.0056
1.8447
2.4582
1.8629
2.0892
1.6876
2.1445
1.7595
2.1404
2.2028
2.1828
1.9389
1.7351
1.8453
2.3157
1.885
1.7747
1.9463
2.0196
1.6998
2.004
2.221
1.746
2.431
1.5011
2.3075
1.8451
1.5911
2.3617
1.8121
2.1821
2.1635
1.7373
1.9868
2.1
1.7919
1.5751
2.1453
2.2205
1.6927
2.0732
2.0931
2.2413
2.1744
2.0915
1.7537
2.2681
1.7086
2.1773
2.2166
2.0777
1.8178
2.0946
2.0885
1.6712
2.06
2.1564
1.5436
2.0381
1.8121
1.6456
2.3871
1.8643
1.5828
2.1115
2.144
1.7942
2.4054
1.7981
2.085
2.0342
2.1451
1.8994
1.8382
1.7064
2.2617
1.8418
2.2962
1.7095
2.3352
2.1589
1.8599
2.1491
1.9356
2.0594
2.6159
2.205
1.9027
2.0175
2.291
1.664
2.2268
1.7885
2.436
1.9356
2.0251
1.8366
1.8913
1.965
1.7827
1.729
2.3187
1.7948
2.3172
2.1738
1.6108
2.0944
1.8712
2.0324
1.8679
2.0436
1.9239
2.21
1.9434
2.0799
1.8416
2.0298
1.8793
2.3307
1.6887
2.1182
1.7499
1.9897
2.1915
1.8545
2.123
1.745
2.0881
1.8296
2.1712
2.008
2.1061
2.0169
2.066
1.9127
2.1107
1.9363
2.2558
1.662
1.9904
1.9876
1.5513
2.2147
1.7374
2.0862
2.2314
2.0247
2.133
1.5765
2.0138
1.9587
2.0936
2.0575
2.2939
1.7038
1.7943
1.702
1.7328
1.8923
1.9373
1.9701
2.0278
1.6591
2.0711
1.9256
1.8302
1.9628
2.0792
1.5507
1.7203
2.0974
2.2292
2.2196
1.6455
1.6037
2.3694
2.1467
1.8858
2.3075
2.0209
2.003
2.1258
1.6916
1.9025
1.7948
2.2208
1.745
1.7025
1.8808
2.0272
2.0808
1.9836
1.947
1.5428
1.5528
2.0613
2.2612
2.3434
1.6122
2.3031
1.7826
1.8326
2.2694
2.274
1.7902
2.1413
2.0736
1.5207
2.0015
2.2425
1.5611
1.7627
1.9431
1.7899
2.0143
1.9955
1.5202
2.1265
1.6745
2.1618
1.6806
1.8557
2.1135
1.98
2.6216
1.7696
1.6441
2.0176
1.9474
2.1228
1.7596
1.8334
1.5719
2.0616
2.1359
1.8558
1.7439
1.8849
2.2313
1.9044
1.9643
1.8901
1.9753
2.1032
1.7561
2.2718
1.5968
1.865
2.2542
2.102
2.0534
1.9862
2.2183
1.6565
1.9935
2.3145
2.0775
2.1962
1.9462
2.0044
2.4422
2.1441
2.1655
1.7974
2.0855
2.1587
2.396
1.9785
1.4122
1.8519
2.1737
2.1793
1.8545
1.9945
1.8129
1.9953
2.5999
2.114
1.4678
2.2675
1.9664
2.0214
1.6873
2.6331
1.2047
1.8681
2.0438
1.8217
2.2226
1.7276
1.8103
2.3948
1.7926
1.9974
2.1783
2.1389
1.6537
1.8649
2.2107
1.9174
1.8441
2.2492
1.8652
2.0471
2.0575
1.9983
1.9965
1.5988
1.7894
2.1657
1.943
2.0713
1.7658
2.1565
1.8756
1.8603
1.8968
1.5579
1.9919
2.4686
1.9732
1.6679
2.1278
1.8742
2.0701
2.1832
1.6765
1.8555
1.9248
2.1984
2.1634
2.4681
1.8742
2.1447
1.9931
1.8733
1.7624
2.1869
1.6053
2.2818
1.8862
2.1084
2.1863
2.0676
1.9731
2.1859
1.9724
1.8382
1.8486
2.1529
1.7716
1.8092
1.87
2.5034
2.228
1.7929
1.9921
1.7516
2.4071
2.693
1.9716
1.9583
1.9995
1.9155
2.3334
2.0753
1.7356
2.4035
1.7028
2.4641
1.6094
2.3939
1.6341
1.9019
2.083
1.6792
2.0543
2.2021
2.1261
1.5371
1.9288
2.2253
1.4781
1.7983
1.9432
1.7819
1.7147
1.5595
2.2135
1.8279
1.6677
2.5391
2.0704
1.7512
2.0465
1.8697
1.8495
1.9467
2.0934
1.948
1.754
1.7363
1.8827
2.1425
2.0576
1.4424
1.9481
2.1021
1.7379
2.0312
2.5456
1.916
2.4547
1.7303
1.9163
1.9602
1.8666
2.1041
1.7311
1.9458
2.3356
1.7283
1.7419
2.3636
1.6247
2.0341
1.9934
1.4896
2.464
2.1852
2.1371
1.9529
2.2907
1.9399
1.6618
2.0838
2.2731
1.8798
1.6722
2.1288
1.7955
1.7938
2.621
1.6878
2.0582
1.9425
1.9204
2.1851
2.2568
1.826
2.3715
1.8598
1.9059
2.2446
1.775
1.6897
2.3979
1.9026
2.0043
1.7209
1.9741
2.0428
2.0698
2.0929
2.0422
2.0867
1.7213
1.9764
1.8774
2.507
1.6724
1.9741
1.8264
2.0737
1.8854
1.8851
1.883
1.8156
1.7076
1.8511
1.9022
2.1231
1.803
2.1077
1.8551
1.9957
1.8113
2.1381
2.1833
1.9333
2.1694
2.147
1.8938
1.7946
2.1473
2.2137
1.6778
1.9054
1.8702
2.2611
2.1742
2.0151
1.9777
1.9536
1.8615
1.9618
1.9305
1.9259
1.8677
1.5935
2.3399
2.001
1.8064
2.2809
1.8609
1.4972
2.4371
1.7069
1.8674
2.2046
1.6909
2.0808
1.6687
2.517
1.9624
1.9398
2.1847
2.0301
1.4905
2.2598
2.0044
2.0575
1.9721
1.9258
1.8702
1.9174
1.8996
2.3687
1.4361
1.8551
1.8806
2.4251
2.335
1.7761
1.9872
1.6106
2.0918
2.1464
1.8139
2.2765
1.8592
2.0419
2.0763
2.034
1.6998
1.8575
2.2276
2.3905
2.0129
2.2102
1.5808
2.3596
1.6808
2.3758
2.4378
1.744
2.6418
1.6851
2.2692
1.537
2.1867
1.404
2.6124
1.4776
2.0064
2.0481
1.7341
2.0909
2.1667
2.3055
2.1864
2.3752
2.023
1.9568
1.7758
2.1633
2.3858
1.627
2.3154
1.6557
2.5471
1.5948
1.7372
1.9971
2.3396
1.4498
2.2018
2.2229
1.6723
2.0806
2.3254
1.8833
1.7559
2.0804
1.65
1.8542
1.92
2.1407
1.6975
1.9926
1.9471
2.3956
1.9557
2.1423
1.8498
1.8732
1.8688
1.8968
2.1633
1.9169
2.0276
1.7804
1.7609
2.2885
1.688
1.908
2.1766
2.0683
2.4629
1.7528
2.0322
2.1552
1.8875
1.8905
1.9194
1.8298
2.1984
2.1118
1.6266
2.412
1.4419
2.2318
1.8754
1.7639
1.7639
2.0923
2.3313
1.5602
2.3097
2.404
1.4983
2.0386
2.3164
1.6064
2.2285
1.7396
1.6548
1.914
2.1347
2.1308
1.5408
2.2377
2.5912
1.876
1.876
2.0243
2.4845
1.6274
2.0498
2.3023
2.2231
2.1094
1.7636
2.2079
1.7602
1.9462
2.1067
1.9727
2.1099
1.7809
2.2336
2.0175
1.881
2.2182
1.9585
1.8708
1.889
2.026
2.0216
1.3317
2.0542
2.0782
1.9718
2.2384
1.8654
2.4089
1.5548
2.5734
1.8225
1.8837
1.9689
1.7663
1.9137
2.1765
1.9585
2.0927
1.862
1.5356
1.8103
1.8055
1.8209
2.0658
1.896
1.7709
2.1864
1.832
2.1932
1.8232
2.1327
2.1257
1.9168
1.9225
1.8438
1.7848
1.997
2.3396
1.9607
1.7733
1.8931
1.825
2.4699
1.8917
1.7482
2.3859
2.2911
2.0827
1.8394
1.8015
2.3959
1.6715
2.2969
1.9203
2.0755
1.9758
1.9203
1.8193
1.7286
2.332
2.156
1.8765
1.8273
1.9629
2.1221
1.8895
2.2691
1.7407
2.0038
1.6692
2.2743
2.3791
2.5696
1.5632
2.0886
2.0378
2.0479
1.7941
2.014
1.9805
2.1953
1.6937
2.2902
2.1468
2.1733
1.6928
1.9168
1.9611
2.2205
2.0208
1.4988
2.5498
1.7725
1.6522
2.3769
2.0889
2.1297
1.6952
2.9058
2.0482
1.822
1.8137
1.9768
1.8366
1.9888
2.0537
1.9782
1.7248
1.7712
2.4321
2.1783
1.9357
1.5291
1.9825
2.0936
1.708
1.9751
2.1077
1.7796
2.1872
1.813
1.8642
2.1496
1.8219
2.1793
1.8463
2.1678
1.6879
2.2852
2.1768
2.0013
2.0512
2.0748
1.7012
1.6812
1.8068
2.1774
2.0712
1.5164
2.1745
2.2198
1.6889
1.9991
1.5464
2.02
2.5921
1.9113
1.9093
2.0119
1.9873
2.2884
1.9877
1.9062
1.7527
2.5602
1.7745
2.1715
1.5118
2.0795
2.1304
1.6132
2.1308
2.1106
1.8562
1.9613
1.9511
2.0302
1.8187
2.3949
2.1426
1.965
1.9411
1.8796
2.1495
2.1019
1.9109
2.14
1.9809
1.9462
2.2102
2.2809
1.6535
2.4508
1.7894
1.9252
2.1679
1.9173
2.0588
1.936
1.9654
2.036
1.9871
1.9929
1.8695
1.6713
2.06
2.4033
1.7486
2.3213
1.8671
1.8124
1.5756
2.3214
2.11
1.6861
1.9952
2.2059
1.7523
2.1168
1.7099
1.9724
1.819
1.8371
2.0848
2.0259
1.8696
2.1886
1.8888
2.1268
1.9525
1.5118
2.5037
2.0563
1.7268
2.1744
1.8321
2.1197
2.2906
1.8802
2.0345
2.2586
2.0236
2.1226
1.8146
2.0834
2.068
1.729
1.7992
1.9156
1.9697
1.9641
1.9622
1.5561
2.3244
1.8503
1.6588
2.1591
2.0092
1.9565
1.9698
1.8967
2.0827
2.1985
2.0783
1.8645
1.949
2.1526
1.4701
2.4391
1.854
1.8761
2.4483
1.421
2.2436
1.9542
1.8179
1.7993
1.8253
1.9921
1.7741
1.9957
2.0538
1.9154
2.0578
2.1084
1.6961
1.8178
1.7208
2.0982
1.7641
1.9891
2.1477
2.0966
1.9456
2.4513
1.7068
1.6373
2.3105
1.9525
2.2062
1.8679
1.9893
2.2357
1.7598
1.8666
1.8824
2.2426
1.5659
1.9097
1.4572
1.9741
1.8861
1.798
2.13
1.4981
2.3905
2.0297
2.086
1.921
2.0077
2.5188
1.843
1.8722
1.9688
2.1294
2.207
1.8539
1.756
2.253
2.2645
2.387
1.3681
1.7325
2.5862
1.7946
2.3451
1.5724
2.2127
1.9924
2.2926
2.0401
1.9751
1.8694
1.745
1.8219
1.7464
2.1952
1.7692
1.9642
1.9847
2.3479
1.9232
1.8699
1.8507
1.8606
2.4404
2.0581
1.8576
2.3752
1.9076
1.9773
1.8646
2.3771
1.734
2.1947
1.8647
2.1749
1.9903
1.7002
1.6658
2.6041
1.9104
2.0116
2.031
1.9884
2.5191
1.9886
2.0943
1.5884
2.1288
2.0008
1.8481
2.2267
1.4363
2.1133
1.928
1.9082
2.4815
1.7986
2.1774
2.0186
2.0327
1.7431
2.3726
2.3944
2.0729
1.9457
2.1779
1.6544
2.3398
1.8521
1.7864
1.7575
1.8787
2.4264
2.5563
1.7092
2.3358
1.7739
2.0079
1.8878
2.31
1.6953
2.0109
1.807
2.2625
2.1827
1.7951
1.7968
1.9498
1.5308
2.5902
1.7203
2.128
2.0923
1.7221
2.1972
2.2085
1.9352
1.9098
1.8974
2.2397
2.0016
1.8706
1.6711
1.9547
2.0761
1.7012
2.3869
2.1003
1.7393
1.914
2.0518
1.9655
2.4281
2.0589
2.0893
1.9767
2.0263
1.7814
1.6411
2.3508
1.8978
2.1114
1.8107
1.6265
2.4162
1.8818
1.8189
1.8033
2.0707
1.8229
2.0995
2.1166
2.4849
2.0693
1.658
1.9038
2.029
2.1089
2.0733
2.3786
1.8841
1.6062
2.6021
1.8271
1.7457
2.3907
2.1613
2.0058
1.9414
1.8772
2.1006
2.0006
1.8614
1.9073
2.1112
1.9018
2.4377
1.7057
1.4916
1.7802
2.325
1.7906
1.9173
2.4629
1.9141
1.9356
1.9107
1.9018
2.0461
1.6998
2.052
2.394
1.9806
1.7765
2.189
2.129
1.5917
2.6366
1.9365
1.8431
2.1379
2.1601
1.7754
2.0025
1.899
2.2037
2.0628
1.7833
2.1874
2.1904
1.4778
2.3682
1.8747
1.8417
1.8638
2.0796
1.5675
2.3361
1.6701
1.9429
2.0572
2.2596
1.6811
2.3657
1.7908
2.1459
2.1883
2.0391
1.694
2.3005
2.3723
1.7321
2.2065
1.9842
1.7746
2.1936
1.8603
2.1369
1.6117
1.6977
1.7282
2.0055
2.0325
1.7668
1.9939
1.7552
1.9188
2.0895
2.0645
1.6548
2.4691
1.9937
1.6962
1.9158
2.3057
1.9474
2.0374
1.8568
1.7474
2.0694
2.3106
1.8632
2.3973
1.7925
2.5728
1.6881
1.9894
1.8844
2.4091
1.7901
1.7805
1.8296
2.2051
1.8232
1.7938
2.167
1.8787
1.9068
1.8558
2.0504
1.9223
1.8787
1.8183
2.1342
1.933
1.6071
1.8556
2.0848
1.9898
1.9631
2.0499
1.9079
2.04
1.8179
2.2507
1.8574
2.4565
1.549
1.7057
1.5247
1.7577
2.2978
1.7734
2.1969
2.2994
1.9333
1.9265
2.3877
1.8896
2.2149
2.0183
2.0178
1.7206
2.4413
1.9385
2.252
1.5252
1.6519
1.8427
2.5634
1.861
1.9499
2.237
1.7737
2.1104
1.8137
2.1584
2.2024
1.8823
2.0472
1.7909
1.8993
1.9459
2.0986
2.0006
1.8065
1.9189
2.2163
1.5083
2.2024
1.8908
1.8488
1.9819
1.9684
1.8876
2.0374
2.1533
1.6251
2.2101
1.9411
2.0518
2.2802
1.752
2.2698
2.3243
1.6677
2.1033
2.0117
2.0118
2.0335
1.7656
1.9186
2.0555
2.348
2.0001
1.9057
2.2921
1.4348
2.6399
2.0838
2.202
2.075
1.6914
1.7553
1.7682
1.8786
2.2928
1.7574
1.9301
1.8695
1.9611
1.831
1.9542
2.1497
1.5806
2.1029
2.0162
1.9504
2.03
2.2231
1.7218
2.0769
1.7948
2.1026
1.9198
2.1121
1.7573
1.9464
1.5242
1.7687
2.3767
1.7056
2.0847
1.9848
1.6926
2.0569
2.4531
1.853
2.1993
1.9063
1.8717
2.1016
1.8908
1.8097
2.0932
1.7668
2.0093
2.4062
1.8273
1.8127
2.0791
2.0139
2.2114
2.0306
1.5763
2.4275
1.4915
2.1387
1.547
2.2927
2.1596
2.1208
1.8474
2.1402
1.9084
2.7478
1.7563
1.9679
1.8115
1.8083
1.8752
2.3359
1.9991
2.0543
1.7967
2.3051
2.2622
1.9039
1.718
1.6938
2.1666
1.988
1.8773
1.9169
2.334
1.8707
1.7343
2.2005
1.4441
2.2695
1.9344
2.112
1.9445
1.8504
1.9817
2.0348
1.9958
1.8246
2.5543
2.0704
1.7289
2.1978
1.8276
1.9709
1.9934
2.2913
1.4748
2.2764
1.4731
2.2193
2.1607
1.5605
2.414
2.1676
1.8477
1.9447
1.6583
1.9284
2.2199
2.1976
1.75
2.1148
1.7294
1.8867
2.3421
2.2074
2.0253
2.0636
1.9059
1.8728
1.8432
1.576
2.4243
1.5479
1.812
1.7632
2.0847
2.0536
2.4776
1.5821
2.2635
2.0194
2.0656
2.004
2.0289
2.0545
1.6862
2.0897
2.0009
1.9271
2.1417
2.4292
1.6721
1.6533
1.7993
1.874
1.6162
2.0172
2.3907
1.9978
1.776
1.798
1.904
1.8791
1.9891
1.9688
2.2223
1.7809
2.5453
1.8522
2.0408
1.9788
2.2731
1.8596
2.1264
2.2671
1.932
1.821
2.1846
1.8045
2.3421
1.5103
1.8974
2.1781
1.7032
2.0251
2.026
2.0455
1.9772
1.7882
1.6319
2.054
2.3681
1.7936
2.1247
1.9923
2.0652
1.7749
2.3528
1.87
1.8631
1.7297
2.0943
2.2506
1.7961
1.8014
2.7825
1.6597
2.1445
2.4899
1.8948
2.1407
1.8489
2.0124
2.1364
1.8878
2.228
1.9688
1.7018
2.242
1.3434
2.1236
1.7922
1.5887
2.0115
2.0697
2.0417
2.0336
2.1895
1.8508
1.9612
2.1925
1.93
1.7246
2.0348
2.1752
2.0468
2.1101
1.5751
1.8795
2.3049
2.194
1.935
1.6018
2.1204
1.8974
2.0103
1.8927
2.0295
1.9016
2.0631
2.2198
2.0784
1.8744
2.0761
1.8107
1.77
2.193
1.8298
1.7802
2.025
1.6557
2.3185
1.7001
1.8773
1.8738
2.0145
1.5513
1.7856
1.9946
1.6748
1.8172
1.8414
2.0125
2.204
1.5534
2.1802
2.0089
2.0246
2.2692
1.8515
2.0451
2.0555
2.2252
2.0446
1.8367
2.152
2.4511
1.5961
2.2881
1.6883
1.8847
2.0221
1.8084
1.9052
2.0568
2.0718
1.8781
2.4063
1.5506
2.3166
1.8031
1.6071
2.6122
1.951
1.822
1.8154
1.9872
2.0012
1.9702
2.1751
1.8862
2.2582
1.781
2.1902
2.3832
1.5241
1.8319
2.0099
2.0793
1.547
2.0308
1.8711
2.1512
1.9373
2.1772
1.7515
2.1401
2.1836
1.751
2.2279
2.249
2.1708
2.0062
2.7597
1.594
1.6845
1.8604
2.1413
1.7664
1.6717
1.9236
1.8685
1.9551
2.0426
1.96
1.8101
1.8319
2.1685
2.3952
1.6671
1.8905
1.9939
2.1192
2.4619
1.9178
1.8082
1.9987
1.8679
2.0096
2.0538
1.8878
2.0484
1.9346
2.3531
1.5475
1.9101
2.2476
2.086
1.744
1.6445
1.923
1.6371
1.9481
1.9166
1.7577
1.9601
2.2627
1.7666
2.0383
1.6709
1.6758
2.1884
1.8616
1.9128
2.1719
1.7603
1.8867
2.003
1.9467
1.987
1.9912
2.5521
1.811
1.8934
2.029
1.8757
2.2397
2.0013
2.1217
1.9991
2.1461
2.1837
1.6796
1.9602
1.5412
2.3059
1.9885
1.9982
2.0011
1.8568
1.8782
1.8569
2.3382
2.012
1.9895
1.6924
1.885
2.1472
2.3867
1.6984
1.8922
2.2174
2.3036
2.4363
1.8906
2.1729
1.8327
2.1044
2.0253
1.6781
1.9108
1.8718
2.0623
2.3533
1.6957
2.5553
1.8384
1.6643
1.6558
2.082
2.5629
2.121
1.9999
1.9549
2.1028
2.3256
2.2353
1.7492
1.8229
1.7635
1.9497
2.168
1.7496
2.1337
1.9619
1.8847
1.8993
1.8395
2.0781
1.9981
1.776
2.3228
2.0879
1.8282
2.2593
1.989
1.8631
1.8864
2.5333
1.9795
2.1333
2.0438
1.8471
1.7876
1.6696
2.2719
1.72
1.7507
2.1921
1.9218
2.1546
2.009
1.9469
1.9703
1.9525
1.7723
1.9776
1.9513
2.0363
1.7837
2.2702
1.9295
1.8465
2.1444
2.0369
2.7834
1.9189
1.7977
1.8732
1.9154
2.1446
1.9652
2.1379
1.5728
2.2949
1.8171
2.0545
2.5897
2.16
1.9979
2.0204
1.852
1.864
1.7853
2.0812
1.9866
2.1878
1.7929
2.0799
2.0054
1.793
1.8292
1.7376
1.7982
2.2807
1.8529
1.9486
1.8937
2.1498
2.1246
1.929
1.6151
1.4063
2.2103
2.1865
2.043
1.8652
2.7036
1.9757
1.9252
1.6818
2.241
1.6084
2.065
1.5787
2.1892
1.9665
2.3208
1.8509
1.6391
1.8788
2.028
2.1388
1.9019
2.0868
1.5853
2.1857
2.072
1.9496
1.9996
2.0848
1.9927
2.1635
1.9332
2.1493
1.7999
2.1884
2.3283
1.7725
1.7862
1.9618
1.7123
2.117
2.2958
2.1527
2.1332
2.3083
1.7051
1.8373
2.4512
1.6136
2.0626
2.4749
1.6566
1.6244
2.2444
1.7904
2.0686
1.468
2.0981
2.0353
2.0985
1.7615
2.3151
2.0655
1.6387
2.4374
1.7664
1.7837
2.13
2.0542
2.0219
1.8851
1.7917
2.0418
2.2663
2.3521
2.1197
1.7861
2.3544
2.0911
1.9819
2.0636
1.8797
2.587
2.367
1.4786
1.7051
2.3678
1.9391
1.7768
2.3934
1.8621
2.3553
2.048
1.4417
1.7197
2.2151
1.9185
1.8105
1.6765
1.85
2.2242
1.7071
2.2001
1.8261
1.7487
2.0278
2.1638
2.2083
2.4461
2.0235
2.562
2.0352
1.8753
2.007
2.3245
1.7837
2.14
1.5138
1.5644
2.4468
1.7223
1.8897
2.2213
1.7031
2.009
2.1379
2.0034
1.8116
1.7213
2.1962
2.0872
2.1079
1.7614
1.5198
1.9786
2.4005
1.964
1.5501
2.2739
1.7367
2.066
1.8144
2.3009
2.2171
1.8131
2.0807
1.9209
2.2088
1.5148
2.3521
2.3348
1.9273
1.9862
2.137
1.9611
1.7155
2.103
1.8888
1.9982
2.2237
1.9812
1.8465
1.8712
2.236
1.8067
1.8741
2.2117
2.297
1.751
1.7967
1.6352
2.25
2.0104
1.9374
2.0688
2.0152
2.1646
2.1255
2.4492
1.8223
1.8226
2.2104
2.0448
2.0764
1.931
1.7434
1.9229
2.0862
1.8629
2.2407
2.0673
1.9016
2.2703
1.4196
2.1499
2.4019
1.7996
1.5937
2.2713
1.7983
2.1377
2.306
2.0423
1.9089
1.9047
1.841
2.061
2.1675
1.7893
2.0669
2.3623
1.7613
2.1649
1.853
1.9073
2.4666
1.9353
2.1013
2.0655
2.0426
1.7256
1.6388
2.0921
2.0331
1.6435
1.9355
2.2775
2.1704
1.8155
1.6893
2.2951
1.6178
2.2299
2.0324
2.4514
2.002
2.1931
1.9104
1.865
2.2989
1.6892
1.9763
2.1747
1.7675
1.8654
2.1129
1.9596
2.4849
1.8041
2.0871
2.1708
1.9737
1.9547
2.1818
1.8642
1.8033
1.7145
1.8977
2.0673
1.7179
1.8131
2.1623
1.6828
2.2773
1.8357
2.0638
1.6655
1.6692
2.2692
1.7948
1.998
2.4056
1.7566
2.2958
1.8806
1.8628
1.5797
2.2302
1.9422
2.4795
2.206
1.41
2.2458
2.0411
1.4425
2.1166
2.0945
2.017
2.1229
1.9282
2.2031
2.0852
1.8671
1.6895
2.0787
1.5715
2.399
2.1781
1.8916
1.5816
2.1906
2.03
1.7392
2.2448
2.0558
2.2323
1.786
1.6593
2.0516
2.2308
1.8716
1.9729
1.8294
2.0731
2.2271
2.1744
1.9736
2.0976
1.608
1.9135
2.19
2.1128
2.1792
1.4661
2.3358
1.9816
1.501
2.1172
1.5078
2.5254
1.7882
2.119
1.7808
2.1117
1.5778
1.8079
2.1192
2.1922
1.8024
1.9191
2.1824
1.8289
1.8911
1.6118
2.0056
1.8119
2.7174
1.7817
1.9738
2.0055
1.9086
1.8957
1.6691
2.139
1.5599
2.0449
1.621
2.1928
2.1299
1.8252
1.9337
2.3737
1.7847
2.2457
1.6975
2.2105
2.143
2.239
1.7133
2.0736
1.6363
2.2319
1.5758
1.9291
1.818
1.98
2.0435
1.8273
1.9639
2.0702
2.0782
1.6054
2.3521
2.1941
1.7152
2.1831
1.6885
2.4896
2.0031
2.4011
2.0693
1.627
1.7557
2.172
1.7201
1.8981
1.7885
1.7464
2.0043
1.8867
1.7174
2.1914
1.9197
2.1876
1.7317
1.9359
2.0065
2.072
2.1194
1.7841
2.4166
1.9617
2.1015
1.8102
1.8703
1.9656
2.2334
1.8242
2.2284
2.1385
2.1148
1.9911
2.2306
1.8461
1.769
2.2748
1.9256
1.996
2.0027
1.9958
1.6713
2.0345
2.1565
2.3583
2.0174
1.7931
1.7974
1.9118
2.1382
1.9674
1.7267
1.7616
1.9864
1.9964
2.025
2.0533
2.2263
2.0561
1.6808
2.3286
1.7957
2.2693
1.4992
2.1254
1.6519
2.0773
2.2307
1.7861
2.1915
1.7526
1.9895
1.9428
2.0661
1.9244
1.9546
1.8641
1.8811
2.25
1.5981
1.9874
2.3244
1.9486
1.9676
1.7973
1.7834
2.0597
2.2384
1.8401
1.9649
1.7755
2.0429
1.7391
2.0493
2.0723
1.9359
1.9569
2.1287
1.606
1.983
1.6784
2.0421
1.6178
2.433
1.8077
2.2266
1.9112
2.0619
1.8024
1.8659
2.4524
1.8307
1.9379
1.7688
1.7252
2.0861
1.9806
1.9772
2.0875
2.1579
1.8022
2.1598
2.3582
1.9795
1.8488
1.9213
1.76
2.3483
2.1155
1.9713
1.9872
1.9091
2.0513
2.1734
2.2183
2.0459
2.0361
1.8913
1.8053
1.9782
1.8602
2.0429
2.0123
2.1536
1.7798
1.9104
2.7343
1.8085
1.6985
2.0369
1.9853
2.1159
1.8988
1.9697
2.383
1.5287
2.0225
1.8913
1.976
1.7437
1.7116
2.2492
2.0168
1.77
2.033
2.0071
2.7366
1.9096
2.1435
1.8713
1.9165
1.7137
2.081
2.1254
1.6954
1.7125
1.9943
2.017
1.8811
2.0557
2.4127
2.0184
1.6425
1.7146
2.0999
1.8925
2.2132
2.2182
2.1011
2.1556
2.0749
1.4181
2.1992
2.1046
1.9232
1.5398
2.4094
2.0472
2.427
1.8435
2.1034
2.0627
2.1346
2.0234
2.1997
1.7229
1.8597
2.0103
1.7818
2.0582
2.5434
1.5718
1.6111
1.8521
1.7533
2.2713
1.7406
1.8934
2.4623
1.7334
1.976
2.0533
2.2029
1.9041
2.0203
1.6189
2.0905
1.9938
1.9551
2.1673
1.8344
2.6051
1.6026
2.0697
2.0537
1.9587
1.5946
2.0778
1.8987
2.325
1.5253
2.1417
2.0345
1.8711
2.227
1.7817
1.9723
2.4596
1.7533
2.386
2.0867
1.6257
1.9409
2.0745
1.8698
2.3881
2.0511
2.1088
1.8965
1.7835
2.2138
1.9133
2.3556
2.2625
1.6395
2.1342
2.0682
2.1688
2.0702
2.0657
2.4444
1.9421
1.8634
1.7769
2.1161
1.9846
2.141
2.3736
1.8082
1.8934
1.869
1.8863
2.0985
1.8142
1.7082
2.2246
1.8239
1.684
1.8227
2.1604
1.8658
2.0048
1.9287
1.7298
2.299
1.7854
2.2278
1.7396
2.0232
2.2914
1.7983
1.611
2.4758
1.9127
1.7097
1.9804
1.751
1.7864
1.8908
1.8555
2.2284
1.8233
2.1256
2.5427
1.6587
2.1717
1.9398
1.8911
1.8704
1.9161
2.1851
2.0539
1.9359
2.1527
1.8004
2.1572
2.0916
2.109
1.8863
2.4027
1.9244
1.9298
2.066
1.8896
1.9305
2.5826
1.8049
1.8037
1.8887
2.2024
1.7295
2.6254
1.8808
2.399
1.9541
2.3069
1.9682
1.8922
2.1799
1.7408
1.8845
2.1661
2.0732
1.8167
1.8266
2.2378
2.096
1.9694
1.6633
2.1866
2.1506
2.0137
2.0601
2.2424
1.9746
2.3376
1.8881
1.8853
2.0315
1.936
1.9609
2.2066
1.9488
1.8817
2.0371
1.9152
1.9871
2.3064
1.4409
1.6325
1.7589
1.8845
1.6283
2.3561
1.8892
2.2281
1.6926
2.1941
1.7782
2.0859
2.1517
1.9429
1.8693
2.1194
1.9454
2.047
1.9964
1.7854
1.9332
2.1713
1.6521
1.8629
1.8102
2.017
2.1995
2.1967
1.8523
1.5679
2.2755
1.7409
2.1667
2.1902
2.3027
1.8878
1.8038
2.0292
2.2519
2.0802
2.3238
1.6273
2.0375
2.0385
2.056
1.5803
2.1931
2.3058
1.5038
1.8894
1.9895
2.1152
1.8403
2.0415
2.1059
1.8607
1.9465
2.0891
2.4117
1.3305
1.9191
2.2185
1.8881
1.597
2.2202
1.7935
2.1141
2.0051
2.2889
1.8115
2.1262
2.2048
2.335
2.2363
1.709
2.0098
1.9634
1.7697
1.8482
2.2955
1.9918
1.9266
2.0299
1.6961
1.7386
1.8698
2.5192
1.9399
1.7619
2.111
1.8757
1.7872
1.872
2.2363
2.0757
1.7552
2.2965
1.8703
1.4965
1.914
2.3659
2.0883
2.3114
1.7701
2.1592
2.1603
1.563
2.5397
1.8379
2.2913
1.5076
2.2973
1.8828
2.1372
1.9529
1.8335
1.8696
2.0584
2.1773
1.9825
2.2998
2.1405
1.9652
1.1884
2.1572
2.2765
1.8214
2.1824
1.9142
1.5585
2.3327
1.7373
1.7057
2.2696
2.0778
2.0862
1.8802
2.251
1.9877
2.3263
1.8874
2.2658
1.4135
2.1401
1.9407
1.9488
1.9009
1.6827
2.4178
1.5793
1.769
2.3207
1.9627
1.32
1.7258
1.8257
2.1084
1.9054
2.0531
2.1634
2.1002
2.3499
1.6296
2.1317
2.0784
2.45
1.7417
1.9932
1.9127
2.2124
1.9841
2.0443
2.1061
1.7588
2.1932
1.7461
2.2622
1.9419
2.5158
1.7512
2.0931
2.3299
2.009
1.9423
1.95
1.5626
2.478
1.7882
2.3282
1.7098
1.9995
1.7056
1.8645
1.9294
2.2535
1.9005
1.8721
1.6221
2.0355
2.0254
1.6739
1.9056
2.1765
2.1982
1.7205
2.0986
1.845
2.3825
1.7813
2.2635
2.2178
1.8004
2.1251
2.169
2.0419
1.8674
2.1102
2.067
2.2003
1.7244
2.3049
2.1337
1.6693
2.3439
1.9606
1.7737
1.8123
1.9917
1.8845
1.7617
2.0704
1.4762
2.3851
1.5942
2.1956
1.765
1.9191
2.3564
1.6759
2.0434
1.7718
1.9228
1.6833
2.0538
2.1284
1.8561
1.9524
1.7654
2.3488
1.7465
2.3734
1.7949
1.9903
1.635
1.8715
1.6692
2.0073
1.7269
2.5205
1.603
2.0981
1.8653
1.8383
1.9237
1.6944
1.9089
2.2623
1.6414
2.317
1.9295
1.8915
1.9428
2.0459
1.7487
1.8772
2.0071
2.24
1.767
1.8691
1.6603
2.0998
1.8006
2.582
1.961
2.005
2.0128
1.8777
1.9571
2.1833
1.5885
1.8971
1.9893
1.831
1.9696
1.6697
1.994
1.8121
2.0693
2.3568
1.7028
2.2145
1.9156
1.8473
1.5505
2.316
1.4381
1.6868
2.347
1.836
1.9535
1.7186
2.0053
1.9513
2.1612
1.8269
1.9969
1.8121
2.3145
2.104
2.0275
2.0513
1.6151
2.0954
1.4631
2.3495
1.8625
2.1742
2.0259
1.5891
1.726
2.3378
1.6806
1.9491
1.7936
2.2137
1.9379
2.0186
2.2746
2.4043
1.9386
1.873
2.2765
1.9686
1.9917
2.1355
2.3412
1.5233
2.0966
1.7912
2.0507
1.8176
1.9637
2.1005
1.7198
1.8344
2.4679
2.2416
2.1913
1.5636
2.3534
2.1126
2.3995
1.8884
2.3842
2.0057
1.9137
2.2753
1.9031
1.5972
1.9867
1.971
2.0968
1.7674
1.7055
2.1177
2.2664
1.697
2.0295
1.9587
2.4028
1.5501
2.0435
1.819
1.6353
2.0502
1.7064
2.0343
2.5028
1.7356
2.5732
2.0465
2.1156
1.4993
2.4613
1.8021
1.6593
1.632
2.4479
2.1428
1.8284
1.7015
1.8538
2
2.0858
2.166
1.5078
2.3243
1.7482
2.2451
1.847
2.0378
2.0837
2.0403
1.8229
2.1631
1.8979
2.0137
2.057
2.226
1.9979
2.0255
1.9991
2.0927
2.0397
1.9307
1.7623
2.142
1.8109
1.8903
1.7443
2.1649
1.9251
1.9489
1.9105
2.1819
2.3886
1.8014
1.9548
1.7558
2.1414
2.0309
2.0693
1.9402
2.0125
1.8783
1.7211
1.7801
2.1024
1.7714
2.0935
1.8727
1.8363
1.9039
2.0003
1.9401
1.9727
2.0549
1.7805
2.2786
1.7641
2.2351
1.8662
2.0132
2.1347
1.868
1.9146
1.9596
1.681
1.7986
2.5137
1.8109
2.1192
1.7537
1.7898
1.9836
2.0493
1.8506
1.8565
2.0036
2.17
1.8187
2.008
1.8161
1.4499
2.1364
1.9862
1.8024
2.2975
1.7093
1.991
1.9525
2.556
1.8215
1.7204
1.8805
2.4914
1.5992
1.9319
2.1586
2.1519
1.7768
1.8937
2.457
2.0426
2.0633
1.8929
1.7838
2.372
1.8027
1.7822
1.8329
1.8514
1.7245
2.3466
1.8367
2.1036
1.8585
1.9611
2.0563
2.1849
2.0249
1.8933
1.9864
2.1542
1.6387
2.1677
2.0861
2.1737
1.7401
2.367
1.9888
1.9517
1.6311
2.3172
1.986
2.1768
2.1782
1.5992
2.1121
2.3263
1.7012
2.3158
2.2346
1.843
1.964
2.1726
1.5608
2.327
1.9284
1.9449
2.2492
1.9616
2.2476
1.8476
2.0532
1.5359
2.2475
2.1451
2.1498
1.7432
2.3264
1.6388
2.1061
2.1716
1.6526
2.1503
2.0628
2.0503
2.3894
1.659
2.1032
2.1626
2.0609
1.649
2.1457
1.8352
2.3415
2.357
1.7828
1.6942
2.325
1.8774
1.9158
1.8379
1.8783
1.7067
1.8832
2.0264
2.1927
1.7897
2.2213
1.7377
2.0804
2.0952
1.8824
1.8809
1.831
2.1603
1.9113
2.2411
1.4592
2.3356
2.1586
1.7693
2.2966
2.0064
2.131
1.9566
2.1716
1.7626
2.1262
2.1948
1.9799
1.6097
2.0084
2.3427
1.7691
1.9987
2.1015
1.6968
2.4259
1.9959
1.7814
1.8308
1.9819
1.8454
2.1761
1.7207
1.8312
1.9076
1.9059
2.0366
1.8074
2.0256
2.1249
2.1254
1.844
1.934
1.7804
1.7132
2.1754
2.1523
1.953
1.9587
2.2482
1.7076
2.0066
1.5097
2.2244
2.0485
1.832
1.9052
1.9968
2.3881
1.8856
1.9011
2.2145
2.3486
1.724
2.0155
2.1578
1.7231
1.9962
1.9676
1.879
1.9723
1.8198
2.4891
1.7406
1.9108
2.2892
1.7566
2.2756
2.3103
1.7915
1.9769
1.7281
2.3414
1.8121
1.9815
1.8839
2.5343
1.6968
1.8041
2.6945
1.5216
2.6316
1.803
1.5369
1.8865
2.2875
1.7315
2.0835
1.861
2.0894
1.6118
1.9103
2.1367
2.254
1.834
2.2053
1.8572
2.0369
1.6162
1.9554
2.4229
1.6124
2.1533
1.9596
2.0615
2.4789
1.7739
1.7616
1.7107
1.9101
2.4678
1.5604
2.2313
1.8188
2.4869
2.2045
2.0237
1.9472
1.9172
2.0456
2.1342
1.8569
1.7384
2.1011
2.1461
1.6609
1.7862
2.0776
2.002
2.2495
1.8247
2.0464
1.6473
2.431
1.8286
1.7789
2.1435
2.1346
1.5726
2.3539
2.3165
1.6958
2.0607
1.7797
2.0726
2.5252
1.7236
2.2542
1.6702
1.6047
2.3009
1.6277
1.6561
1.9421
1.6036
1.7423
2.5067
1.8125
2.0517
1.913
1.5238
2.486
1.8418
1.8497
2.1976
1.9068
2.3365
1.629
2.4022
2.1376
1.7322
1.7812
1.8266
2.4785
1.6837
2.5564
2.1567
2.163
1.7582
2.1247
2.0744
1.7572
2.0398
1.8753
2.1581
1.6803
1.7352
1.9218
2.0769
1.8567
2.1573
1.8315
2.3119
2.0752
2.1293
2.1459
1.69
1.8403
2.1484
1.7234
2.2803
1.6945
1.8808
1.9559
1.6054
2.2152
1.8707
2
2.1057
1.888
2.3363
1.8351
2.2985
2.1297
1.7539
1.9744
1.6015
2.1728
1.8963
2.0675
1.7481
2.5199
1.883
2.246
2.3528
1.6846
1.9507
2.0301
2.1691
1.7909
1.8279
2.4386
1.8078
1.9964
1.9977
1.7224
2.1191
1.9821
2.0166
2.2712
1.8335
2.3011
1.7281
2.4253
1.9843
1.7363
2.0976
2.083
2.1907
1.768
2.1599
1.9365
2.2548
1.9126
1.9185
2.3417
1.6231
1.8692
1.7668
1.6587
1.8316
2.6252
1.8047
2.211
1.9386
2.2059
1.7931
2.2348
1.4239
2.1794
2.0696
2.4829
1.5116
2.3065
1.9663
1.5987
2.0008
1.6612
2.3071
2.079
1.9303
1.6136
2.1681
2.0583
1.6455
2.0251
2.2814
1.7432
2.1437
1.892
1.7926
1.7156
1.9431
1.9754
1.8951
2.0271
1.9734
2.2402
1.7855
1.7265
1.8615
2.5033
1.8817
2.0431
1.7619
1.8136
2.1397
1.8759
2.0053
1.9529
2.1432
1.8211
2.323
1.673
2.0739
1.9245
1.6573
2.1578
1.7099
2.0403
2.1583
1.8857
2.1342
1.8402
2.1039
2.0118
2.1136
2.1042
1.6724
1.7553
2.0158
1.8824
1.6048
1.8714
2.24
2.0249
2.0874
2.2423
1.7715
1.9011
2.4152
1.9627
2.091
1.6041
2.1792
1.9118
1.8154
2.1294
1.9244
2.0822
1.9647
1.7485
1.9937
2.0192
1.8867
2.1287
1.9346
1.8314
2.373
1.6081
2.4742
2.0011
2.0558
2.0843
2.3248
2.1306
1.7534
1.7623
2.3986
2.2818
1.6998
2.5947
1.703
1.7631
2.3062
1.7279
1.9305
2.0087
1.8168
1.9679
2.2344
2.0195
1.8694
1.9985
1.9459
2.1501
1.904
2.2663
1.8054
1.8424
2.1349
1.4096
2.2662
1.7817
1.7982
1.8156
2.1967
1.7752
1.7702
1.6637
2.1691
1.8818
2.1598
1.825
1.9248
1.9291
2.0464
1.6424
2.1728
1.93
2.1806
2.2141
1.9435
1.8385
1.9325
1.9362
1.7343
2.349
1.8179
2.139
1.7664
1.6156
2.0138
1.9904
1.9211
2.2113
1.9263
1.7577
2.2865
2.1324
1.8015
1.9708
2.0002
2.0211
1.8658
1.8836
1.7868
2.2083
1.9608
1.7845
1.628
2.0336
1.6107
2.2055
1.8678
2.0266
1.8266
1.8573
2.0495
1.7155
2.0952
1.9452
2.0163
1.9821
2.0853
1.9275
1.9044
2.3195
2.0404
1.9011
2.0593
2.573
2.0341
1.9624
1.867
2.2664
1.8405
1.6499
1.8159
2.0094
1.9345
2.1044
1.7283
1.9833
2.0427
1.8486
2.3064
1.8691
1.7114
1.8788
1.946
2.0761
1.6578
1.9827
1.8185
1.9569
1.9934
1.9291
2.0375
2.0829
1.6513
2.4719
1.8475
1.8108
2.4896
1.9431
1.9562
2.5103
1.6598
2.1445
2.1151
2.0297
1.7305
2.3612
1.9294
2.0219
1.5983
2.0096
1.7283
2.2243
1.908
1.6473
2.0458
1.8091
1.6867
2.3976
1.8148
2.0131
2.0712
2.0086
1.9979
1.8765
2.2574
1.7934
2.2593
1.9206
1.7612
2.1666
2.1242
1.8698
1.8157
2.1164
2.0094
1.7764
2.054
1.9563
1.3675
2.2154
2.3442
1.9284
2.1243
1.7074
1.9845
2.3722
1.9431
1.9646
2.0184
2.3298
1.8072
1.7962
2.0573
2.0942
1.8496
1.8961
1.4105
2.4041
1.9214
1.5482
2.1156
2.0159
1.4086
2.3356
1.8993
1.5774
2.0331
2.0692
1.7879
1.9322
2.0751
2.355
1.9559
2.2859
2.0924
1.85
2.0752
1.9073
2.2269
2.3902
1.7765
2.2614
1.7579
1.8478
2.2665
1.7639
1.74
1.8575
2.1543
1.8209
2.2062
1.7944
2.2533
1.7725
1.6848
2.2136
1.6032
2.0594
1.8329
1.943
2.1886
1.833
1.7856
2.1323
1.6588
1.761
2.5882
1.7047
2.1885
2.7197
1.6216
2.0747
1.6496
1.7136
1.7694
1.6719
2.406
2.0163
2.4921
1.6834
1.8259
2.324
1.4548
2.0606
2.1962
2.03
1.9448
2.0469
1.7126
2.1322
1.7963
1.875
2.0025
1.7161
1.9743
1.623
2.0649
2.1783
2.5854
1.8699
2.1605
1.9355
2.2093
1.9432
1.9021
1.8377
1.7621
1.9877
2.3209
1.9698
1.5175
2.3537
1.6663
2.2668
1.6888
2.0166
1.6829
1.9282
2.3556
2.0622
1.608
2.1961
2.0896
2.003
2.2095
1.5965
1.6451
1.7778
1.9725
2.189
2.0985
1.9982
2.0385
1.7497
2.0844
2.5062
1.5708
2.0799
1.411
2.3591
1.5017
2.1896
1.4521
2.1237
2.2271
2.1517
1.5816
1.9322
1.8001
2.2087
1.7874
1.978
1.9721
2.2913
1.5662
1.9899
2.2835
1.7393
1.8319
1.6508
2.0545
1.9116
1.9899
2.0728
1.7824
1.9901
1.5541
2.4233
2.0578
1.6687
2.039
1.9133
1.9649
1.7648
2.0641
2.397
2.5082
1.5808
1.94
1.9307
2.192
1.7157
2.19
1.6441
2.2886
2.3492
1.8177
1.8509
1.804
2.2076
2.1524
1.5695
2.4425
1.9021
2.1316
1.9901
2.1541
1.8886
1.8356
1.853
1.8795
2.1718
2.3145
2.0799
1.98
2.237
1.788
2.0625
2.2747
1.73
2.2132
2.0903
2.3894
1.7146
2.1644
1.8754
1.7469
2.1076
2.1958
1.6131
2.3048
2.0599
1.9661
1.7531
1.6533
1.7768
2.3742
1.8614
2.3378
1.9713
1.6274
2.1262
1.8255
1.9081
1.9009
2.045
1.8184
2.0845
1.9972
1.8291
2.4182
2.1125
1.6407
2.1969
2.0428
1.7751
1.988
2.3718
1.5081
2.2061
2.088
1.9332
1.9105
1.986
2.065
1.9686
1.811
2.194
1.7464
1.5996
2.2422
1.8262
1.7933
2.0672
1.9174
2.4429
1.9877
1.7667
2.0298
1.9775
1.684
1.8298
2.5201
1.4744
1.991
2.4808
1.8521
2.0073
2.056
1.9198
2.0963
2.0022
1.8597
1.8763
1.8026
2.1631
2.0858
1.5102
2.1286
1.939
1.8102
1.7184
1.6151
2.3491
1.8784
1.8755
2.0726
2.0964
1.9998
1.9217
2.1071
1.8026
2.0222
1.4528
2.1098
1.4113
2.506
2.1891
2.263
1.7803
1.7188
1.9118
2.1805
1.7424
2.1716
2.0104
1.8018
2.2229
2.0888
1.6777
2.2881
1.7076
1.8347
2.0147
2.1646
1.6427
2.1062
1.7762
1.9371
1.9923
1.7732
2.026
1.7284
1.9596
1.9948
1.941
2.2535
1.9854
2.3762
1.6734
2.457
2.2095
2.0756
2.0404
2.0879
1.666
2.0488
2.0331
2.0805
2.2108
1.4599
1.6603
2.2743
1.7047
2.3839
1.9396
2.2969
1.9134
2.452
1.9594
1.7326
2.3346
2.326
1.82
2.634
1.8611
1.7765
1.8606
2.1634
1.7659
1.8722
2.2079
1.9077
2.0664
2.0929
1.406
2.3075
1.6924
1.7931
1.9362
1.9374
2.2577
1.3866
1.959
2.1282
2.1305
2.1131
1.8276
2.1071
1.6775
1.4484
2.3806
1.4865
2.1905
1.918
2.105
1.8694
1.7502
2.2083
1.7804
2.1223
2.4267
1.8538
2.0311
1.9658
2.2661
1.8987
1.7257
2.0272
1.765
2.034
1.8499
2.0259
2.5697
1.8288
2.1144
1.8824
2.1809
2.0693
2.1611
1.7662
2.3305
1.9252
2.1651
1.4958
2.3927
1.7194
2.1362
2.1465
2.3273
2.0435
1.7888
2.0678
1.9025
1.9823
2.6954
1.7512
1.6448
2.3886
1.5249
2.1091
1.9171
1.7358
2.0726
2.2414
1.6931
2.1283
1.5155
2.3727
1.9455
1.9789
1.648
2.2542
1.8309
2.1087
1.8076
2.1118
2.1136
1.5937
2.4805
2.2028
1.6988
1.67
2.1718
1.7888
1.6884
2.61
1.8029
2.0214
1.601
2.205
2.0658
1.8023
1.8745
1.685
1.9957
1.9379
1.7442
2.104
2.2335
2.0677
1.6282
2.3795
2.136
2.0787
2.0254
2.2311
1.7769
1.8874
2.6285
1.7031
1.8043
2.2481
1.9059
2.2563
1.7231
1.9743
1.6325
2.3602
1.3866
2.4465
1.5001
1.678
2.4085
1.7628
2.1035
1.7747
1.6589
2.0073
2.2053
1.8066
1.8995
2.2043
1.8998
2.1111
2.1232
1.5417
1.9095
2.1907
2.4646
1.3974
2.2938
2.1727
2.3386
1.9734
1.76
2.1919
1.6381
2.2531
1.7555
2.363
2.0388
2.0551
2.5369
1.9748
1.9617
2.1285
1.9558
2.4586
1.7672
1.847
1.9167
2.0278
2.0508
2.4169
2.0531
2.3227
1.6335
1.9743
2.0739
1.7758
2.0324
2.157
1.9023
1.8251
1.7868
2.1155
1.895
2.1435
1.7988
1.7989
1.9307
2.1862
2.149
2.0703
2.1547
1.7703
2.1155
2.0111
1.5947
1.698
1.8446
2.2058
2.1632
1.6524
2.1627
1.8828
1.9138
1.9212
1.8119
2.1324
2.1479
2.1453
1.8124
1.5707
2.2058
2.0789
2.1858
2.4288
1.7114
1.9458
2.318
1.8522
2.4257
1.9599
1.8368
1.7881
2.0994
2.3726
1.7063
1.5816
2.0018
2.0232
1.9007
1.9657
2.2173
1.6491
2.2083
1.891
1.6259
1.9446
2.0807
1.9732
1.9797
1.7001
1.9035
1.903
2.2164
1.7838
1.9487
1.8884
2.0349
2.1033
2.0196
1.7898
1.8769
1.8794
1.8794
2.2052
1.6497
1.946
2.103
2.0818
1.943
1.6613
1.9574
2.1579
1.0919
2.9665
1.5436
2.0218
2.0609
1.8199
2.1897
1.8203
2.0272
1.8104
2.0186
1.8324
2.2458
2.171
1.8684
1.9958
2.2391
2.0102
2.1438
1.7248
1.9527
2.1099
1.6605
1.9222
1.7834
1.9642
1.9368
2.1804
1.6468
1.9777
1.8104
2.078
2.0046
1.9828
2.0249
2.4321
1.9271
1.5976
2.011
2.037
1.8129
1.8567
2.1498
2.0991
2.0362
1.8774
2.0243
1.7115
1.8314
2.1146
1.9566
1.964
1.5712
1.5949
2.4146
1.6199
2.4562
1.733
2.0606
1.5835
2.113
2.0557
1.9621
2.0469
2.3286
1.9758
1.9753
2.3276
1.7072
2.1604
1.8532
2.2454
1.8661
2.1688
1.8792
1.7169
2.3653
2.0394
1.8761
2.2278
2.039
2.0544
1.6272
1.9883
2.0527
2.0304
1.832
2.0387
1.7023
2.1708
2.0774
1.8612
1.817
2.3403
1.994
1.751
2.03
2.1427
2.0206
1.7944
2.2515
1.8535
1.9188
1.7104
1.7436
1.8018
2.0049
2.2753
1.9114
1.9497
2.2484
1.7342
1.7006
1.9276
1.5927
2.0339
2.2701
2.1149
1.951
2.1682
1.4744
2.4995
1.6062
1.8463
2.2466
1.6542
1.7893
2.3233
2.05
2.0529
1.7623
2.0752
1.8263
1.6612
2.3412
1.7934
1.6171
2.3719
1.9005
2.288
1.8423
2.3538
1.7106
2.0441
1.5749
2.1505
1.9669
1.8102
1.8945
2.1952
1.7163
1.8817
2.1002
2.023
1.7255
2.2572
1.552
1.8644
1.891
2.0905
1.7199
2.5799
1.8285
1.9893
2.0333
1.5613
2.1575
2.4932
1.6249
2.0231
2.2357
1.8211
2.0157
2.2733
1.862
1.8991
1.7101
1.867
2.1009
1.9099
2.4068
1.5586
1.9574
1.9247
1.7283
2.1872
1.6043
1.9381
1.895
2.0346
2.3574
2.3631
1.8363
2.0814
1.9346
1.5662
1.9741
1.7503
1.8033
1.9266
1.9959
1.966
1.9568
1.9772
1.7804
1.9424
1.5587
2.3079
1.9308
1.8729
1.9754
2.5177
1.8086
1.8308
2.227
2.0319
1.6277
2.1585
1.8569
2.2411
2.1377
1.9515
1.8927
2.3108
1.7784
1.7115
2.1995
1.7283
2.1983
1.9286
1.4816
1.6481
2.2626
2.0344
1.6701
1.7883
2.3827
1.8149
1.9704
1.8384
2.264
2.2689
1.8756
1.8218
1.836
1.9783
2.3174
1.4805
2.1247
1.5011
2.3683
2.3125
1.6772
2.1272
1.6971
2.221
2.0691
1.3599
2.4719
2.254
1.8377
1.9631
1.6828
2.0569
2.186
2.0995
2.0165
2.0042
1.9669
2.1605
2.0567
2.0991
2.0657
2.0892
1.7173
2.096
1.8518
1.7958
1.7209
2.3741
2.0203
1.8941
1.7558
2.0018
2.2072
1.7351
1.9748
2.1278
2.0454
1.6883
2.2303
1.8376
2.2005
1.9723
1.4964
2.3042
2.2477
2.1487
2.0343
1.951
1.9308
2.2
1.6862
2.1474
2.1473
1.7556
1.8973
2.457
1.9333
2.0726
2.3693
1.5281
1.8915
2.3275
1.7357
1.8656
2.2243
1.6949
2.0247
2.3271
1.7731
2.106
2.1358
1.6174
2.5704
1.4521
2.3151
2.031
1.7049
1.4227
2.1049
1.8352
1.8224
2.2959
2.1752
2.0176
2.0122
2.0168
1.9788
2.0141
2.0222
2.0087
2.1552
2.247
1.9337
2.4785
1.8241
2.5257
1.7669
2.0349
1.8969
2.1685
2.1533
1.6553
2.2729
1.9727
1.9018
2.2541
1.9612
1.8841
2.0304
1.4028
2.0079
2.248
1.723
1.9594
1.6303
2.1814
2.0404
1.4552
2.2267
2.2074
2.0353
1.8557
1.9325
1.9046
2.1167
1.8169
1.7929
1.7134
2.1259
1.6483
1.9332
1.5897
2.1888
2.1703
2.1222
1.8962
2.3412
1.754
2.018
1.7358
1.987
1.9083
2.2909
1.804
2.3548
2.1901
1.9202
1.9894
2.3473
1.5783
2.0313
1.9861
2.0926
1.7644
1.9916
2.3736
1.9269
2.0037
2.2742
2.2648
1.8049
2.1239
1.9042
2.2496
1.7622
2.1888
1.9742
1.8374
2.3665
1.9424
1.5813
2.1964
2.3131
1.9906
1.7188
2.3923
1.6276
1.8045
2.1405
1.7104
2.0211
2.4643
1.4957
1.9444
1.7943
1.8093
2.124
2.1156
1.9065
1.7421
1.9917
1.9339
2.1292
1.8434
1.7531
1.8831
1.8698
2.0341
2.1189
1.5672
2.0419
2.4737
1.5473
1.8347
1.7266
2.2405
1.9659
2.0899
2.0851
1.9394
1.9504
1.9314
2.144
1.8155
1.6539
2.0729
1.785
1.8513
1.8645
2.0725
2.0649
1.9217
1.8242
1.9379
1.7439
2.181
2.0581
1.7779
2.1582
1.921
1.7686
2.7131
1.4936
2.3514
1.9799
1.5983
1.8434
2.208
2.1999
2.1716
1.9295
1.926
1.7583
2.1432
2.2076
2.3418
1.7783
2.0428
1.9289
1.937
1.7552
2.6812
1.7928
1.6764
2.2019
2.2358
1.6572
2.1173
1.8828
1.9502
1.5577
2.2885
1.6278
2.4629
1.9776
2.3853
2.258
2.0683
1.9621
2.3589
1.9613
2.0964
2.0161
1.8046
2.2879
1.8569
1.9862
2.2219
2.0017
2.0548
2.2054
2.1096
1.991
1.9006
2.36
1.9655
1.8653
2.0287
1.9404
1.8312
2.1708
1.7774
2.0964
2.1294
1.9068
1.6508
2.5057
1.9475
1.8269
1.9641
2.2496
1.6519
2.0227
1.8223
1.9364
2.1813
2.0843
2.3602
1.8409
1.8617
2.173
1.7346
1.8453
2.1597
2.2406
2.2613
1.8899
2.301
1.6047
2.0646
2.0928
1.7857
2.342
2.0207
1.7543
1.9161
1.6829
1.8164
1.9428
1.9767
1.8281
2.2055
1.7546
1.8642
1.9253
1.8493
1.9346
2.0542
2.0882
2.0048
2.1693
2.3477
2.1446
1.8044
1.9402
2.212
1.8654
1.756
2.1877
2.2213
2.1873
2.3133
1.6686
1.9125
1.9457
1.7136
2.1204
2.0995
1.9377
1.9615
2.4815
1.2825
2.9015
1.6787
2.161
2.2293
1.9144
1.6533
2.2471
1.8022
2.1753
2.2074
1.913
1.9389
2.062
1.9997
1.7058
2.007
2.2243
2.3292
1.9075
1.8713
1.8843
2.0869
1.8274
2.1836
1.7586
2.1624
1.9968
2.0444
1.7948
2.0035
2.1429
1.8602
2.108
2.0229
1.8725
2.0339
1.9062
2.2057
2.0333
2.1335
2.0166
1.7453
2.4084
1.7924
2.0124
1.909
1.8936
2.0125
1.967
1.9157
1.5966
1.8803
2.1922
1.6434
2.1002
1.9044
2.06
2.3962
1.4676
1.9744
2.0445
1.99
2.0512
2.1266
2.0378
2.0282
1.6847
1.9791
2.2529
1.5329
2.2524
1.9919
2.042
2.3477
2.3717
1.855
1.9825
2.0716
2.206
2.1599
2.0332
1.9125
1.7643
1.6073
2.0897
2.4923
2.2086
1.9074
2.0736
2.24
1.9102
2.3462
1.8142
1.8227
1.7648
1.9805
2.1491
1.9113
1.4771
2.2155
2.1782
2.0287
1.8217
1.7851
1.4966
2.3626
1.7102
1.9883
2.1668
2.194
2.1159
1.7272
1.9917
2.0451
1.9182
2.2546
1.8675
1.8879
2.1767
1.914
2.0139
1.8436
2.2039
1.6306
2.457
1.6519
1.8807
2.0039
2.3493
1.5417
2.0048
2.0264
1.9883
2.0038
1.8169
1.9405
1.9872
2.1836
2.1929
1.4904
1.9859
1.9929
2.0431
1.7666
1.8074
2.4096
1.5654
2.1168
2.0368
2.344
1.9686
2.2124
2.0766
2.0991
2.107
2.2084
2.5637
1.6771
1.8503
1.8354
1.8552
2.5506
1.6506
2.0129
1.8331
2.1142
1.9546
1.8437
2.3149
1.9752
1.4219
2.1976
1.6731
2.2895
1.7091
2.0804
1.8261
2.1528
2.0082
2.1664
2.1827
2.1508
1.6615
2.4518
2.3987
1.9101
1.9887
2.2265
1.6886
1.8484
2.1395
1.9076
2.0643
1.8721
2.1738
1.7601
1.7449
2.082
2.1896
1.5679
1.8909
2.2837
1.7766
2.0978
2.1148
2.0407
1.7722
1.9466
1.7407
2.532
1.6668
2.0899
2.1007
1.9271
1.9108
1.71
2.2027
1.68
2.0489
1.9503
1.6895
1.8459
1.8781
1.7395
1.8573
2.1697
1.6772
2.1044
2.0401
1.9922
1.4943
2.5774
2.1995
2.1274
1.9012
1.8611
1.9187
2.0408
1.6497
2.0062
2.5355
1.8277
1.9831
2.2422
2.2141
1.9513
1.6183
1.8124
2.3531
1.6426
1.9118
2.4684
2.0152
1.7442
2.1824
1.9205
2.2614
2.0719
1.8928
2.0934
2.2129
2.1157
1.7983
2.2276
1.9187
2.2966
1.6996
1.9471
2.0394
1.7956
2.4331
1.6889
2.1013
1.9661
2.0498
1.7818
1.8794
1.9274
2.5784
1.8209
2.1525
1.8207
1.8445
1.9655
1.6701
2.545
1.8026
2.0077
2.306
1.5842
1.7485
2.1114
1.8932
2.2178
2.2979
2.0702
2.1689
1.4059
1.9495
2.2733
2.0403
2.0185
1.7445
2.1796
2.0682
2.0038
1.9321
2.0994
1.5692
2.323
1.5638
2.2536
1.5857
2.1036
2.2489
1.7537
2.0796
1.8671
2.3699
1.2643
2.2053
2.5405
1.8205
1.9553
2.2124
2.0492
1.9679
2.1107
1.7014
2.5741
1.7178
1.8444
2.3992
1.586
1.5619
2.226
1.8176
2.0258
2.1629
2.1897
1.3386
2.3042
1.9083
1.9944
2.0141
1.7844
1.9731
2.1121
1.7939
2.1452
2.1357
2.1047
1.8059
1.8667
1.8973
1.7949
1.8727
2.2007
2.5738
2.2997
1.8142
2.1376
2.2147
1.6188
2.5284
1.4951
2.2679
1.9991
1.9671
1.6787
2.3462
2.0534
1.7882
2.0225
1.7193
1.8418
1.7933
2.0638
1.7967
1.8394
