1.5905
1.7241
2.0391
1.8735
1.8651
2.1386
1.7455
2.2231
1.7667
1.9958
2.2207
1.8059
2.0453
1.97
1.7384
1.8558
1.8465
2.0534
1.9857
2.2151
1.8566
1.7296
1.8777
1.6575
2.2222
2.1165
1.9064
1.8092
1.7991
2.147
1.7977
1.8627
1.8062
1.8785
1.8635
2.2973
1.9485
2.0298
2.1567
1.7692
2.2902
2.0063
1.6089
2.7952
1.9788
1.8201
1.8031
1.7197
2.0897
1.8062
2.5135
1.6976
2.0618
2.4955
1.5696
2.2724
2.0347
1.9668
2.1911
2.3293
1.6798
1.7406
1.7508
1.8617
2.6833
1.7584
1.6806
2.2895
2.0349
1.6514
1.7696
2.0749
2.3479
1.9168
2.3606
2.003
1.9679
2.1264
1.5225
2.1835
1.9121
2.4411
1.9039
2.063
2.1303
1.7474
2.1265
1.9716
1.8574
1.9017
1.9472
2.0356
1.9101
2.2332
2.1013
1.7215
1.6287
2.539
1.688
2.5433
1.7809
1.7257
1.9321
2.2461
2.2363
1.9017
2.0282
1.5808
2.1508
2.228
2.0046
1.7003
1.9284
1.8609
2.2839
1.6696
1.889
1.7674
1.9899
1.8688
1.8402
1.9341
2.0537
1.8447
2.1703
1.9104
2.0259
2.1489
1.3854
2.3714
1.6275
2.1671
1.8977
1.7708
2.3185
2.2076
1.8735
2.0143
2.4101
1.7202
1.989
1.8387
1.8346
2.4511
2.0919
1.9432
1.5487
2.003
2.0418
1.8815
2.0679
2.0431
2.3997
1.6541
2.4108
1.9346
1.9204
1.924
2.0657
2.1079
1.8071
1.5124
2.0754
1.9638
1.7872
1.9923
2.2667
2.0775
1.8742
1.6941
2.1743
2.1939
1.9097
2.1341
1.7014
1.8101
1.9503
1.8602
2.0586
2.4301
2.0659
1.9732
2.5743
1.4463
2.3186
1.9099
2.411
1.9363
1.5866
1.9814
1.8348
2.1032
2.1143
1.8764
2.4003
1.7313
2.1957
1.8622
2.0901
1.7247
2.5161
1.8955
1.986
1.9386
1.9329
1.6439
1.8508
2.247
1.8138
1.8447
1.8286
2.0021
1.9907
2.3561
2.3107
1.9955
1.7892
1.9675
2.3166
1.4735
2.0441
2.2288
1.8685
2.2064
2.0551
1.9864
1.8666
2.1238
1.9273
1.801
2.14
1.7814
2.0987
1.901
2.0202
1.9632
2.0288
1.9645
2.2286
1.8763
1.7281
2.381
1.6655
1.9716
1.9422
1.9469
2.0719
2.1776
1.6688
1.8749
1.9617
2.1252
1.9891
1.5454
1.6099
1.9889
1.8904
1.8064
2.468
1.9349
1.996
1.6454
2.3769
1.5441
2.3827
1.837
1.7023
2.1133
2.2205
1.7019
1.7884
2.1131
1.8025
2.225
1.806
1.9277
2.0792
1.5164
2.1476
2.0735
2.0204
2.0325
2.0153
1.7744
2.0681
2.1376
2.0969
1.8371
2.3034
2.3933
1.6079
2.112
2.0166
1.8324
1.7747
2.3849
1.7748
1.8842
2.0573
1.9354
2.1763
2.4012
1.8129
1.9348
1.645
2.0285
1.8372
2.1849
2.1902
2.2571
2.163
2.3096
1.7268
1.7808
2.6041
1.6322
1.9797
1.6146
1.9785
2.2934
2.2323
2.0588
1.6093
1.9888
2.1285
1.9366
1.9274
2.1477
1.7064
1.8607
2.5012
2.0944
2.0159
1.6521
2.1931
1.9241
1.5441
1.9693
1.7336
2.009
2.0425
2.0415
1.8478
1.7621
2.0733
1.6114
2.0127
2.1521
2.0342
1.6182
1.9606
2.5086
1.5979
2.0731
1.7894
2.2357
1.8701
1.8717
2.068
2.0655
2.0504
1.9712
2.2389
2.0927
1.8664
2.1074
2.0093
2.007
1.6222
2.006
1.9895
2.0987
1.8408
2.3427
2.2608
1.9112
2.1625
1.9346
1.7726
1.9079
2.4768
1.7592
1.7675
2.1792
2.0393
1.7884
1.9832
1.9515
2.2299
1.5684
2.3099
1.8809
1.8616
2.1009
2.1238
1.8739
2.0517
1.8033
1.992
1.815
1.8548
1.6064
2.0474
1.7508
2.3382
2.0192
1.7978
2.2003
1.967
1.8291
2.2885
1.9636
1.6275
2.2243
2.0245
2.0439
1.8342
1.7373
2.2658
2.0366
2.0555
1.9574
1.9065
2.4111
2.0648
1.8344
1.7911
2.0716
1.8506
1.9364
1.8206
1.8802
2.1867
1.92
2.2551
1.6795
2.4078
2.0844
1.723
2.1111
2.2359
1.7377
1.8596
2.1611
1.7725
1.7071
2.5577
1.8313
2.0632
2.1641
1.5233
2.2904
2.1087
2.0146
1.7749
2.0466
2.6583
2.1101
2.3098
2.1412
1.6938
1.9133
1.8588
2.242
2.3758
1.8958
1.829
1.999
1.9279
1.8077
2.2946
1.9803
2.032
1.7464
2.3457
1.8055
1.863
2.0543
1.4358
2.1404
1.8799
2.2371
1.4522
1.9338
1.822
2.5401
1.7397
1.9869
2.0858
1.7786
2.09
2.0172
2.1037
1.9042
1.7315
2.1822
1.6386
1.7802
2.0013
1.9612
2.0104
1.8373
1.7447
2.3279
1.8567
2.3133
1.79
2.2226
1.9563
2.0149
1.7345
1.5267
2.1565
1.7671
2.2365
1.7649
1.8905
2.2408
1.8391
2.4174
2.1468
2.0738
1.8444
2.0716
1.7201
2.2713
1.8322
1.6389
1.8978
2.1648
1.8025
2.2968
2.1393
2.0452
2.1425
1.9314
2.1715
2.0132
1.8207
1.8936
1.8277
2.1094
1.9694
1.6479
1.9225
2.0345
2.0038
1.6608
2.2138
1.6064
2.0046
1.8245
1.6709
2.5053
1.8999
1.8282
1.9903
2.0579
2.2301
1.5045
2.278
1.6313
2.3511
1.9944
2.0354
1.8473
1.7574
2.1325
2.3524
1.6007
2.0954
2.1787
2.0565
2.2815
1.865
1.8773
2.1259
2.2916
1.6639
2.1995
2.1187
1.8736
2.1053
1.6862
1.9556
2.1173
2.5885
1.9236
1.9936
1.8978
1.791
2.1851
2.1338
1.9342
1.8908
1.4941
2.231
2.2046
2.218
1.7458
2.0513
2.1145
1.8143
2.1514
1.7157
1.8712
2.2037
2.2315
2.0298
2.0346
1.9911
2.381
1.8163
2.1494
2.0791
1.7869
2.1807
1.6592
2.1064
2.0327
1.9917
2.1854
1.8303
1.934
1.8327
1.8842
2.4974
1.7941
2.2601
1.8717
1.7385
2.1843
2.0614
2.0336
1.9864
1.6976
2.023
2.0034
2.0064
2.025
1.9177
1.8719
2.1569
2.0194
1.8646
2.2432
1.8649
1.7566
1.9495
2.1594
2.1242
1.9437
1.64
2.0086
2.351
1.6697
2.0172
2.0457
2.025
1.9422
2.1159
2.2498
2.0728
1.4868
2.0281
1.4719
2.243
1.6569
1.9591
2.1555
1.5376
2.4094
1.8131
2.2336
2.5872
1.6944
1.5383
2.1139
2.1606
2.1412
1.9826
1.9485
1.7075
1.8878
2.2464
2.0572
1.9528
2.308
1.7703
2.0171
2.0795
1.7321
2.2256
2.1338
1.651
2.0526
1.777
2.3239
2.4321
1.9586
2.2234
1.8625
1.7495
1.7987
2.2896
2.0694
1.8759
1.9483
2.4056
1.821
2.2948
2.0787
1.616
2.2909
2.1536
2.0094
1.6446
2.4272
1.8987
2.2568
1.6091
2.2421
1.7311
2.5752
1.5992
1.9198
1.9705
1.7866
2.3359
1.8566
2.0899
2.4531
1.489
2.3571
2.2381
2.0877
1.2408
2.2693
2.0532
1.7661
2.3131
2.1485
1.8746
1.7711
2.4594
2.0236
2.2942
1.7666
1.5678
2.4013
1.842
1.8515
1.6913
1.9895
2.1391
2.0045
2.2749
2.2539
1.6595
2.0637
1.8535
1.8023
2.4445
2.0489
1.8248
2.1748
1.8234
2.3403
1.4301
2.0461
2.0132
1.9124
1.9803
2.1769
1.5629
1.7647
2.1355
2.1037
2.4968
1.9572
1.4785
2.4182
2.0331
1.9422
1.7811
1.9282
2.0625
1.6524
2.341
2.1116
2.2448
1.6912
1.5587
2.1031
2.2799
1.9058
1.9495
2.0532
1.9861
2.1623
1.7589
2.1757
1.6984
1.7621
1.8343
1.5785
2.4865
1.7071
1.9227
1.6201
2.495
1.7699
2.1249
1.6141
1.8024
1.5881
1.7432
2.0219
2.0051
1.7692
2.109
2.062
1.9503
1.8671
1.8723
2.3652
1.8445
2.1591
2.0078
1.543
2.1907
2.0562
1.8486
1.8117
1.6262
2.3192
1.7973
2.4162
1.818
2.342
1.4847
2.002
2.0629
2.2995
1.9926
2.0286
2.0351
1.5796
2.1223
2.043
2.3005
1.6704
1.9961
2.091
1.5479
2.3702
1.8848
1.8753
1.9061
1.5406
2.5207
2.1355
1.9133
1.8289
1.9828
1.9757
2.3036
1.5517
1.9197
2.0634
2.3964
1.4337
2.2092
1.9397
1.6185
2.3469
1.9037
1.733
2.5112
2.0354
1.8014
1.804
1.8648
2.3005
2.1766
1.7328
1.8652
2.0477
2.0159
2.1234
1.9608
1.7095
1.8903
1.6717
2.0159
1.8693
2.2374
2.0323
1.9731
1.8484
1.6126
2.2675
1.7105
2.1072
1.8039
1.8261
1.7487
2.002
2.2776
2.2547
1.6347
2.0328
2.1477
1.6019
2.1592
2.0986
2.0848
1.8175
2.1646
1.9042
2.2391
1.7974
1.8761
2.6541
1.8573
1.9924
1.8621
1.8169
2.1244
1.8291
1.792
2.1097
1.537
2.1644
1.8528
2.2142
1.7929
2.0414
1.8621
1.9488
1.8642
2.5624
2.1902
1.727
2.1681
1.9482
2.1302
1.8871
2.1736
1.9081
2.3141
1.6007
2.6807
1.6508
1.9218
1.9585
1.6648
2.1837
2.0293
1.6868
1.8328
2.2402
1.5677
2.4601
1.726
2.1947
1.9656
1.9061
1.8441
2.3396
1.8638
2.235
1.9328
1.8741
2.178
1.8486
1.9613
2.1043
2.4119
1.7493
2.1565
2.2841
1.8162
1.9995
2.0831
1.7964
2.0259
1.9412
1.6814
2.1291
1.7704
1.7984
2.2453
1.9366
1.7312
2.2146
2.0138
1.9621
1.9918
1.7295
2.2253
2.0607
1.8098
1.5739
1.9908
2.0141
2.0536
2.0584
1.7165
2.1429
1.6763
1.978
2.2792
1.5395
2.5861
1.598
2.1431
2.0967
1.789
2.0651
2.0413
1.7422
1.8777
2.0125
2.1042
1.9743
2.0075
1.8631
1.8332
1.9127
1.8123
2.2031
2.0659
2.051
2.3841
2.4063
2.0566
1.6132
2.202
1.8065
2.0079
1.7111
2.0797
2.1846
1.9983
2.0112
2.4177
1.7878
1.9829
1.6716
1.899
2.0488
2.3891
2.0541
2.3157
1.5427
1.2902
2.1989
1.885
1.7779
2.5447
2.0359
1.7374
1.6523
2.3703
1.877
1.7661
2.4496
2.3812
1.8814
2.1481
2.0539
2.2046
2.0358
2.1409
1.4716
2.282
2.2014
1.9098
2.2828
1.8388
1.5837
2.2012
2.1033
1.6177
2.5476
1.6471
2.3935
1.3953
2.1585
1.8628
2.062
2.2675
1.6815
2.1142
2.1457
2.1898
1.8805
2.0111
1.8562
1.7435
2.0596
1.8597
2.0499
1.5867
2.6239
2.0666
1.8215
1.9706
2.5415
1.8288
1.8983
2.1146
2.1417
1.5938
2.0751
2.0858
1.8248
2.1995
1.7236
1.9011
1.7701
1.6016
1.596
2.3592
2.0718
1.8549
2.1557
2.1385
1.4768
2.092
1.9456
1.7542
1.8643
1.9438
1.8142
1.7095
2.1281
2.3458
2.0606
1.7853
2.139
2.0141
2.3808
1.8297
1.7844
1.4546
2.1172
2.1949
1.851
1.9732
2.072
1.8639
1.8221
1.5574
2.1218
2.452
2.0567
1.9306
2.487
1.7814
2.0145
2.154
1.8455
1.9874
2.105
1.9516
1.9891
2.0555
1.7122
2.423
1.7158
2.3876
1.6652
1.8684
2.2298
2.0623
1.878
2.6694
2.0498
1.8594
1.8026
2.0015
2.1198
2.1028
1.9744
2.2294
2.167
1.776
2.2051
2.2525
1.7286
2.3466
1.7135
2.0208
2.2586
2.1027
1.9284
1.8204
1.7647
2.2117
1.7841
2.2909
1.9134
2.1655
2.3487
1.4827
1.9817
1.9806
2.2907
1.9995
2.3435
1.8236
2.0342
1.8625
1.7528
1.8526
1.7123
1.7336
2.4194
1.7558
1.7342
2.5105
1.8771
2.2234
1.7092
2.1195
1.5459
2.2629
1.7362
1.8168
1.9511
2.3043
2.0484
2.0252
1.9768
2.2438
1.6931
2.361
1.8011
2.3317
1.912
1.801
1.9659
1.8579
1.9772
2.0211
1.7295
2.0288
2.2923
2.3577
2.0434
2.3435
1.4515
1.9756
1.9996
2.0078
1.7486
2.2275
1.7598
1.7765
1.9708
1.6266
2.1805
2.3316
1.9934
1.9754
2.0393
1.7953
2.066
1.9301
2.0045
1.8808
1.6038
2.2847
1.8358
1.9384
2.0171
1.6556
1.8514
2.2188
1.8907
2.2327
1.7164
1.9405
2.0553
1.8558
2.0978
1.8053
2.1197
1.8188
2.3462
1.7961
2.0635
1.61
2.1482
2.0384
2.2348
1.8396
1.8784
2.4291
1.7127
1.9338
2.415
1.9134
2.0338
1.6903
1.8597
1.8757
2.0265
1.9275
1.8657
1.836
1.9475
2.0675
1.5876
2.2289
2.3918
1.6218
1.6973
1.9749
2.3097
1.9103
1.7645
1.8406
1.9494
2.0006
2.0203
1.902
1.9384
1.8696
1.7399
2.0769
1.8673
1.8932
2.3492
2.075
1.8085
1.661
1.9686
2.3379
1.642
2.4243
2.0317
1.8763
1.8871
1.886
2.0506
1.8696
2.2932
2.0512
1.6046
1.9895
2.371
1.9267
1.7159
1.8759
1.9437
1.745
2.2541
1.5531
2.3749
1.7943
1.9187
1.8493
1.8344
1.731
2.3364
1.7826
1.8068
2.3603
2.1116
2.0906
2.1082
2.1332
1.9991
1.8316
1.6641
1.956
1.9339
1.8047
2.0986
1.9208
1.871
1.898
2.153
2.0244
2.2452
1.8923
2.145
2.2562
2.0715
1.9701
1.585
2.3201
1.5754
2.0332
1.7311
2.0073
2.2056
2.0648
2.2719
2.1338
1.7052
1.6522
2.0616
1.7443
2.0217
1.9566
1.7886
2.028
2.1
2.3342
1.6978
2.0735
2.2098
1.8004
1.7387
1.8024
2.4182
2.1535
1.9617
1.7009
1.6573
1.7028
1.9313
1.611
1.9907
2.2494
2.044
1.8992
2.124
2.1409
1.6126
2.6425
1.6211
2.2677
1.8679
2.039
1.6752
1.8422
1.5965
1.7443
1.8463
1.6058
2.3164
1.9794
1.4132
2.1676
1.7694
1.7065
2.0107
2.0032
2.1466
2.1518
2.1702
1.911
2.206
2.0082
2.039
1.8134
1.5091
2.0879
2.2031
2.2246
2.1504
2.0333
2.2549
2.0779
1.9458
2.4634
1.5946
1.9045
2.0921
1.8911
2.1633
2.1352
2.0956
2.1576
2.1556
1.5131
1.8248
2.2224
1.9096
2.4049
2.4577
2.1811
2.5351
1.5528
1.8498
2.0118
2.5249
1.8316
1.8543
1.8376
1.8462
1.9877
2.1643
1.9677
2.0324
2.2486
1.7194
2.3059
1.9368
1.7026
2.1796
1.7613
2.5668
1.7952
2.1156
2.1765
2.2559
2.3525
2.254
2.0381
2.2576
2.1466
1.8531
1.9996
1.8392
1.9431
2.0067
1.5164
1.8547
2.2692
2.0724
1.9137
2.23
2.0417
1.7977
2.0561
1.5478
1.9203
2.0296
1.8791
1.57
2.326
1.9384
2.1324
1.7801
1.9647
2.0314
2.4004
2.0664
1.7278
2.6043
1.507
2.3516
1.8965
1.6332
2.1613
2.0299
1.9705
1.9996
1.8529
2.0225
1.8717
2.1328
1.6744
2.4516
1.7178
2.0229
1.9613
1.7431
2.0435
2.5892
1.8514
1.8982
1.9462
2.2959
1.9266
2.2394
1.6684
2.1794
1.8076
2.0025
1.8128
2.0457
1.9652
2.2969
2.0794
1.7728
1.4066
2.1872
1.9509
2.2507
1.8243
1.8752
1.6152
2.4174
2.1613
1.8849
1.8899
2.0904
2.23
1.9365
1.6578
1.701
2.2497
1.6128
1.8762
2.1071
1.6779
2.2471
1.7081
2.1667
2.0988
2.1061
2.271
2.0781
1.8102
2.1151
1.9021
1.908
1.88
2.3124
1.954
2.2545
1.6022
2.0188
2.1208
1.6804
1.6324
2.0914
1.9407
1.9687
2.0861
1.9595
1.8493
2.3266
2.0062
1.6861
2.1165
1.681
2.2155
1.898
1.4677
1.9659
2.1783
1.972
1.8668
1.6866
1.8374
1.9902
2.0927
2.0023
1.963
1.4225
2.4435
1.709
1.7449
2.318
1.9807
1.8289
2.0888
1.9709
2.0308
1.8396
2.2411
1.6822
2.1742
1.9682
2.0902
2.2381
1.6349
2.1032
2.12
1.8733
2.3798
1.5805
2.4025
1.7497
1.9556
2.0745
1.8884
2.028
2.1167
1.7885
1.8619
2.0325
1.6089
2.0175
2.236
1.9104
2.3141
1.8504
1.6616
2.4013
1.8973
1.997
2.3834
1.878
2.2478
1.8482
1.6952
2.4314
2.0195
1.6725
2.0531
2.1897
1.857
2.3301
2.0126
2.3797
1.8378
2.0548
2.018
1.9641
1.5566
2.03
1.7551
2.1604
2.0645
1.8354
2.0044
1.784
1.9993
2.1299
2.1244
1.9969
1.8929
1.7098
2.3758
1.9746
2.0211
1.9675
1.7971
1.9022
2.1851
1.6746
2.1151
2.0998
1.6872
2.0461
1.9078
2.0605
2.0127
1.8734
1.7157
2.1141
2.0162
1.9993
1.8138
2.235
2.3652
2.0702
2.2725
1.5078
1.789
2.5015
1.8388
2.1756
1.9085
2.3547
1.7739
2.1037
2.2589
2.1197
1.995
2.3471
2.2602
1.9569
2.0418
1.7345
1.9351
1.6773
2.2396
1.7422
1.7844
2.0439
1.9711
2.4399
1.5428
2.3117
1.5359
1.9925
2.287
1.7307
2.119
1.9404
1.726
1.8074
2.0049
1.8571
2.1172
1.8802
2.0932
1.5854
1.9028
1.8995
2.0554
2.4321
1.7671
2.1256
2.0477
2.4139
1.7008
2.0707
1.9538
2.0396
1.7753
2.0138
2.1134
2.0296
1.9718
2.087
1.6426
2.3449
1.5898
2.0007
1.9864
2.2037
1.8477
1.8941
2.377
1.9241
1.7583
1.9606
1.8003
1.6957
2.2428
1.9586
1.8824
1.7637
1.9284
1.9485
2.0442
2.3518
1.8445
1.8508
1.9407
2.1637
1.8145
1.7816
1.9109
1.9526
1.9501
2.1432
1.8365
2.0162
2.5016
1.5782
1.6556
2.2216
1.6611
1.9612
2.2333
1.7862
1.412
2.2507
2.0026
1.9131
1.8884
1.797
2.2495
1.5473
2.1614
1.9724
1.9203
1.8244
2.1694
1.8288
2.0341
2.0046
2.014
2.0101
1.8
2.1322
1.9952
1.9123
2.2877
1.8441
1.9166
1.9512
1.9789
2.2695
1.4772
2.2964
1.7872
2.5703
1.9418
1.8483
1.9557
2.0153
2.2053
2.1765
1.9613
2.0659
2.3281
1.69
2.3631
2.0682
1.8986
1.9079
2.1217
2.1113
2.0701
1.904
2.0179
1.7225
2.3967
1.5726
1.8951
2.2513
1.801
2.127
1.8024
1.9307
2.2697
1.9321
1.8383
2.1749
1.9981
1.9932
2.0124
1.9726
2.065
1.8464
2.175
1.757
2.2304
1.833
1.7811
1.9331
2.1707
1.9066
1.9799
1.648
2.2833
1.9014
1.9556
2.0901
1.9392
1.9337
1.764
1.9741
1.7888
2.8326
1.8089
2.5401
1.7709
1.8051
1.8263
1.9636
1.6689
2.1908
2.2865
1.8756
1.8756
1.7524
2.5889
1.7934
1.7572
1.9551
2.1372
2.51
1.8072
1.5687
2.3546
1.7502
1.7459
2.1165
2.0353
2.2128
1.3901
2.2027
1.8342
2.3069
1.5098
2.312
2.0977
1.9822
2.2919
1.5803
1.946
2.1781
1.7411
2.2327
1.999
1.6759
1.9409
2.1813
2.1106
1.7566
2.2726
2.3024
1.7314
2.4658
1.8472
2.3313
1.9219
1.6822
2.3436
1.6827
1.9465
2.1021
1.8476
1.8697
2.1028
1.6791
2.1873
2.1339
1.9933
2.0014
1.9849
1.9803
1.8161
1.9249
1.8152
2.1097
2.357
1.9375
1.5757
1.8632
2.3917
2.0395
1.8756
2.0503
1.7956
1.9832
1.8265
2.4057
1.7917
2.0845
2.1547
2.0208
2.1091
2.1103
1.7711
2.2731
1.7516
2.0186
1.9908
2.0486
1.6674
2.2115
1.6531
2.5345
1.8548
2.0858
2.0653
1.6553
1.7606
2.2717
1.8729
2.0381
2.1856
1.5795
2.1121
1.9274
1.8272
1.9885
2.0465
1.3899
2.076
1.7567
1.9301
1.7157
2.361
1.8185
1.8935
1.6864
2.2986
1.6204
2.1328
1.7089
1.4999
3.0634
1.4365
1.8584
2.0937
2.1285
1.7568
1.9317
1.9524
1.7511
1.7198
2.0179
1.8091
1.743
1.9204
1.537
2.4918
1.9821
2.0523
2.0679
1.8381
2.1933
2.1528
1.7594
1.842
2.2779
2.1538
2.0786
2.2365
1.7248
2.1691
2.1158
1.8717
2.4903
1.89
2.0781
2.3866
1.7214
1.7836
1.9415
2.3447
1.7025
2.4079
2.0065
2.0059
1.7002
1.7107
2.1895
2.0197
1.8842
1.9975
2.1714
1.8996
1.9536
2.6081
1.5812
1.988
1.8445
2.2399
1.7338
2.0636
2.0424
2.0169
1.8239
1.9917
2.0064
2.6603
1.7178
1.8992
1.9597
1.7801
2.0396
1.8052
1.5874
1.786
1.8769
2.3869
1.5515
1.6997
2.163
2.1336
1.7481
2.3342
2.1046
1.6159
2.2987
1.7284
1.8217
1.8258
2.2418
2.1453
1.6101
2.1686
1.9861
2.0308
1.9438
1.7527
2.1818
2.0513
1.9271
1.7585
2.1661
1.8784
2.3051
1.6439
2.1551
2.0707
1.8527
2.3446
2.012
2.2347
1.7797
1.8595
2.2701
2.1747
1.8817
1.9659
1.9626
1.9533
1.9571
2.0355
2.2756
1.753
1.8409
2.2502
1.7633
2.3081
1.4958
2.3123
1.8209
1.8406
1.9133
2.228
2.0651
2.3172
2.0526
1.8152
2.0705
1.7276
1.813
1.8217
2.2423
2.0091
1.8669
2.0992
1.979
1.961
2.0617
1.557
2.7742
2.2947
1.9605
2.0737
1.6069
2.3777
2.1521
2.1261
2.0475
1.7766
1.7706
1.8551
2.1262
2.0563
1.9502
1.9736
2.4927
1.5322
2.5033
1.9499
1.8266
1.982
1.4429
2.4938
1.6969
1.6986
2.0918
2.1438
2.1632
2.001
1.7319
2.1161
1.5817
2.1981
2.119
1.8618
2.3354
2.0178
2.2994
1.9667
1.9851
2.0635
2.1339
1.703
2.2124
1.9178
2.013
1.9554
2.3487
1.8614
1.7467
1.7113
2.4104
1.94
1.8579
2.0606
2.1123
1.9967
2.3869
1.7399
2.2174
1.6413
2.0098
1.8713
2.2114
1.9652
1.7824
1.8287
2.5278
1.9642
1.7536
2.1582
2.096
1.8708
1.7408
2.1362
2.0505
1.9107
1.7253
1.6793
2.1033
1.8461
1.8559
2.1243
1.9029
2.288
1.8753
1.8208
2.0322
2.109
1.9689
1.8512
2.0682
1.7864
2.2643
1.5133
2.6539
1.6108
2.2075
1.9373
2.1004
1.4861
2.3921
2.2596
1.7367
1.8136
1.7957
2.1661
1.5396
2.482
2.2864
1.6538
1.6197
1.8613
1.8967
2.2602
1.8439
2.3626
1.5998
2.2072
1.8285
1.5212
2.2767
1.9544
1.7917
2.033
1.9968
1.942
1.9644
1.9753
1.9871
1.862
2.1608
1.9935
2.3425
1.6665
2.1587
1.9177
2.2062
1.9983
2.2391
1.9939
1.5742
2.0467
1.9889
1.7756
1.9556
2.0677
2.0389
2.1554
1.876
1.8093
1.9653
2.2888
1.634
2.014
1.9761
1.7475
2.2254
1.9318
1.6313
2.2032
1.7562
1.9147
2.2909
2.24
2.2492
2.0403
1.9015
2.466
1.8344
1.7268
2.3212
2.647
1.7399
1.9835
1.9867
1.847
1.9862
2.1809
2.3376
1.5684
2.2667
2.0075
2.1055
2.3311
1.7127
1.9245
2.1507
2.0404
2.0796
1.7224
1.9462
1.9658
1.7774
2.0992
2.0166
2.1479
1.91
1.7157
2.1349
1.9745
2.0858
2.2145
1.9349
1.8657
1.7026
1.8775
1.8867
2.4254
2.0883
1.6998
2.265
2.0992
2.1707
1.9376
2.1895
2.0848
1.6917
1.893
2.1481
1.7462
2.134
1.9099
2.6603
1.5788
2.0804
2.2097
2.1853
1.9034
2.0926
1.9195
1.6508
2.1919
2.1104
1.8857
2.0823
1.9866
1.9868
2.0329
1.6367
2.0872
2.2791
1.3967
1.9216
1.9748
1.8956
1.7561
1.9819
1.898
2.0529
1.6667
2.4918
2.2473
1.8014
1.6507
2.458
2.0411
1.738
2.0872
1.7728
2.1593
1.8379
2.2735
1.922
2.0423
2.0176
1.9814
1.9682
2.1118
2.019
2.1424
1.8313
2.4141
2.0371
1.8727
1.6458
2.0567
2.3796
1.7051
2.0347
1.5544
2.1548
2.0978
2.3454
1.7598
1.7163
1.6236
1.9587
1.9217
2.3902
1.7477
2.078
2.2599
2.1149
2.0287
1.8035
2.3607
1.9145
2.0486
1.9582
1.6774
1.9847
2.0813
2.125
1.6043
1.9819
1.9474
1.8613
1.6549
2.5646
1.4311
2.1715
1.5248
1.9625
1.5506
2.1721
2.0896
1.9955
2.4891
2.2305
1.9988
1.9996
2.0847
1.9717
2.4093
1.6663
2.1834
2.0617
1.5326
2.362
2.1021
1.5116
2.2504
2.0032
1.9764
1.8801
1.7552
2.59
1.6397
2.1392
1.8446
2.1026
2.3121
1.6793
2.0438
2.2805
1.7522
2.0326
2.0075
1.9774
2.0645
2.098
2.3024
2.0491
1.7222
1.8003
1.7359
1.9808
2.0923
1.9739
1.8099
2.1541
1.8794
1.9864
2.2123
1.8979
1.956
2.2063
1.855
1.9964
1.8899
2.0302
2.0588
2.0909
2.0349
1.8017
2.3735
1.7617
1.9515
2.0066
2.1135
1.7341
1.9701
1.7982
1.8213
2.0851
1.9405
1.8578
2.323
2.052
1.9574
1.4243
1.7612
2.0081
1.9943
2.2362
2.0791
1.907
2.2454
1.7923
1.8956
2.0671
1.9273
1.9466
1.8752
2.3087
2.0403
1.7112
2.0479
2.3597
2.4009
1.8375
2.0406
1.6528
2.0848
2.1385
1.907
2.0307
1.8155
2.0316
2.1607
1.6288
2.134
2.1871
2.0118
2.0068
1.8017
2.3079
1.8249
2.0005
1.7775
1.9002
2.1801
2.1808
2.0888
1.9314
1.8252
1.8372
1.9528
2.4416
1.725
2.3323
1.9751
1.9861
1.9144
1.7609
2.1915
2.0842
1.5974
1.7225
2.2739
2.1427
1.5843
1.8715
2.0581
2.1816
2.2681
1.8689
1.9838
2.1998
1.9278
2.0158
1.8942
1.6961
2.391
1.8576
2.1188
2.0548
1.6766
2.0705
2.4098
1.3926
2.0713
2.1194
1.5091
2.159
1.8553
2.1932
1.9871
2.3072
2.0631
1.7029
2.2819
2.1596
2.1585
1.5649
2.0166
2.2976
1.8903
1.7897
2.4076
1.6262
1.9126
2.0575
1.7308
2.1583
2.0301
1.9105
1.8103
1.8784
2.4544
1.5532
2.0993
2.1477
2.1096
2.2042
2.0514
2.6197
1.4149
1.9919
1.7684
2.01
2.0813
1.9735
2.2354
1.6869
1.971
2.0734
1.7458
1.8635
2.1768
1.8872
1.9838
2.132
1.8624
1.9109
1.8504
2.1775
2.1271
2.0014
2.361
1.7849
1.6875
1.8976
1.867
2.0746
1.9595
1.4578
2.4238
2.2197
1.8269
2.2709
1.7389
2.044
2.2387
1.9683
2.1863
1.4916
1.6246
1.766
2.1807
2.0008
2.2267
1.6357
1.8042
2.1562
1.7131
1.9748
1.9992
1.9567
2.0522
1.5723
2.3329
1.8763
1.7167
2.2318
1.9583
1.7243
1.9506
1.9225
1.905
2.251
2.1348
2.0191
2.2661
1.8207
2.355
1.7345
1.9572
1.8616
1.8407
1.8214
1.8533
1.6259
1.8893
1.8832
1.9386
1.9637
2.1267
2.0758
1.9239
2.0948
2.0095
2.0258
2.392
1.8123
1.8278
1.9391
1.7238
2.0644
2.1463
1.7952
1.8406
2.1411
1.8964
1.702
2.0245
1.6402
2.1548
2.1485
2.0294
1.6925
2.4921
2.1218
1.9831
2.0877
1.6914
2.2737
2.1555
1.9522
1.9647
2.0981
1.5631
2.1528
2.0378
1.5065
2.1463
1.9833
1.4937
1.9778
2.2938
2.2355
1.9687
1.9534
1.9678
2.1343
2.1866
2.1241
2.1029
1.8205
2.033
2.0344
1.8506
2.4536
1.8516
2.0813
2.0018
1.7237
2.5443
1.772
2.4509
1.7699
1.9189
1.5831
2.1899
1.6487
1.9602
2.128
1.7056
2.2384
1.9637
2.0282
2.0114
1.8171
2.1838
2.0795
2.0168
1.965
1.9896
2.1007
2.3846
1.9054
2.27
2.2305
1.979
2.051
2.1664
1.9973
1.8948
2.0343
1.6853
2.1551
2.2017
1.9476
2.1606
2.1654
1.7034
2.0846
2.4275
1.7176
2.07
2.3143
1.7061
1.9693
1.8779
2.2778
1.7874
2.0642
1.9042
1.44
2.0572
2.0768
2.1311
1.8658
1.8262
1.9796
1.9186
2.1875
1.6864
1.8275
2.2238
2.0897
2.0244
1.6687
1.8188
1.9052
1.8205
1.8452
2.2125
2.0605
1.6215
2.2658
1.7284
1.9867
2.1143
1.7806
2.1766
1.9412
2.3013
1.7633
2.161
2.0642
1.954
1.898
2.0352
2.1643
2.3008
1.8002
2.0132
1.8456
2.4504
1.9345
1.8129
2.0225
1.6298
1.9263
2.244
2.0722
2.0899
1.6192
1.8196
1.547
2.2973
1.9606
2.0926
2.1662
1.5927
2.001
2.0355
1.9807
1.9767
1.6696
2.222
2.2357
2.0958
2.1981
2.0712
1.8251
2.013
2.4728
1.8439
1.7452
2.0645
1.8197
2.0311
2.3061
2.0946
2.0387
1.7981
2.2748
2.0316
2.0833
1.9336
1.7312
2.0458
2.3136
1.8108
2.2752
1.8825
2.0397
2.0699
2.3625
1.7117
2.131
2.2319
2.0686
2.0126
2.0122
2.2078
1.621
2.0573
2.0599
1.9176
1.9246
2.3042
2.0601
2.1447
2.1398
2.1209
1.7143
2.2054
2.0378
2.2647
2.1148
2.2209
2.0094
2.0538
1.7455
2.5241
2.1444
2.0423
1.8851
1.9326
2.1783
1.8932
2.0784
2.2001
1.4219
1.8756
1.6315
2.2287
1.8137
2.2779
2.149
2.0485
1.7471
2.5222
1.7695
1.8435
2.0006
2.0198
1.8425
1.8674
1.9052
1.635
2.037
2.0096
2.0815
2.2943
1.6409
2.1103
2.0882
1.7079
2.5982
1.9568
1.9054
1.9487
1.9084
1.9208
1.8305
2.0651
2.1228
2.0012
1.8121
2.0786
1.6792
2.2045
1.8681
2.265
2.0712
1.9452
1.9475
2.083
1.8257
1.9349
1.5248
1.6814
1.999
2.2844
1.7104
1.6536
2.4102
2.257
2.1885
2.0321
2.0186
2.6931
1.4769
2.3538
1.61
2.1478
2.042
2.2226
2.2169
1.9943
2.2184
1.8554
1.8923
2.3175
1.776
1.9815
1.542
2.0278
2.0989
2.3147
1.8789
2.2591
1.4237
2.0049
2.3895
1.9099
2.0888
2.3576
1.8559
1.9203
1.9164
2.0232
1.9323
2.1174
1.9648
1.9939
1.6978
2.3323
2.0452
1.8914
1.6699
2.042
1.9784
2.0218
1.8826
1.7368
2.0973
1.983
2.1318
1.5849
1.8196
2.0542
1.6107
2.3492
1.867
2.0381
1.8704
1.8397
2.05
1.5376
2.2267
1.6932
2.5272
1.7104
2.2557
2.1164
1.8498
1.8959
2.1307
2.1165
2.0118
2.1675
1.7095
1.8593
1.8906
1.6984
2.0433
2.4965
2.1609
2.3313
1.6232
2.3864
1.8146
2.0482
1.9114
2.0659
1.9165
2.0214
2.1051
1.7128
2.3398
2.2281
2.2204
1.6415
2.1548
1.7545
2.1066
1.8974
2.1325
1.5931
2.0337
1.8522
1.7419
2.4941
2.0243
1.9798
1.879
1.8683
2.1556
1.7125
2.041
2.2418
1.7908
2.1679
1.7178
2.1147
1.9835
1.7248
1.8846
1.8871
2.0525
2.3682
2.3323
1.4903
2.1329
2.057
2.1502
1.8763
1.6484
2.3951
1.7465
2.2522
1.7375
1.907
2.0139
1.8192
2.0658
1.9849
1.6001
2.4983
2.0036
1.7495
2.1392
2.3623
2.0124
2.5329
2.3947
2.1871
1.6923
1.8707
1.6726
2.5137
1.9153
1.8287
1.8432
2.1671
1.9562
1.9363
2.1955
1.6441
2.014
1.8639
1.9704
2.0917
2.0255
1.5514
1.3773
2.4185
1.9874
2.1576
2.1231
1.9923
2.0811
1.7402
2.0201
2.0699
1.7956
2.0807
2.0274
2.1332
2.2796
1.7842
2.0209
1.8315
2.2354
2.2453
1.4144
1.9121
2.2015
1.8475
2.0052
1.6906
2.3544
1.614
2.1583
2.1535
1.73
1.8046
2.2811
2.1413
1.8436
2.1109
1.8438
2.0029
2.3782
2.1451
1.8619
2.1613
1.4834
2.3737
1.986
1.7989
2.0443
1.5741
2.3088
2.0056
2.0223
1.8234
2.1273
1.4093
2.2288
2.0395
1.8471
2.1262
1.6089
2.1678
2.2311
1.5488
2.1615
2.4572
1.7163
2.6591
2.0061
1.6826
1.698
2.2395
2.6703
1.4791
1.9338
2.0069
2.426
2.0042
1.9987
1.9527
2.0227
2.2142
2.0325
1.7138
2.513
1.876
2.294
1.8066
1.8586
2.1044
1.9259
1.871
2.0878
2.1146
1.5736
1.9425
1.9669
2.2378
1.8092
2.5877
1.5518
1.8666
2.0727
1.6577
2.214
2.0835
1.8379
2.2826
1.94
1.7706
2.1163
2.0688
1.844
2.0566
1.6424
2.2628
1.7324
1.9755
1.7697
1.9578
2.2052
1.8174
1.8994
1.8931
1.7289
2.0033
2.0956
1.8015
1.666
2.1197
1.9372
1.6929
1.9983
2.305
1.7057
2.2222
1.992
2.0789
1.7959
1.624
2.1427
2.3659
2.2763
2.0386
2.5459
1.9621
2.1087
2.3777
1.7292
1.9639
1.9238
1.8137
2.0883
1.8566
1.9573
1.7714
2.0697
1.7636
1.9702
2.1648
2.0698
2.0003
2.2557
2.0526
2.1316
2.2533
1.6762
2.1641
2.2096
2.4156
1.9287
1.5183
2.1854
2.082
1.9579
2.5698
1.8603
2.2154
1.6909
1.8949
2.1906
2.5108
1.7526
2.0056
1.8146
2.4037
1.7371
1.873
1.7252
1.8945
2.6285
2.1987
1.7971
1.9692
1.7125
2.1067
2.3151
1.5584
2.1714
2.2222
1.92
1.5348
2.0796
2.0068
1.7933
2.2789
1.8764
2.057
1.6949
2.2738
2.238
1.9731
2.3009
2.1981
1.7672
2.0808
2.1946
1.6071
2.17
1.9137
2.4525
2.1442
1.8583
1.9861
2.354
1.7581
2.0885
1.9137
1.9451
2.2245
2.2998
2.0121
1.9869
1.926
2.0574
1.3736
2.3016
1.8449
2.3895
1.4416
2.301
2.0149
1.9643
1.8031
2.2045
1.579
1.9457
1.6302
2.1478
1.7439
1.7558
2.0276
1.9743
1.8446
1.8537
1.6659
2.2171
2.0407
1.7698
2.0851
2.0631
1.9015
2.2126
2.1887
2.0238
1.9474
1.7059
2.0956
1.6356
1.7112
1.6521
1.9035
2.2536
2.1316
1.9093
1.7342
2.0142
1.8366
2.1159
2.0604
2.0199
1.9851
1.9608
1.8271
1.7394
2.026
2.6616
1.6306
1.9106
1.7735
2.0019
2.1131
2.1355
1.6039
1.9454
1.6038
2.5232
1.9969
1.8951
1.8557
1.9298
1.8014
1.6769
2.4691
2.2619
1.74
2.3185
1.9885
2.0771
1.838
1.9682
2.2189
2.3791
1.7384
2.056
1.9448
1.9832
1.9399
2.0428
2.1682
1.664
1.8995
1.6937
2.287
2.2314
1.6659
1.7414
2.0739
2.0439
1.8376
2.2381
2.1021
2.1176
1.7979
1.8359
2.0222
1.9213
1.8875
1.8872
2.1426
2.0608
1.8431
1.9516
1.8496
2.126
2.1944
2.3585
1.923
1.9512
1.9493
1.8686
2.1092
2.2032
1.9883
2.0173
2.2425
1.9892
2.1132
1.7897
2.0196
2.5029
1.9676
2.2731
1.9469
2.007
2.15
2.2437
1.9519
2.2334
2.0358
1.8484
1.6783
1.9132
2.1969
1.5837
2.2613
2.1193
1.5842
2.3308
1.9595
1.9242
2.3769
1.7047
2.0421
2.2903
1.941
1.7077
2.1028
2.1384
2.1883
1.8843
2.0894
1.4847
2.2728
1.7213
1.9474
1.9033
1.8932
2.2231
1.6424
2.1603
2.1202
2.1431
1.8133
2.4733
1.7888
1.8936
1.86
1.896
1.8105
2.0022
1.9732
1.94
2.0251
1.6926
2.0992
1.7567
2.2718
1.778
2.1924
1.5939
1.9453
1.9091
1.9073
2.3856
1.7121
1.7383
1.9932
1.89
2.0184
2.1577
2.003
2.0498
1.927
1.95
1.9441
1.9891
2.0279
2.279
2.049
1.8603
1.9729
1.9493
2.3797
1.8435
2.0575
2.0719
2.04
1.7611
1.8202
2.0951
1.9257
2.0423
1.4672
2.0998
1.999
3.0618
1.7273
1.8081
2.0451
2.1418
1.8246
2.0182
1.9522
1.9839
1.9981
1.6215
2.1783
1.9353
2.4145
1.6951
2.1369
2.0833
1.8217
2.0252
2.1015
2.0017
2.1178
2.0353
1.7706
1.9822
2.047
2.3599
1.9624
1.5366
2.254
1.9064
1.9991
2.1315
2
1.9115
1.8289
2.0262
1.9681
1.9171
2.2407
2.3313
1.8959
1.8675
2.0563
2.0814
2.0704
2.1886
1.9462
1.7351
2.1588
2.3102
2.3003
1.6435
1.9586
2.1284
1.7184
2.0229
2.0032
1.8265
1.7551
1.9527
1.7474
2.0274
2.2884
1.9424
1.7877
2.189
2.1391
1.9186
1.8099
1.9477
2.1492
1.9136
2.0778
1.8162
2.3573
2.1357
2.0388
2.0954
1.5701
1.5812
2.3707
2.0632
2.172
2.0977
2.0711
2.1163
1.583
2.2388
2.0283
1.8082
2.0512
1.9826
2.4071
1.8721
2.0792
2.1813
2.1493
2.2279
1.5438
2.2596
2.0744
2.0605
1.987
1.7759
2.118
2.057
1.9829
1.963
2.1593
1.9467
1.7328
2.0508
1.8738
2.5623
1.8243
1.6087
1.997
2.4724
1.6805
2.0245
1.8358
2.2733
1.8651
2.0728
1.8196
1.8979
2.1482
1.6547
1.9359
1.9793
2.146
2.0331
1.8335
2.1489
1.5134
2.2964
1.8485
2.1056
2.0104
2.4157
1.8756
1.8092
2.222
1.8749
1.4635
1.9009
2.0197
1.9411
2.0931
1.8965
1.8053
2.2895
1.7872
1.7499
1.507
2.1283
2.1829
2.2448
1.5087
2.2199
1.7839
2.2525
1.7888
1.9934
2.4524
2.3981
1.9206
1.587
1.9891
2.1095
1.8019
1.9983
1.9164
1.7019
2.2048
2.5054
1.9116
1.8749
2.2859
1.9074
2.0449
1.9228
2.1381
2.1203
1.8439
2.1516
1.8073
1.9235
2.0024
1.8722
1.9886
1.8856
1.8817
2.1476
2.16
2.0352
1.8992
2.0686
2.1534
1.8721
2.3768
2.0375
1.7821
2.1039
2.231
1.7146
2.296
1.5761
1.874
2.2303
2.2562
1.753
1.6264
2.2842
1.5408
1.9219
2.4287
1.8399
2.1637
1.9166
2.2119
1.5693
2.1882
2.1823
1.8289
2.059
1.7586
1.9123
1.8409
1.8942
2.3107
1.9402
1.7028
2.3379
2.0695
2.1377
1.7012
2.1161
2.1181
2.1949
1.975
1.6321
2.0463
2.0107
1.8094
2.252
1.6843
1.8458
1.8901
1.796
1.9012
1.8437
2.1052
2.1946
1.6087
2.1165
1.8179
1.9964
2.3855
1.5553
2.017
1.8773
1.8486
1.8403
2.3558
1.7092
2.0322
2.089
1.9576
2.2804
1.7441
2.2942
1.6769
1.8667
1.9354
2.0884
2.2187
1.8298
1.771
1.8138
2.1393
1.9673
2.3143
1.6529
2.0217
1.6416
1.9775
1.8727
2.075
2.0042
2.1319
2.0957
1.9108
2.0416
1.8862
2.3585
2.0644
2.0398
1.7227
2.1042
1.7981
1.6736
2.0888
2.0667
2.1715
1.6177
2.1765
2.2377
1.9215
2.0728
2.2769
1.8361
2.1321
2.0688
2.2125
2.1118
1.7478
2.1378
2.0128
1.5941
2.0667
1.5415
2.0832
2.2635
1.7145
2.0093
1.6988
2.3269
1.9319
2.2387
2.0204
1.9884
1.4613
1.6181
2.1863
2.028
1.8633
2.1118
1.8871
1.4937
2.0096
1.9775
1.95
1.7197
1.7588
2.0641
1.7917
2.0624
2.0948
2.1895
2.2814
1.634
2.1218
2.2824
1.8024
1.8748
2.1121
1.891
2.0652
2.0894
2.0774
2.1009
1.2879
2.5556
1.8322
1.9977
2.1557
1.6222
2.1408
1.8496
1.826
1.7575
2.4428
2.2403
1.9433
2.0594
2.0075
2.0501
1.944
2.32
2.1666
1.652
1.8509
1.9418
2.3956
2.0983
1.6132
2.1571
1.6831
1.6383
2.2695
1.6864
2.1324
1.912
2.3026
1.7639
2.532
1.4294
1.9468
1.9866
2.4002
1.637
1.4868
1.8842
1.8465
2.2503
2.0324
2.0002
1.8631
1.5426
2.2164
2.1358
1.3979
2.5115
1.7682
1.9052
1.9687
1.7923
2.1759
1.7241
2.3115
1.7798
1.8572
1.6194
2.6372
1.4881
1.9355
2.067
2.2105
2.017
1.9558
2.2727
1.9002
2.1292
1.7776
1.6084
1.5616
2.2488
1.9442
2.3431
1.999
2.0074
2.036
1.7569
1.6701
2.0984
1.9838
2.3222
1.8005
2.4572
1.6928
1.7014
2.0341
1.8109
2.3686
1.4888
2.4017
1.9797
2.1044
1.5997
2.2971
2.1645
1.7395
1.9301
2.1653
2.3026
1.8906
2.346
2.1342
1.7255
2.0663
1.5258
2.0135
1.8797
2.1638
1.6174
1.7322
2.2617
2.1209
2.2938
1.92
2.1849
1.8836
1.8777
1.6291
1.689
2.0099
1.8739
1.807
1.9858
1.7019
1.9809
2.0855
1.916
1.6144
2.1437
1.6807
2.3056
2.0469
1.7187
1.7347
2.021
1.9013
2.2583
1.8871
1.4944
2.1408
2.1464
1.7564
2.1261
1.9566
1.6843
2.0228
1.832
2.1218
1.8478
1.8886
2.2093
1.8715
1.8106
1.7665
1.9909
2.2172
1.5313
1.742
2.0065
1.9521
2.1033
2.2329
2.2858
1.6716
1.9906
2.1422
1.7114
1.8815
1.9646
1.707
1.7155
1.8934
2.2031
2.3232
1.9879
2.2516
1.7609
1.8172
2.5236
1.7159
2.1429
2.2097
2.1888
1.861
1.8582
1.8162
2.5906
1.58
2.2221
1.7516
2.2711
1.6005
2.0266
2.1054
1.5961
1.9571
1.822
1.9018
1.7196
1.9428
2.186
2.2436
1.6477
2.587
1.6043
2.2765
1.8405
2.045
2.303
1.7481
1.7077
2.1531
1.8569
2.2203
1.9844
1.5523
2.3564
1.9299
1.8186
1.888
2.1756
1.8909
1.8818
2.392
1.6219
1.808
2.2164
2.0226
1.8049
2.3685
1.8138
2.1069
1.9867
2.2771
1.71
1.8488
2.0696
2.14
1.6828
2.2611
1.9885
1.6428
1.7137
2.5987
1.9544
2.1618
1.5911
2.1495
1.9565
1.7188
2.0433
2.0331
2.1908
1.8638
2.1966
1.7808
1.9977
2.1655
2.1676
1.9198
1.7881
1.7634
1.8365
1.8406
1.9866
1.7872
2.1694
2.2582
2.0977
1.9134
2.1189
2.0036
2.2456
1.849
2.123
1.9599
1.882
1.9022
2.0557
2.0448
2.263
1.866
2.3336
1.813
2.1811
1.9974
1.8985
2.1922
1.9291
1.957
1.6876
2.0998
2.217
1.9718
2.2126
1.9444
1.9023
2.2608
1.6214
2.0813
1.884
2.5039
1.7444
1.9709
2.0011
1.8511
1.8673
2.149
1.5887
2.5565
2.3133
1.7587
2.0436
1.7289
1.8744
1.7791
1.8302
2.0828
1.7203
2.2863
3.0469
1.5827
2.4827
1.6883
1.8734
1.5363
2.006
2.1691
1.7709
2.4202
1.7901
1.8442
1.8526
1.8741
2.1252
2.2915
1.8173
2.1917
1.7033
2.0041
1.9364
1.9204
2.1742
1.8494
1.5233
2.5166
1.4679
2.5177
1.9373
1.6098
1.7457
2.0775
1.8784
1.9302
2.3369
2.1077
1.8114
1.8664
1.6335
1.802
2.2583
2.0287
1.743
2.3027
2.3769
2.1697
1.9307
1.4403
2.3864
1.556
2.1763
1.9418
2.0025
2.0971
2.0112
2.0604
2.0502
1.6186
2.274
1.7775
1.8235
2.1378
2.1677
2.3184
1.8254
1.9239
2.2808
2.2462
1.8243
2.2397
1.6172
1.8556
1.9078
2.0548
1.7117
2.1353
2.4854
1.5582
1.8643
2.2077
1.7118
1.9601
2.1311
2.4663
2.0802
1.6101
1.9588
2.2593
1.5092
2.2031
1.6978
1.7484
2.4123
1.7567
1.9075
1.9739
1.9137
2.0703
1.9308
1.9643
1.8878
1.7855
2.4192
1.3881
1.9032
1.994
1.8751
1.9565
2.3236
1.483
1.4998
1.9066
2.2631
1.6892
2.1036
2.1471
1.9487
2.286
1.7297
2.0498
1.5868
2.234
2.1087
1.8165
2.2471
1.8526
1.594
2.017
2.0297
2.1835
1.5796
1.8961
2.426
1.5848
2.388
2.0486
1.8857
1.7275
1.8145
1.9396
2.5988
1.7599
1.8123
1.6844
1.7336
2.1316
1.9072
1.331
1.9647
2.4507
1.792
1.6848
1.7942
1.9867
2.0782
2.167
1.6801
1.8043
1.8362
1.9876
1.938
1.7881
1.8112
1.6967
1.5117
1.9723
2.3141
2.1425
1.9571
2.2943
1.7981
2.0707
1.6846
2.307
1.9171
2.0134
2.0024
1.6384
2.0431
2.0531
1.9054
1.8585
2.0377
1.8574
1.8302
1.7959
1.8225
1.7915
1.8059
2.0684
2.1585
1.8797
1.8328
1.6041
2.028
1.7907
2.1897
2.0389
1.7879
2.0228
2.2198
2.0134
1.8949
1.7083
2.1834
2.0481
2.2869
1.7712
1.9166
2.1853
2.1697
2.1009
1.9561
1.7179
1.9037
1.6885
2.138
1.9322
2.2235
2.0509
1.7778
1.9074
1.9534
2.0687
1.8657
1.7924
2.0156
2.1718
1.8146
2.3227
1.8999
2.3839
1.8624
2.3766
2.0228
1.6568
1.6799
2.7261
1.6814
2.4504
1.7651
1.722
2.2519
1.9918
2.0127
1.5985
2.0494
1.7005
2.4535
2.2823
1.8822
2.0917
1.8834
2.2052
1.6557
1.868
1.724
2.1149
1.8877
1.7029
1.9308
1.7885
2.1397
2.0653
2.1383
2.0902
2.003
1.9725
1.8569
2.0429
1.9662
1.6718
1.8742
1.9169
2.0231
2.0233
2.0172
1.7342
1.9154
1.3802
2.0486
1.8101
2.0696
2.1121
2.1366
1.9304
2.1763
2.0819
2.168
1.8054
1.6968
2.1942
2.0322
2.1059
2.1932
2.3148
1.8693
1.5932
2.0721
2.0823
1.9002
1.884
2.3049
1.9038
1.9818
1.9162
1.979
1.7562
1.8314
2.1155
2.0076
1.7812
2.2916
2.2179
1.7329
2.0049
2.1877
2.0917
2.0288
2.5039
1.8551
1.5848
1.9591
1.6474
2.1904
1.873
1.9779
2.318
1.6813
2.1781
1.9841
1.8327
2.4407
1.8093
2.521
1.5937
2.0973
1.8092
2.0705
2.3201
1.858
2.0276
2.0661
2.0264
2.2532
1.8012
1.956
1.9592
2.191
2.1149
2.4102
1.5264
1.5864
2.269
1.512
1.9717
1.9029
1.8848
2.1854
2.3466
1.7569
2.042
1.6267
2.2228
2.0439
1.6838
2.2516
1.6296
1.8749
2.2972
1.6797
2.0396
1.7722
2.1461
1.8831
1.9528
1.9169
1.6437
2.0082
2.1018
1.9221
1.869
1.9155
2.2053
1.5793
2.1273
1.4671
2.485
2.2902
1.7895
1.9148
1.7482
1.9202
2.3631
1.5189
2.0526
1.8543
1.9313
1.8672
2.0231
1.9848
1.706
2.0206
1.8517
1.7772
2.2629
1.7146
1.9514
2.046
1.8631
1.9184
2.3427
1.8354
2.1542
1.8139
2.2829
2.4364
1.7092
1.8367
1.7869
2.2103
2.2055
1.8452
2.1003
2.0001
2.2093
1.9622
1.6988
2.8322
1.6214
2.03
1.8873
2.003
2.1158
1.9765
2.002
2.5663
1.6512
2.3349
1.9689
1.9472
1.5264
2.0039
2.0847
1.9576
2.0445
1.8766
2.2725
1.9218
2.0684
1.7952
2.4657
1.758
2.315
2.1014
1.7812
1.7457
2.354
2.2938
2.1942
1.736
2.2757
2.1175
2.1644
1.8096
1.9232
1.9515
2.5321
1.7858
1.7821
1.9741
2.2785
1.4192
2.2006
2.24
2.0865
1.7117
1.9805
1.7651
2.0314
1.8351
2.2983
1.7313
2.4498
1.9927
1.6207
2.5417
1.6901
2.3229
1.8832
2.1046
1.7836
1.7259
2.4274
2.0567
1.9372
2.0634
2.091
1.8941
1.8464
2.2635
2.0843
1.8186
2.3102
1.8029
2.509
1.8225
1.9187
1.9106
1.8259
1.945
1.6469
1.8768
1.8902
2.1033
1.4033
2.0907
1.8901
1.8923
2.0928
1.9175
2.0186
1.945
1.525
2.8618
1.7797
2.0248
2.1432
1.4406
2.2193
2.0688
2.0802
1.8143
2.1252
2.1484
2.0601
2.1967
1.8552
1.9103
2.1531
2.074
1.8741
2.2589
2.275
1.6023
2.2995
1.7437
2.2982
1.6582
2.2981
2.0098
2.2729
1.938
2.0821
1.8018
2.2639
1.9805
1.7639
1.807
2.3863
1.9671
1.9627
1.9397
2.0298
2.1173
1.8082
2.1641
2.392
1.9411
1.9886
2.0023
1.7884
2.137
1.8603
2.4508
1.7594
2.2227
2.1169
2.2446
1.8298
2.191
2.1401
1.6755
2.0343
1.7434
1.8986
1.7352
2.2893
2.0942
1.6623
2.2714
1.7754
2.2361
2.1082
2.1522
1.8699
1.9113
2.3579
1.4692
2.3748
2.1564
1.8035
1.7683
1.8873
2.4503
1.7694
2.0959
1.7673
2.1021
2.1373
1.7272
1.779
1.437
1.9867
2.1156
1.928
1.8755
2.4839
2.0833
1.829
1.7715
2.1082
2.0831
2.4097
1.6946
2.0241
1.658
2.209
2.5065
2.0629
1.6295
2.1599
1.7619
2.2506
1.6092
1.9568
2.0934
1.9747
2.2873
2.098
2.0789
1.8379
1.916
2.144
1.9758
1.838
2.1612
1.8738
1.7985
1.9904
2.5142
1.7591
2.1179
2.128
1.7209
1.9627
2.1909
1.6738
1.7406
1.8358
2.2987
1.8313
1.8281
2.0398
2.0543
2.1353
1.9379
2.0683
1.7312
1.7678
2.0956
1.7752
2.1099
2.013
1.6208
1.8994
2.1959
2.1629
1.7592
1.8905
2.029
1.6948
1.8462
2.0954
1.9655
1.9512
2.3616
2.1726
1.5465
1.9578
1.9547
2.2131
2.2147
1.7358
1.829
1.8112
2.0785
1.9111
2.2629
1.9473
2.2951
2.1585
1.8589
1.9516
1.7639
2.1332
1.6377
2.1888
1.6124
2.0369
2.039
1.7056
2.0358
1.731
2.6302
1.9896
1.8295
1.8424
1.7582
1.9811
2.0742
2.5436
1.5447
1.9929
1.9941
2.001
2.5632
1.742
2.0979
2.0329
2.2069
2.0629
1.6007
2.0323
1.711
2.3776
1.6266
2.2192
1.9977
1.8169
2.3142
1.9817
2.1591
1.6165
2.0752
1.957
1.8029
2.533
1.8126
1.7753
2.1652
2.0347
1.7485
2.1061
2.0019
1.7417
2.0327
1.7848
2.1359
2.0354
2.0094
2.2539
2.0199
2.1372
1.9097
1.9438
1.8183
1.668
1.7232
2.1181
1.5497
2.3635
2.2383
1.8507
1.8326
2.2039
1.9679
1.9364
2.1833
2.0526
2.2591
1.8034
1.7289
2.1213
1.5446
2.0127
1.8936
2.0187
1.9742
1.7657
1.8555
2.0244
2.0393
1.8633
1.961
1.9399
2.0133
2.0886
2.0133
2.1829
2.2601
2.0834
1.8708
2.2459
2.3479
1.8222
2.0889
1.5964
1.9955
1.9226
2.2186
1.9256
1.9298
2.131
1.8931
1.6769
1.9128
2.2826
2.161
1.75
2.0882
1.9161
1.7987
2.0668
1.7802
1.8326
2.2114
1.773
2.2384
1.8677
2.3775
2.0485
1.9484
2.0537
2.1472
1.5414
2.4042
1.9406
1.5679
2.3142
1.8266
1.9262
1.4778
2.2394
1.9918
1.9174
1.8357
2.0737
1.9832
2.3461
2.0385
1.6003
1.9002
2.6874
1.7722
1.8633
1.8082
2.1498
1.375
2.3628
1.8508
1.9112
2.025
2.0989
2.0874
1.5784
1.9375
2.369
1.7922
2.1929
2.304
2.0545
1.9561
2.0539
1.719
1.9058
1.6965
1.9803
2.1893
1.6764
2.1686
1.9272
1.5313
2.1474
1.8233
2.1637
2.079
2.2403
1.9392
1.7833
1.9122
1.6907
2.363
1.9808
1.826
2.0483
1.8212
2.0302
2.1385
1.8249
1.9412
1.9882
1.7024
2.194
1.7471
1.7968
1.9746
2.3103
2.0814
2.036
2.0371
2.4777
2.3538
1.7351
2.3725
1.8099
1.9068
2.175
1.9782
1.9976
1.9034
1.9336
1.8776
1.9029
2.5419
1.6442
2.0305
2.1742
2.0814
1.744
2.2494
1.8834
1.9172
1.7659
2.1356
2.1481
2.1052
2.1386
1.9634
1.8933
2.1011
2.0186
1.9724
1.9199
2.0513
2.0156
1.7756
2.0406
2.0442
2.0396
1.8304
2.2059
1.9668
1.9992
1.9663
2.1858
2.0431
2.0554
1.7918
2.1443
2.1411
1.5062
2.0648
1.8089
1.8631
1.9076
1.9529
2.1272
1.8779
1.5391
1.9108
2.6407
1.8232
2.0138
2.2413
2.0211
1.8019
2.0502
1.965
1.8032
2.0024
2.2204
1.7727
1.8467
2.1506
1.7989
2.3294
1.8129
1.8421
2.1299
1.8145
1.9887
2.4934
1.9661
2.0752
2.2795
2.1689
1.8544
2.2336
1.9395
1.8654
1.9342
1.6369
2.4022
2.1478
1.6462
1.9261
2.3436
1.7347
2.4069
2.1639
1.3364
2.09
1.9585
1.7964
1.9875
2.2202
2.1206
1.582
2.0807
2.2068
2.4192
1.6664
1.6139
2.0628
2.1375
2.1117
2.0747
2.1264
1.9531
1.9765
1.9321
2.0658
2.2734
1.807
1.3674
1.874
2.2114
1.9551
1.9181
2.3722
1.5884
2.2288
1.9926
2.2335
1.8802
1.7514
1.7623
2.1035
1.8841
2.0474
1.9782
1.7827
2.1172
2.0828
2.1782
1.7487
1.9127
2.2857
2.0463
2.1498
2.1476
1.8493
2.0621
2.1682
1.8722
2.0555
1.9752
2.1784
1.9622
1.8748
2.4257
2.1608
2.019
2.2295
1.7871
1.789
1.9754
2.0364
2.0025
2.1296
2.1505
1.9873
2.1281
2.3024
1.7505
1.936
1.4716
2.0301
1.8427
2.1006
1.6177
2.2186
1.9155
1.9558
2.0573
1.9747
1.8002
2.0303
1.7114
2.0939
1.9753
2.1075
1.7802
2.1035
2.293
1.7211
1.5627
2.1347
2.042
2.271
1.8177
1.9652
2.3611
1.7978
2.0089
2.2341
1.616
1.8882
1.9886
1.7976
2.1503
1.6547
2.1401
1.7117
1.933
1.7626
2.1661
1.9214
1.5805
1.9343
1.9045
2.106
2.2726
1.9501
1.852
2.056
1.932
1.6776
1.8601
2.0932
2.1169
1.98
2.1836
1.8047
2.4801
1.7469
2.0952
1.9484
1.5468
1.5811
1.7022
2.1358
1.7797
2.0734
1.9597
1.6478
2.4522
1.8151
1.7437
2.2721
2.3917
2.2413
1.7966
2.4262
2.0095
1.65
2.1155
1.912
1.6758
2.3864
2.1362
1.8015
2.0183
1.7766
2.267
2.1216
1.5906
2.1509
1.5941
2.3904
1.9098
1.8662
1.7594
2.0991
1.8988
1.799
2.148
2.0984
2.3783
1.909
2.2996
2.1747
1.9429
1.8032
2.1297
1.7971
2.0013
1.764
2.2672
1.83
2.0412
1.542
1.8938
1.93
2.0612
1.8273
1.9853
1.9391
1.9747
1.8901
2.0383
1.9436
2.1323
2.2995
1.7368
1.8162
1.9217
1.9089
1.4176
2.306
2.0566
1.9909
2.0007
1.7618
2.1171
2.2429
1.7385
2.3413
1.6994
1.8412
1.9293
2.1455
2.0271
1.7433
2.1817
1.8977
2.083
2.1216
1.4837
1.9215
1.9233
2.5027
1.6906
2.1251
1.6082
2.3144
1.7675
2.1191
1.9118
2.0607
1.9871
1.7556
1.9068
1.8362
2.0684
2.0422
1.9827
1.9746
1.7994
2.3173
2.0658
2.1082
1.7997
1.9198
1.6501
1.8723
2.1988
1.6852
1.7165
2.1337
2.2485
2.0343
2.1482
1.9473
1.655
2.0831
1.8806
2.1471
2.0147
1.6561
2.0403
1.963
2.1417
1.8344
2.2078
2.0074
2.1143
1.7358
2.0364
2.4111
1.8205
2.4794
1.6835
1.9733
2.2874
2.2878
1.9032
1.8815
2.1883
1.8471
2.0306
1.8342
2.1865
1.5929
2.1037
2.1342
1.7785
1.6943
1.935
1.9821
1.9327
1.7317
1.6393
2.0414
2.0481
2.1968
1.7163
2.2978
2.2187
1.9476
2.2818
2.0489
2.206
2.1133
2.1602
1.8082
1.6679
2.412
1.8147
2.3718
1.7294
2.0744
2.1123
1.6981
2.0046
1.9169
1.8572
2.0721
1.9642
1.8362
1.9819
2.0607
1.7739
1.9571
1.8856
2.3527
1.7046
2.2649
1.3581
1.8691
2.1127
2.1296
1.6502
2.4066
2.1803
2.2165
2.2324
1.7029
1.9831
2.1769
1.8074
2.0763
2.1668
2.0781
1.8915
2.1263
2.2952
1.9173
2.1221
1.8448
2.192
1.8549
1.8654
2.2888
2.0793
2.1219
1.8236
2.1435
2.2591
1.9402
1.7493
2.2629
2.0829
1.9669
1.7477
2.0589
1.8371
2.3714
2.0683
1.8774
1.4707
2.4466
1.7672
1.7955
1.7612
2.0231
1.8616
1.9818
1.8291
1.9935
1.9643
2.1387
2.0524
2.1858
1.6682
2.2997
1.5181
2.1403
2.2845
2.1087
1.9089
1.779
1.7929
1.966
2.1188
2.3464
2.0891
2.2543
1.8143
1.5378
1.9642
2.3424
1.7885
1.9118
2.1953
2.0946
1.8535
2.1452
2.4957
2.1212
1.8766
2.1592
1.6718
2.1284
1.6941
2.505
2.1537
2.2574
1.8048
2.051
1.8884
2.0733
1.3885
2.2135
2.4352
2.2623
1.5805
1.9328
1.6874
1.9929
1.9967
1.5907
2.039
1.9614
1.8319
1.6967
2.2566
2.0155
2.1924
1.7611
2.1339
2.1095
1.811
2.3096
1.9262
2.005
1.9461
2.1068
2.2516
1.4994
1.7659
2.3564
2.2256
1.7106
2.0885
2.1094
2.0027
1.8997
1.9951
1.9956
1.9564
1.9412
2.7057
2.0751
1.7661
1.6485
2.3397
2.0359
1.664
2.0617
2.054
2.0834
2.0819
1.7946
1.6411
2.1958
1.882
2.0482
1.9026
1.7047
2.1496
1.8952
1.9938
2.3628
1.793
1.718
2.1267
2.1069
1.8905
2.1553
1.7988
2.2805
1.8799
2.2598
2.0467
2.3245
1.9124
2.0479
2.408
1.8768
2.173
2.0945
1.9742
1.6131
1.8602
2.3207
2.3192
2.2082
1.9
1.8786
2.1297
1.809
2.0657
2.0585
2.1162
2.1784
1.9154
1.9698
2.1823
1.869
1.7892
2.3878
2.0269
2.0125
1.8532
2.3172
1.9532
1.7271
1.9916
2.1336
2.2077
2.0183
1.782
1.625
1.996
2.2903
2.1611
1.9881
2.1216
1.8892
1.8133
1.9565
1.8604
2.0047
1.9722
1.9531
2.17
1.4803
1.5686
2.0689
1.7238
2.0958
1.7896
1.937
2.0995
1.8304
2.2358
1.9223
2.0231
1.8324
2.2983
2.0781
2.0209
1.6321
2.3188
2.0746
1.8878
1.6575
2.194
2.1617
2.3264
1.9081
1.7139
1.7837
2.1974
2.6227
1.9031
2.0343
2.1768
2.0158
2.1631
2.3105
1.2252
2.4844
1.389
2.1873
1.7923
2.2218
1.7449
1.7329
2.2299
1.8393
2.0243
1.8814
2.002
2.087
2.0717
1.9507
1.682
2.105
1.9899
1.9121
1.4273
1.9067
2.01
1.9907
2.0503
1.658
1.8825
2.169
1.8465
1.6229
2.2987
1.6084
2.3019
1.9758
1.8199
1.8665
1.9938
2.1375
1.9885
1.8774
2.5574
2.15
1.7062
2.1857
1.9597
1.9268
1.8625
1.8686
2.2309
1.8244
2.0115
1.8079
1.6401
1.7002
2.0035
1.7936
1.9876
2.4737
1.77
1.8989
1.7647
2.0374
2.1387
2.349
1.8242
1.8778
1.9206
1.8067
2.3187
1.6797
1.8909
1.867
1.9357
2.1078
2.0606
1.5325
2.4395
1.7497
1.9779
2.2724
1.9331
2.1698
1.7428
1.6595
2.0056
1.8363
2.1943
1.8257
1.6997
2.3059
1.7954
2.0933
1.7391
2.2862
2.2131
2.0247
1.8582
1.9255
1.6288
1.8164
1.8576
2.2895
1.6626
2.1186
2.1227
1.8502
1.9561
2.1159
2.0342
1.6474
2.0394
2.0206
1.8859
1.8696
1.8869
2.2247
1.828
1.7609
2.194
1.8748
1.7862
2.1977
1.9944
1.7319
1.8245
1.9805
1.8977
2.003
1.8985
2.0823
2.2106
1.2949
2.0673
2.0672
1.7872
2.1923
1.9499
2.5636
1.9436
2.271
1.785
2.3089
2.0154
2.2175
1.9165
1.9604
1.9743
1.7893
1.7731
2.4379
1.7865
1.7631
1.9246
1.8587
1.8459
2.239
1.7753
2.1059
1.9689
2.1699
1.9723
1.6434
1.8338
2.1599
1.7996
1.8573
2.1165
1.8742
2.2902
1.8444
1.8775
1.7234
2.1096
1.9108
2.4495
1.9087
1.5975
2.055
1.9433
1.8345
2.2957
2.0337
1.869
1.8263
1.9323
2.1146
1.642
1.8706
2.156
2.0932
1.9692
1.9087
1.8052
2.1828
1.7714
1.8019
1.7446
2.0966
1.9356
1.8983
2.1987
1.8671
1.839
2.3241
1.4623
2.1486
2.2653
1.8791
2.0346
2.0503
2.0962
2.0713
1.8601
1.9465
2.0835
1.8489
2.1056
1.8032
1.9766
2.1446
2.0517
2.246
1.9005
2.0859
2.2467
1.7809
1.9276
1.5392
2.2312
2.009
1.965
2.1863
1.9307
2.0573
1.9804
1.6714
2.1477
1.8322
2.0609
2.1585
2.0905
2.1352
2.5223
1.7811
1.6451
2.1932
2.0635
2.0853
2.2992
1.7964
2.6601
1.7321
2.0973
2.1819
1.5243
1.8781
2.1328
1.9572
2.2638
1.7035
2.1675
1.7611
2.1999
1.7738
1.9633
2.0581
2.117
1.7702
1.8688
2.054
1.9008
1.9028
2.1338
1.9344
1.6246
1.9658
2.509
2.0828
2.0013
1.9868
2.323
1.9511
2.0297
1.7221
2.2156
1.6131
1.8173
2.1058
2.2464
2.3655
2.3343
1.6044
1.9625
2.2783
2.1072
1.4758
2.0748
1.9733
1.8904
2.243
2.0573
2.0995
1.8736
1.7364
1.881
1.8652
2.1422
1.9322
1.9758
1.7922
1.9154
2.0932
2.0451
1.7534
1.6032
2.6719
2.0781
2.0829
2.2637
1.9218
1.6721
1.9408
1.5841
2.206
2.3058
1.922
1.9151
2.4642
1.9087
2.1908
2.0339
2.0191
1.9053
2.2955
1.5543
2.0631
2.5016
1.8511
2.1989
1.7858
1.4715
2.3614
2.1579
2.2893
1.8641
1.7616
1.6669
2.0047
2.2602
1.7329
2.2161
2.0373
2.0978
1.527
1.9548
1.7883
2.3014
1.8712
2.3798
1.7601
2.2395
1.9231
1.9041
2.0909
1.8202
1.9624
1.9679
2.1184
1.9187
1.8999
1.7808
2.2688
1.7349
2.434
2.2042
1.352
2.4849
1.9615
1.5113
1.929
1.608
2.2441
2.0486
2.079
1.6051
2.0955
2.0018
1.8548
1.8349
2.4781
1.4215
2.0984
1.825
1.6948
1.8043
2.1463
1.7103
2.4692
1.7858
2.1101
2.5256
1.7265
2.0058
1.9569
1.8937
1.7187
2.0064
2.0356
2.0429
2.0386
2.1424
2.0445
1.4941
2.0446
2.169
1.5826
2.2503
2.059
1.8513
2.0975
2.0189
1.8812
2.3013
1.9754
2.166
1.983
1.6724
1.8992
2.1974
2.0043
1.8762
1.7361
2.1124
1.4928
2.1209
2.1036
2.1897
1.9271
1.8644
1.8562
1.844
1.7733
2.2689
1.5263
1.6613
1.7333
2.2744
1.8023
2.1202
1.4899
2.1081
2.1625
2.1086
2.0438
1.8318
1.9868
2.162
2.2124
1.6213
2.1542
2.2062
2.3931
1.9054
1.9965
2.1454
2.3273
1.9175
1.7552
1.7554
2.1264
1.8341
2.1604
1.8102
1.7507
1.9776
1.6477
1.7445
1.7362
2.0183
2.0055
1.8459
2.2988
1.9485
1.9045
2.0055
2.0807
1.5805
2.1531
2.0798
2.5184
1.9644
1.8632
1.9064
1.9457
2.2874
2.4306
1.9308
1.2735
2.5269
1.7721
2.1348
1.7723
1.8119
1.928
1.976
2.0028
2.2945
1.7456
1.809
2.5327
2.0475
1.6439
2.3646
1.8889
2.0369
2.3686
1.8801
1.8979
1.6915
1.5348
1.942
1.7957
1.8902
1.7916
2.0534
1.9686
1.9903
1.9983
1.7023
2.1627
2.0951
1.65
2.0348
2.2042
1.8669
1.7788
1.8922
1.7757
2.2191
2.087
2.2024
2.098
2.0225
1.7036
1.8861
2.5131
1.7192
1.5408
1.8703
2.1412
1.9552
1.6985
1.9533
1.6492
2.2061
2.5724
1.8519
1.8301
2.086
1.9099
2.0953
1.9866
1.5693
1.7902
1.9192
2.4429
1.9324
1.7957
2.1581
1.8559
2.148
1.8549
2.3261
2.2689
1.7853
1.8621
1.8786
1.6715
1.8661
1.8789
2.2626
2.0252
1.6148
1.8926
2.0929
1.9044
2.4775
1.8218
1.5877
2.2968
1.6335
2.122
1.9245
1.8694
2.1648
1.7427
1.6213
1.7157
2.2114
1.5851
1.8839
1.7847
2.4619
2.3165
2.0671
1.7936
2.0247
1.8145
2.4234
2.0568
1.4219
2.6726
2.0097
2.2045
2.2831
2.1469
1.9083
2.1395
2.1007
2.1422
2.2656
2.2261
2.1462
1.744
1.8486
1.968
2.1608
2.0382
2.2113
2.2431
1.7294
1.94
1.8048
2.0256
1.962
2.251
2.0873
2.1115
1.8985
1.6638
2.4027
1.8005
1.839
2.3712
1.7691
2.1879
1.8361
1.8412
2.199
2.0501
2.4161
1.7042
2.281
1.6882
2.4674
2.0019
1.7259
2.1121
1.3779
2.6134
1.879
1.7628
1.8639
2.2304
2.3905
2.1055
2.3231
1.999
1.9726
1.955
2.0071
2.0471
1.8763
1.6071
1.9771
2.1077
2.0105
2.0887
1.7634
1.7331
2.3364
1.7969
2.3548
1.7507
2.025
2.2464
2.0804
1.9667
1.7579
1.9019
2.3664
1.301
2.0884
2.0505
2.0176
2.1161
1.5212
2.2643
2.5425
1.8879
1.5342
2.3532
1.8469
1.7259
1.9165
2.3451
2.1579
2.1207
1.8882
2.0487
1.8019
2.2464
1.7695
2.077
2.1316
1.494
1.534
2.0954
2.0793
1.9685
2.2836
1.7573
2.054
2.0942
1.8749
2.3194
1.8004
2.4454
2.1266
1.9579
1.6319
1.9439
1.7271
1.8144
2.2618
2.0677
2.3577
1.4699
2.073
1.7357
2.034
1.8382
1.9353
1.7339
2.2361
2.0176
1.9479
2.2776
1.5487
1.9896
2.0799
2.1509
1.9366
1.8739
2.0972
1.8875
1.9043
1.8662
2.1311
2.2083
2.176
2.1384
2.1878
1.566
2.0328
1.9803
2.4822
1.6891
2.4991
1.7985
1.9849
1.967
2.1419
1.6375
1.9792
1.8516
2.0484
1.9852
1.8968
1.6992
2.0037
2.1924
1.5908
2.2649
2.1976
1.534
1.6406
1.8452
2.4705
1.7962
2.1753
1.7842
2.1936
1.8612
1.6174
2.5546
1.8062
1.5202
2.2327
2.045
1.7694
2.2193
1.9159
2.1286
1.8316
2.0765
1.797
1.9909
2.1029
1.8531
2.2358
1.9682
1.6679
2.0032
2.3033
1.7498
2.0995
2.1113
1.9579
2.0572
1.8647
1.8278
1.7705
1.8627
1.9389
2.2771
1.9306
2.166
1.6685
2.2749
1.7625
2.2039
2.0667
1.6794
2.2649
1.991
1.523
2.3337
2.1522
1.9852
2.0497
1.7682
1.8665
2.4844
2.035
2.0103
1.7508
2.17
1.7533
2.3855
1.7259
1.9365
2.421
1.8612
1.8193
2.0882
1.9021
2.2118
1.9123
2.0553
1.8286
1.8307
2.069
2.4176
1.3953
2.0587
2.4159
1.7342
2.1067
1.8718
1.8524
2.2965
2.0203
1.6277
2.1424
2.0521
1.4506
1.8771
2.1854
2.2245
1.8482
2.1909
1.8201
1.8287
2.3023
2.2194
1.8531
2.1863
1.575
1.8802
2.0473
2.0145
2.0346
2.106
2.0108
2.0643
2.2126
1.5899
2.1517
1.3954
2.1642
1.7494
1.9504
2.0283
1.8605
1.4406
1.9127
2.3805
2.2759
1.5484
2.2411
2.0459
2.0041
1.8774
2.1448
1.576
2.3062
1.6373
2.0165
1.6459
2.2762
2.1136
1.7668
2.0169
2.1236
1.598
1.9492
2.2499
1.9545
1.6514
1.9917
1.9316
2.069
1.7339
1.7814
1.9855
2.1398
2.1315
2.1731
1.7805
2.0102
2.3267
2.1923
1.8509
2.0658
2.1428
1.9406
2.1688
1.7818
1.6619
2.0207
2.3104
1.9053
2.1579
1.6726
1.7295
2.4524
1.8416
1.7721
1.8222
2.0043
2.1413
1.8571
1.8398
1.6786
2.0846
1.8644
2.0628
2.4862
1.8838
2.0046
1.621
2.1816
1.8239
1.9806
2.1691
1.7485
2.0666
1.9778
1.6725
2.1958
1.6731
1.9707
2.435
2.0806
1.8149
2.1045
1.707
2.586
1.7748
1.8975
2.1489
2.3637
1.922
2.3216
1.8214
1.8589
2.1125
2.1836
2.0037
1.7727
1.9119
1.8458
1.9989
2.1737
2.3101
2.0675
1.6799
1.7749
1.8058
1.607
2.2634
2.1097
1.9428
1.7164
2.3045
2.0229
2.4287
1.9943
1.5878
1.9671
1.6766
1.9677
2.4401
1.9991
1.9062
1.7425
2.1972
1.9279
2.0639
1.7859
2.2517
2.3003
1.5014
2.1505
2.1899
1.9073
2.2289
2.0902
1.8934
1.77
2.027
2.045
1.518
2.4027
2.0897
1.9025
1.9765
1.8687
2.3686
1.8511
2.0235
2.0811
1.8447
1.7383
2.1327
1.8437
1.8234
1.7817
2.109
1.9499
1.8341
1.8241
2.2983
2.0443
1.7188
1.8171
2.3385
1.9892
1.6696
1.9841
2.2481
1.7189
2.2839
1.9465
1.6771
1.9276
2.2378
1.8281
2.0252
1.8779
2.055
2.0802
1.6835
2.2031
2.1243
2.0335
1.5351
2.1383
1.7345
2.2381
1.901
1.7181
2.0843
1.7163
2.1136
2.0558
2.0631
2.2641
1.9802
2.1122
2.3108
1.6836
2.1608
2.0317
2.0507
1.5546
1.8622
1.6958
2.1457
1.9733
1.8057
2.1586
1.9193
2.0218
1.8566
2.0035
1.8883
1.9166
1.5813
2.13
1.8584
2.1495
2.1166
1.9351
1.9016
1.847
1.7889
1.9371
2.2055
2.2007
1.7301
1.8074
1.9784
2.315
2.0246
1.6871
2.1664
2.1166
1.9604
2.0517
2.0044
1.8055
2.0006
2.0162
2.1694
2.2989
1.8654
1.9259
1.8
1.9803
2.1595
2.0273
2.0542
1.6307
2.1027
1.9692
2.1515
1.7993
2.2025
2.0693
2.1644
2.4073
1.7561
1.8824
1.9483
1.9645
1.9036
2.0599
1.9956
2.1331
2.0399
1.8647
1.8063
1.8029
2.2118
2.3881
1.6323
2.1457
1.7554
1.7005
2.3402
1.9344
1.6916
1.8837
1.9491
2.5624
1.5704
2.1467
2.0659
1.7893
1.9204
2.4079
2.0095
1.6508
1.7428
1.7594
1.8519
2.3281
1.8744
1.7833
2.2633
1.8472
2.2085
2.1828
1.8331
2.2278
2.1041
1.8095
2.0699
2.094
1.955
2.1672
1.979
2.0096
1.637
2.5112
1.6581
1.9243
1.8761
2.1386
1.8799
2.1087
2.3789
1.5793
1.998
1.8642
1.8751
2.2993
1.6573
2.0728
1.6631
2.089
1.6404
2.0234
2.1351
1.8919
1.8816
2.2527
1.8627
2.1647
1.7901
1.9426
2.4492
2.0475
1.5302
2.1133
2.0213
1.6407
2.1776
1.8069
1.8051
2.1205
2.1509
2.1012
2.0871
1.9882
2.0073
2.1185
2.3338
2.1242
1.7493
2.2761
1.9141
2.3314
1.8431
1.9786
1.9722
1.9373
2.1406
1.9289
2.3969
1.7879
2.0925
2.0369
1.8229
1.595
2.1574
1.8587
2.0839
1.8935
2.0668
2.1459
1.4829
2.1499
2.1929
2.0694
1.6056
2.1342
1.7344
2.1308
2.1387
1.9951
1.6537
2.1181
1.8353
2.4367
1.3978
2.0988
2.1143
1.7068
2.4802
1.5671
2.1701
1.8637
1.7406
1.7101
2.0391
1.8603
1.8717
2.2198
1.4108
2.2549
2.4041
2.2151
1.7017
2.3557
1.7043
2.2746
2.2398
1.9412
1.8248
1.7722
2.1257
2.2916
1.8953
2.273
1.7692
2.3714
2.0489
2.3931
2.2107
1.6324
1.8325
2.1147
2.1275
2.1868
1.9881
1.7792
1.8496
2.1234
1.7469
1.9656
1.9733
1.7589
1.9967
1.8479
2.0609
1.9499
2.4785
1.663
2.0107
1.8959
2.0764
1.645
2.0173
2.4508
1.9935
1.8853
1.7528
2.277
1.7098
1.975
2.3907
1.7995
1.8723
2.2303
2.1779
2.0057
2.0379
2.0322
1.8999
1.7841
2.0832
1.9707
2.036
1.9521
1.8435
2.0281
2.001
1.9444
2.084
2.2896
1.8566
2.3734
1.5906
1.8975
2.3096
2.4334
1.7821
1.691
2.082
1.5028
1.8962
2.0664
2.1066
1.8844
2.4366
1.9333
1.699
2.1785
2.3138
1.8704
1.8299
1.9488
1.8847
2.0447
1.8762
2.1485
1.9818
1.9697
2.2754
1.8476
1.886
1.9136
2.2389
1.6641
2.5641
1.8198
1.8419
1.931
2.0746
1.5903
2.0903
1.7923
2.3968
2.1186
1.772
2.6395
2.056
2.0252
1.6899
2.306
2.2462
1.7151
1.8914
1.7696
2.2755
1.5194
2.1997
1.6386
2.1337
2.212
1.701
1.8147
1.7771
2.669
1.8148
1.6995
2.4854
2.2122
1.6284
1.8747
2.0679
1.9151
1.9423
1.7464
2.478
2.0503
2.1401
1.6216
1.9152
1.865
2.149
1.6353
2.1006
1.9889
2.0053
2.175
1.7194
2.1896
1.9918
2.13
1.6865
2.0336
1.7256
1.8511
2.2365
1.7553
2.3033
1.9536
1.7457
2.5451
1.7644
2.0201
1.8559
1.8347
2.1689
2.0224
1.6383
2.2511
2.1174
1.9749
2.3725
1.9217
1.7986
1.8999
1.9718
1.8855
1.7849
2.0819
1.9473
1.9451
2.5005
1.8575
1.855
2.0687
1.8263
2.16
2.0546
1.6973
1.5658
2.3419
1.6183
1.9513
1.7648
2.4074
2.0935
1.9709
2.3075
2.0685
1.9142
1.8511
2.1729
2.3261
2.1891
1.9845
2.1511
1.5543
1.8968
2.26
1.9814
2.2806
1.968
1.7224
2.3205
1.4473
2.0958
1.4847
2.3754
1.7218
1.7744
1.9468
1.928
1.5091
2.2233
1.8296
2.4296
2.1878
2.0816
1.7351
1.7516
2.3193
1.9418
1.8453
1.9133
2.2832
2.1882
1.8618
1.7804
2.1219
2.4377
1.688
1.8939
2.2683
1.9822
2.1817
2.0633
1.7461
1.6707
1.9339
2.0437
2.3224
1.7548
2.0196
2.4129
1.7442
1.966
1.749
1.8291
2.2122
1.9921
1.932
2.1648
1.7456
2.0351
2.2722
1.798
1.7217
2.0252
1.7602
2.4479
2.2052
1.8916
1.7406
2.1111
2.0245
1.7557
2.1881
1.5353
1.9173
2.0368
1.6021
2.0308
2.6005
1.6238
2.0716
2.0203
1.5065
2.3775
1.9291
1.7537
1.969
1.867
1.9184
1.8592
1.8703
2.1089
2.077
1.8708
2.4752
1.7825
2.3206
1.6002
2.3905
1.8252
2.292
1.8308
1.9391
2.1271
1.7388
2.23
1.6476
2.2699
1.9027
2.1097
1.7356
2.2245
2.1507
1.6818
1.685
2.1461
1.8282
1.9995
1.9561
1.7026
1.8461
2.105
2.1689
1.6638
2.2352
1.709
2.1792
2.3027
2.2156
1.9327
1.959
2.4552
1.5916
2.1787
1.6265
2.3432
2.0091
1.9198
1.967
1.9424
1.9239
1.8808
1.9618
1.6627
2.6079
1.6867
1.9408
1.7055
2.1406
2.4884
1.7077
1.9625
2.4175
1.9558
1.8364
1.9524
1.8747
2.2231
2.1185
1.8308
2.2072
1.7322
2.48
1.7985
2.153
1.984
2.3846
1.6022
1.9358
1.6358
2.1688
1.7709
2.0732
1.867
2.0127
2.3439
1.6605
2.2109
2.1473
2.0321
2.3187
1.8043
1.8085
2.106
1.6592
2.2009
2.2471
1.8646
2.2138
2.2496
2.2867
2.01
1.6795
1.8065
1.9969
2.2478
1.623
1.7994
2.1185
2.2939
2.4181
1.6677
2.081
2.2654
1.7757
1.6718
1.954
2.1932
1.9373
1.8989
2.1701
1.9672
1.7636
2.3024
1.9348
2.2104
1.9824
1.7484
2.0004
2.2831
2.3422
2.1889
1.7524
2.0324
2.0113
1.9083
2.3434
1.9976
1.6853
1.9825
2.4834
1.885
1.9718
1.8275
2.1962
2.0709
2.3169
2.1128
1.885
2.2276
1.8171
2.3298
1.745
1.99
1.7734
1.9663
1.9517
2.033
1.794
1.728
2.1429
1.6826
1.9932
1.9405
1.875
2.2055
1.8924
1.9526
1.7299
2.0605
2.1708
2.0158
2.4393
1.7991
1.7756
2.1083
1.835
2.2073
1.9173
1.8966
1.8226
2.0422
1.8245
1.6302
2.1911
1.9216
1.6145
2.0531
2.2846
2.0573
2.0318
1.7453
1.8589
2.194
2.3127
2.0984
2.5533
1.5902
2.015
2.2262
2.1977
1.6566
2.4613
1.9014
2.0473
1.9456
1.9342
1.6423
2.1002
1.8377
2.0516
2.2626
2.0213
2.3858
1.6936
2.2551
1.8143
2.1949
1.6504
2.0269
1.4235
2.5676
1.9881
2.139
1.7199
2.155
2.1943
1.7624
2.1498
2.1724
1.7083
2.4899
2.3947
1.8953
1.8122
2.1251
1.6865
2.3333
2.1328
1.9657
1.9615
1.5066
2.3082
1.9757
2.0098
1.8289
1.825
2.2919
2.0363
1.9291
1.8121
2.0948
2.2424
2.1044
2.4622
1.9208
1.8927
1.9693
2.528
1.8824
1.92
2.0146
1.8908
2.1217
2.266
2.0388
2.3414
1.8464
2.2155
1.7419
2.2796
1.5435
1.8795
2.8385
1.8899
1.9113
1.8022
1.9901
1.9628
2.0407
2.1713
1.8167
2.0023
1.9207
1.9946
2.349
1.7819
2.481
1.8811
1.8862
1.8856
1.8909
2.4788
1.7978
1.9396
1.6316
2.1326
2.0102
2.3534
1.877
2.1221
1.7545
2.2185
1.8116
1.9205
2.0946
2.0189
1.9018
1.7855
1.9415
1.8732
1.8305
1.5543
2.4844
2.3578
1.6863
2.8125
1.8798
2.1369
2.0875
1.8117
1.9797
1.7917
2.3014
1.8101
2.2981
1.8295
1.7803
2.152
1.9332
1.9566
2.0841
1.6242
2.6619
1.7576
2.2724
2.1213
2.0268
1.6668
1.7332
1.5776
1.8933
1.748
2.1334
1.9546
1.8676
2.3169
2.0896
2.229
2.2604
1.5852
2.2113
1.8374
1.8476
1.9627
2.1927
2.0135
1.748
1.9167
1.7381
2.2111
2.3772
1.6724
1.923
1.8664
1.7253
2.5331
1.9071
1.8872
2.0667
1.7823
2.1902
1.9648
2.5448
2.0308
1.8049
1.5974
2.7412
1.7306
1.8478
1.8145
1.7383
1.8753
2.0756
2.2581
1.7773
1.8899
2.1439
1.8481
2.3275
2.1578
1.818
2.0043
2.0065
1.9145
2.485
1.7904
2.4493
1.7197
2.2392
1.959
1.8727
1.8467
2.3665
1.6518
1.9091
2.1846
1.733
2.0871
1.8036
2.188
1.8364
1.8178
2.0049
1.5812
2.3337
1.8129
2.3911
1.868
1.9839
2.047
1.8518
2.7486
1.9096
2.0225
2.0122
1.8143
1.3911
2.488
1.7712
1.6674
2.0819
1.8929
2.0454
2.0331
1.7439
2.2803
2.2373
1.7396
2.0344
1.8063
1.703
2.3404
1.8753
2.4199
1.9576
2.003
2.0168
2.0957
2.1112
1.7358
2.1535
1.5926
2.0743
2.1506
1.678
1.7624
2.1703
1.6059
2.3263
2.4341
1.4719
2.2974
1.8326
2.3508
2.139
1.9177
2.2313
2.2228
2.13
2.0763
2.1542
2.2619
1.7029
2.4879
1.8491
1.771
1.4584
2.0601
1.6934
1.9944
2.0417
1.9974
1.6791
2.0881
2.1454
2.164
1.9183
2.13
2.0426
1.6446
1.7908
2.2239
2.0512
1.7616
2.3523
1.8969
2.0611
1.9801
1.8228
1.8017
2.4851
1.9612
1.8758
1.8323
1.926
1.5152
2.8025
1.7121
1.9181
2.0318
2.1212
1.9915
1.9245
2.053
1.908
2.0509
2.2883
1.5884
2.2183
2.0737
2.1175
2.1787
2.1251
1.9124
1.8042
1.786
2.4739
1.9457
1.6076
1.6621
2.13
2.2203
1.9058
1.917
1.3812
2.2664
1.7834
2.1027
2.3138
2.1365
1.8237
2.1752
1.7057
1.7074
1.8523
1.8374
1.8395
2.2064
1.5368
1.8669
1.9632
2.6918
1.9558
1.9358
2.2125
1.8305
2.0541
2.0932
1.9463
2.0248
2.0293
1.727
1.7203
2.2129
1.8433
1.8706
2.4048
1.6281
2.2126
1.7188
1.7773
1.8045
2.2493
1.8428
2.2378
1.93
1.8016
2.157
1.9359
1.7693
1.843
2.0993
2.4385
2.0655
1.7554
1.9184
1.8164
1.9122
2.3193
1.6235
1.822
2.0187
2.2493
2.1216
1.6449
2.1399
2.0704
1.8082
2.1317
2.365
1.5914
2.1067
2.1462
1.6518
1.8004
2.2116
1.7575
1.9584
1.8447
1.927
2.1417
1.8537
2.0702
2.1864
1.45
2.1521
1.9484
1.7199
2.2554
2.0566
1.8795
2.0021
1.8304
2.3438
1.8138
2.0141
2.0603
1.7863
2.339
1.6993
1.9032
2.0374
2.3103
2.6116
1.5855
2.0316
2.3896
1.5452
2.2591
1.7754
1.7772
2.1782
1.9759
1.9203
1.922
1.9163
1.9897
1.953
1.6204
1.7543
1.8887
2.2704
1.8145
1.7812
2.3106
2.0823
2.3023
1.927
2.0469
2.0942
1.7688
2.567
1.9584
2.2175
1.5949
2.1062
2.1447
1.9059
2.4721
1.7715
2.2995
1.8753
1.9796
1.9819
1.8648
1.8473
2.0506
2.0172
1.8373
1.8929
1.9977
2.1065
2.0177
2.0699
2.3666
1.9646
1.714
2.4595
2.1939
2.0548
1.8657
2.131
2.0922
1.4052
2.0844
2.3936
1.8243
1.6931
2.0318
1.9815
1.9717
2.0443
1.8668
1.8351
2.1843
1.9673
1.9718
1.6578
2.0423
2.3133
2.0146
1.7516
1.7394
2.3011
1.9348
1.6756
2.0755
2.1107
1.5494
1.9738
2.113
2.2747
2.1339
1.8916
1.7947
1.9408
2.2432
2.0536
1.9142
1.6753
2.3175
2.1324
1.6832
2.1401
2.2272
2.0341
2.2187
1.9096
2.011
2.0212
2.2524
2.174
1.9476
2.1487
2.1565
1.5459
2.3097
2.0094
1.7788
1.9693
1.8851
2.2471
2.3326
1.9678
1.9694
2.0816
1.7394
2.1299
1.8486
1.7031
1.8448
1.7969
1.8075
2.855
1.4995
1.9339
1.8718
2.0183
2.1656
2.1204
1.8509
1.968
1.9847
1.8993
2.2002
1.5768
1.8792
1.8866
1.8649
1.9805
1.9644
2.2108
1.7043
2.2387
2.2033
1.8062
1.7558
1.9685
2.0602
2.2304
2.0048
1.8598
1.8628
2.0275
1.9935
1.7407
2.0096
2.2746
1.9903
2.2526
1.8426
2.3632
1.3784
2.1436
2.0576
2.2865
1.9231
1.9719
1.7531
2.0737
1.8802
2.0413
1.6854
1.9738
2.1256
1.5116
1.9414
2.6488
1.5862
2.1417
2.2543
2.3658
1.837
2.4554
1.5964
2.0281
1.766
1.9753
1.9404
1.5244
1.9221
2.3389
2.2048
1.4388
2.2463
2.1635
1.971
1.6687
2.6624
1.853
2.5802
1.7061
2.3656
1.7346
1.9443
1.9959
2.5435
1.8028
1.9184
2.1768
1.7114
2.6297
2.1146
1.6292
1.9056
1.9583
1.7281
2.0709
1.8472
2.1192
2.1506
2.0215
1.9732
1.9652
2.2468
1.9631
2.1386
1.7164
2.1208
2.1632
1.6827
2.0854
1.7633
2.1491
2.1658
2.0127
1.8285
2.1502
2.0519
2.1132
2.2575
1.6643
2.169
2.1843
1.6327
2.3875
1.8179
1.9987
2.0381
1.8357
1.9333
2.0348
2.2593
1.8528
2.3178
1.5678
1.5921
2.1228
1.9061
2.0549
1.8413
1.8426
2.1042
2.0651
1.923
2.2041
1.594
1.7224
1.9669
2.3861
2.3076
1.6921
2.1066
2.0692
1.9776
2.0966
2.2636
1.7886
1.8148
1.9998
2.2345
1.7046
2.118
2.0509
1.8026
1.8203
1.7303
1.8436
1.9994
1.7645
2.2028
2.0073
1.7576
1.9427
2.1068
2.3588
1.6727
2.295
1.7274
2.1747
1.8041
1.7728
1.9287
1.8481
1.5658
2.0718
2.1567
2.1078
2.0426
1.7797
2.2106
1.7641
1.9737
1.6729
1.8379
2.0889
2.2763
1.8126
2.0918
2.1711
1.8608
1.9049
1.9583
2.0463
1.7309
2.1402
2.29
2.2857
1.8704
1.9989
1.815
1.8249
2.1845
2.1538
2.0069
2.1188
2.0137
1.9799
1.9897
1.533
2.0654
1.8398
2.0732
1.9882
1.8021
1.927
2.4069
1.8241
1.9673
1.8668
1.9615
2.1574
2.0082
2.1512
1.9746
1.8026
2.189
2.1402
1.8092
2.0732
2.1708
1.6005
2.0557
1.8133
2.0023
2.036
1.9289
1.8477
1.9475
1.8207
2.0205
1.8888
2.0924
1.85
2.0426
2.2462
1.4538
1.8428
2.0551
1.7574
1.5145
2.0793
2.4648
1.8281
2.1931
1.6568
2.137
2.1408
1.8553
2.0552
2.016
1.9955
1.9788
2.0727
1.9676
1.8685
1.7998
2.0558
1.6242
2.584
1.9646
2.4068
1.8065
1.5736
1.8039
1.9683
2.081
2.2355
1.7184
1.9411
2.0534
1.4204
2.2287
2.1813
1.6826
2.0636
1.8418
2.221
2.0615
2.2952
1.8022
2.0061
2.2456
1.8726
2.1188
1.7236
2.0525
2.0717
1.6054
2.2324
1.7957
1.9566
2.1147
2.2153
1.8161
1.9023
2.4069
1.9068
1.8804
1.6416
1.8465
2.1862
1.905
1.8781
1.9754
1.8435
1.7218
2.2817
1.7703
1.9087
2.543
2.0102
1.5977
1.7036
1.9112
1.9096
1.6734
2.4821
1.9848
1.9923
1.7639
2.2287
1.8522
2.3606
1.6864
2.1134
1.9047
1.949
2.1121
1.7742
1.9142
2.0017
2.032
2.3893
1.6565
1.9685
2.2844
1.7811
2.1526
2.0781
2.2399
1.9515
1.6165
1.9699
2.0969
2.1519
1.9054
2.1165
1.8723
2.1029
2.1626
1.6992
2.3027
2.0877
1.8424
1.972
1.9221
1.5868
2.4663
1.3368
1.8208
1.969
2.3777
2.004
2.4373
1.6053
1.8732
2.3303
1.7991
2.0444
2.1421
1.9475
2.3929
2.7508
1.9345
1.9069
1.7585
2.2717
1.9026
1.999
1.6743
1.8957
2.2028
1.6394
1.9256
2.1156
1.8836
2.4359
1.3938
1.9706
1.7971
2.0536
1.862
1.9937
2.2444
1.7791
1.6167
2.1455
1.7606
1.6965
2.3547
1.8719
1.811
2.1546
1.6538
2.0356
2.0139
1.813
2.159
1.9418
2.5618
1.6951
1.6384
2.1399
1.8491
1.8722
2.0635
1.8647
1.8747
2.3943
1.7607
1.4518
1.8821
1.6844
2.2698
1.5622
1.9989
1.6625
1.9933
1.5651
1.9125
2.1714
1.9201
1.9583
1.9096
1.6269
2.0053
2.6548
2.0003
2.5013
1.7948
1.9579
1.813
1.9813
1.604
1.8516
1.9423
2.02
1.8371
2.2451
2.1863
1.6938
2.1941
1.4174
2.4456
1.972
2.0269
2.2038
1.5541
2.1698
1.6756
2.1769
2.0679
1.7453
1.9695
2.4425
1.8445
1.8011
1.9778
1.9559
2.0527
2.1142
1.8451
2.1993
1.5554
1.8234
2.0352
1.8329
2.2526
1.7998
2.2754
2.2133
1.5624
2.1765
2.0841
1.8449
1.6383
2.095
2.223
2.0797
1.9956
2.1376
2.1065
1.7778
2.0709
2.115
2.1617
1.9083
1.7794
2.1755
2.3128
2.0874
2.2428
1.9475
1.9738
2.5506
1.7388
2.2428
1.8791
1.7709
1.6855
2.0807
1.8764
1.8157
2.0704
2.0598
2.2352
1.8125
2.539
1.5853
1.8912
1.9484
2.0742
2.056
2.572
2.1579
1.4897
2.173
1.6584
1.8456
1.5972
2.1313
2.1497
1.8626
2.0107
1.6914
1.9809
2.0512
2.2954
1.6397
1.7266
2.3651
1.6054
2.2714
1.873
1.9621
2.1319
1.9792
2.0165
1.6306
1.9269
1.8472
2.5546
1.469
2.0233
1.654
2.1976
2.2447
2.1969
1.6656
2.3261
1.8255
1.9079
1.8465
1.9705
2.3264
1.7439
2.133
1.7351
2.0462
2.0988
2.0537
1.99
2.349
1.6436
2.036
1.75
2.0396
2.0858
1.6504
1.6436
2.4713
1.9201
2.0149
2.175
2.023
2.1887
1.8597
2.201
1.4914
2.0294
2.0146
1.9539
2.4307
1.6637
2.2541
1.8309
2.2765
2.0156
1.8902
1.882
1.7512
2.2474
1.9516
2.2712
1.7838
2.1241
2.2698
2.187
1.7427
2.0795
1.9178
1.7888
2.0075
2.2094
2.1242
1.7252
1.9384
2.1968
1.804
1.8173
2.1668
1.8945
2.1317
2.0016
1.639
1.9401
2.1576
1.7592
1.7374
1.9522
2.2666
2.0368
2.2896
2.3963
1.7444
1.704
1.9652
2.0714
2.0662
2.4707
2.1093
1.8023
2.3024
1.7262
1.8961
2.513
1.9555
1.9099
2.2934
1.6132
2.3709
1.8543
2.2017
2.0022
1.9911
1.7691
2.2024
1.8594
2.459
1.8605
1.5498
2.3094
2.0459
1.7932
2.1935
1.8495
2.3396
1.9595
1.8108
2.0779
1.9102
2.0024
2.2773
1.6062
2.4331
1.8305
1.8554
1.8634
1.9509
2.0029
1.754
1.6832
1.9748
1.9578
1.8337
1.9905
2.0893
1.9456
2.3647
2.2791
1.6357
2.181
1.6456
2.2123
1.8333
2.2336
1.8347
1.7216
1.8097
2.3025
2.0223
1.9578
2.0443
1.6621
2.3979
1.691
1.9541
2.1818
2.1539
1.5217
2.2462
2.2849
1.899
1.7879
2.3453
1.9278
1.5921
2.324
1.9376
1.8874
2.157
2.046
1.5663
2.1764
2.4403
1.8425
2.1045
1.7984
1.8446
1.6749
1.9265
1.793
2.1994
2.0568
2.048
1.8783
2.305
1.7849
2.1924
1.7444
2.0294
2.1057
2.0641
1.5787
2.3577
1.8426
2.1782
1.932
1.4881
2.1558
1.8631
2.0145
2.0669
1.875
2.1928
2.1382
1.9229
2.3756
2.0366
1.7649
1.6993
1.9358
2.3209
1.7491
2.2521
1.9811
1.8503
1.9071
2.0937
1.9234
2.2293
1.6673
2.0629
1.2513
2.4512
1.6748
1.9043
2.3353
1.4046
2.2216
1.7738
1.7639
2.1967
2.4896
2.2736
1.4968
2.1212
1.8862
1.9694
2.0177
2.173
1.9917
1.9214
1.9876
2.0474
1.8031
1.8264
2.0361
2.0499
1.9621
2.2621
1.9221
1.9081
2.0438
2.2797
1.9362
2.1195
1.8204
2.1729
2.1067
2.1149
1.8925
2.3634
2.1624
1.7638
2.3154
2.1102
2.2296
1.7004
1.7962
2.0643
1.7586
1.9602
2.2478
1.8449
1.7301
1.9752
2.0203
2.0036
1.7567
1.9189
2.4497
2.0636
2.0018
2.0984
1.8265
2.2442
1.8974
1.8828
1.9036
1.6978
1.9668
1.9511
2.1364
1.761
1.8381
2.0292
1.827
1.8199
2.2985
1.8272
2.4106
1.9722
2.2682
2.0745
1.9205
1.7838
1.7775
2.1777
2.0721
2.0732
1.9582
2.1351
2.0394
1.8555
1.96
2.1845
2.1607
2.2311
1.8616
2.0324
1.4108
2.197
1.9309
2.1151
1.8122
2.1784
2.1523
1.5473
2.3269
1.6572
1.9176
2.3135
2.0044
2.1338
2.1087
1.7738
2.1242
1.9484
1.8853
2.0282
1.7702
2.0382
2.0533
2.3674
1.6974
1.8212
1.9597
2.2328
1.9071
2.0067
2.3485
2.0418
1.7996
2.0804
2.6354
1.643
2.3701
2.1056
1.4688
2.3217
2.1206
2.0754
2.1849
1.7132
1.7917
1.7989
2.2003
2.1843
1.8858
1.7765
2.0726
2.0741
2.2495
1.6408
2.095
1.9135
1.9469
2.1249
1.9131
2.0281
1.9875
1.7182
1.7606
2.1442
1.8936
1.9631
2.1307
1.9643
2.0799
1.7811
1.9983
1.9156
1.8511
1.9353
2.1094
1.6169
2.1346
2.0615
1.9847
1.8401
2.2353
1.763
1.9702
2.3261
2.1142
1.9595
2.1186
2.1612
1.9113
2.1246
2.0235
2.0399
1.7913
2.2633
1.9088
1.6578
2.0717
1.9847
1.9833
1.8459
2.1064
1.9269
2.0554
1.6885
2.3958
1.9336
1.7686
1.7528
2.0142
2.0187
1.7545
2.1303
1.8294
2.1729
2.5609
1.5256
1.7688
2.4482
1.8812
2.142
2.0444
1.9614
1.7178
1.8643
2.4704
2.1149
1.5666
2.2136
1.8107
2.2579
1.7117
1.6621
2.325
2.0725
1.5252
2.3707
1.7304
2.1246
1.6486
2.052
2.1137
1.6502
2.0916
1.9897
2.1233
1.9492
1.4881
2.2626
1.9445
2.1553
1.9693
2.0452
1.9122
1.8343
2.1988
1.7954
2.1048
2.0535
1.8359
2.1325
1.9952
1.4732
2.2097
1.6663
1.9829
1.6595
2.155
1.5522
1.9906
1.7612
2.1028
1.8213
2.5405
1.6721
2.19
1.9992
1.9468
1.9449
2.0229
1.8478
2.2624
2.1951
1.5327
1.7816
2.0826
1.6964
2.0417
1.9893
2.055
1.7081
2.5403
1.8519
2.2448
2.2477
1.8834
1.7203
1.8287
2.1068
2.1516
2.029
1.9386
1.8872
1.9717
1.812
1.8213
2.1135
1.7361
2.0077
2.16
1.6154
2.4152
1.88
2.1041
1.8334
2.3634
1.7996
1.7787
1.6664
2.0208
2
2.2598
2.2544
2.5201
2.4005
2.0632
1.9143
1.8755
2.1999
1.8538
2.1409
2.1312
2.1839
1.9822
1.9627
1.8505
1.5257
2.2738
1.802
2.1787
2.048
2.3629
1.5985
2.3802
2.126
1.7847
2.1891
1.7159
1.8979
1.8886
1.9453
2.2514
1.8635
2.1445
1.6692
2.173
1.9149
2.1368
1.8629
2.2917
1.7852
1.6569
2.1508
2.0056
1.9551
1.8036
1.7949
2.0338
2.0046
1.6459
2.4855
1.7196
1.8731
2.4642
1.7254
2.1837
1.856
1.8195
1.8268
2.0788
1.7551
2.2116
1.7021
1.7681
1.9585
1.5215
2.3794
1.9903
1.8879
1.9571
2.1437
1.9309
1.9013
2.0162
2.3769
1.5976
1.7531
2.3828
2.1983
1.5854
1.9144
2.024
2.3326
1.693
1.6824
2.1625
1.7261
1.8025
1.7362
1.9552
1.8988
1.962
1.7522
2.0049
2.3071
1.9011
1.976
2.1868
2.5534
2.2809
1.7361
1.8651
2.1437
1.8919
2.0573
2.1616
2.2237
2.0022
2.1266
1.9424
2.2791
1.9003
2.1102
2.1042
1.9267
1.7825
2.0149
2.0599
1.8585
1.7416
2.0609
1.8298
1.8893
1.6687
2.3413
1.7791
2.1481
1.9319
2.1824
1.7234
1.925
1.9442
1.7884
1.9155
1.9572
2.4709
2.0719
2.0848
1.8894
1.7465
2.0841
1.9577
1.6965
2.0791
2.1265
1.8147
1.6158
2.305
1.7241
1.8926
1.9032
1.648
2.2279
1.7445
2.1218
1.6172
2.1176
1.7747
2.2213
1.8475
2.2934
1.8515
2.8873
1.6023
1.7059
1.751
2.1845
1.5909
1.9013
2.0915
1.7467
1.7527
2.2345
1.8144
1.9172
1.9265
2.3751
1.534
2.1042
1.821
2.1769
1.8883
2.2201
1.8556
1.9468
2.281
1.9723
1.6768
1.6139
1.9744
1.8394
1.7321
2.1919
1.9225
2.0843
2.2147
2.027
1.8213
2.0418
1.999
1.9949
2.2913
1.9372
1.8988
1.788
1.9726
2.0508
2.0408
1.9748
1.893
2.3417
1.8975
2.1774
2.0986
1.8397
1.9912
1.7137
2.1419
1.8054
2.6119
1.9051
2.0243
1.8049
1.7527
1.9934
1.5916
2.2341
2.041
2.219
1.9974
1.9429
1.9134
1.5764
2.3225
2.0304
2.1406
2.2896
1.8535
1.8489
1.9375
2.2257
2.0343
1.608
2.0597
1.7735
2.3027
2.2327
1.7832
2.1759
1.7726
1.9475
2.0199
1.8446
2.0779
2.1177
1.8627
2.1782
2.2691
1.8311
1.763
2.1127
1.8427
1.699
2.178
2.1598
2.0206
2.3636
1.9259
1.8725
2.056
1.6715
2.2602
1.661
2.1736
1.6449
1.7371
1.9186
1.9977
1.7994
1.7997
2.1338
2.1866
1.5661
2.3192
1.8021
1.9108
1.888
1.7634
2.0968
1.5906
2.2596
2.4609
1.5771
2.1207
2.248
2.1901
1.7036
1.8683
2.0875
1.9473
1.989
1.6397
2.1157
2.1417
1.7869
1.8877
1.9104
1.6638
2.1804
2.0387
2.0631
1.884
1.9079
2.2522
1.7538
1.9938
2.2942
1.8321
2.1693
1.6307
2.1229
2.0381
1.6064
1.8342
2.0307
2.1524
1.8178
1.9864
1.9743
2.1432
2.2121
1.5997
1.9981
2.0504
1.7477
1.8652
1.966
2.2539
2.2965
1.9383
1.8557
2.0484
1.8706
1.9361
2.4161
1.941
2.4219
1.5807
2.0134
2.5044
1.8835
2.0159
2.222
1.6716
1.7985
1.975
1.7819
1.9131
2.1554
2.2893
1.8196
1.5577
2.1782
1.5712
2.5872
1.3921
1.9291
2.1048
2.0171
2.4301
1.767
2.3056
1.7111
2.098
2.0426
2.0232
1.6688
2.088
2.0815
1.5301
2.4716
2.0376
2.1029
1.9536
1.9741
1.629
1.7443
1.9505
1.9995
2.3059
1.8058
1.9306
1.8306
2.0301
1.7758
2.0314
2.152
1.983
1.9092
1.8592
1.5455
2.125
2.2251
1.4226
2.1697
1.8423
2.053
1.9232
2.2209
1.9643
1.741
2.43
1.6805
2.4491
2.2608
1.8924
2.3787
1.8077
2.3243
2.0115
1.6784
2.3024
2.0185
2.1035
2.122
1.8835
1.9981
1.6634
2.2625
1.8825
1.7456
2.3182
2.0883
1.8296
2.2295
1.8399
1.9133
1.961
1.9043
1.9976
1.7095
1.9884
2.0403
2.1368
2.0462
1.9955
1.5948
2.2214
1.7257
1.6447
2.0552
2.2229
1.6472
1.9407
2.3522
1.7837
1.8391
2.0349
1.854
1.8009
1.9481
1.8385
1.8545
1.9018
2.0304
1.9611
1.9509
1.8046
2.115
2.2239
1.7829
1.9193
1.7323
2.1357
1.8052
1.7613
2.5113
1.8393
1.8634
2.213
2.0211
1.6899
1.8952
2.0683
2.045
2.0703
1.6023
2.1439
2.0684
2.103
2.3688
2.0648
1.6206
1.935
1.9321
1.6742
2.3624
2.2834
1.8833
2.4078
