2.1234
1.685
2.1154
1.5566
2.3376
1.7328
2.2839
2.1678
1.8438
2.0851
1.9527
2.4597
1.8356
2.037
1.921
2.2267
1.9993
1.6209
2.1523
2.0666
1.6341
2.1638
2.0535
1.9675
1.7047
2.2744
1.8439
2.0114
2.2675
1.931
1.71
1.8778
2.3747
1.758
2.1615
1.7444
2.0044
2.0778
2.125
1.6413
2.1273
2.1537
2.0174
2.0906
1.8035
1.7833
2.2817
2.4189
1.7435
1.9705
1.8413
1.9612
2.1348
2.0387
1.8583
1.9364
2.0813
1.6425
1.9595
2.0406
2.0521
1.9517
2.0267
2.0372
2.0126
2.0381
2.06
1.7728
2.1341
1.9873
1.8818
1.691
2.2515
2.0146
1.8014
2.1375
2.1814
1.4861
2.1283
1.9049
1.8456
1.8544
2.011
2.4291
1.7472
2.3048
2.1296
1.7926
1.8868
1.865
1.7061
1.9348
2.0479
2.2127
2.0865
1.9176
1.9173
2.097
2.0471
1.7564
1.8876
1.7504
2.1256
1.9309
1.9451
1.7696
2.0216
1.7626
1.6226
2.0984
2.0735
1.885
2.0304
1.8266
1.9936
2.1255
2.5517
1.9263
2.0485
2.3666
1.54
2.2452
2.1697
1.9461
2.0262
1.797
1.8388
2.2013
2.3293
1.7593
2.2412
1.74
1.9666
2.0507
1.97
1.7564
2.2367
1.6813
2.1045
2.0388
1.8445
1.8619
1.7792
2.0916
1.8144
2.1793
2.0072
1.6865
1.9198
2.193
2.0405
1.9731
2.0524
1.9855
1.8164
2.0152
2.0249
2.0272
1.9559
2.5325
1.6608
2.095
1.9884
2.186
2.0871
1.8468
2.0579
2.555
1.8911
2.016
1.9396
1.482
2.2876
1.9482
1.4277
2.2862
1.8777
1.9608
2.1303
1.8304
2.2207
1.8382
1.9657
1.6831
1.6435
2.1234
1.8609
2.167
2.0918
1.8469
1.7638
2.3768
1.8335
1.9195
2.1782
1.995
2.0357
2.1266
2.0825
1.9081
2.1909
1.9145
2.2642
1.9174
1.6893
2.2267
2.0035
1.956
2.0096
2.0685
2.087
2.0564
2.1839
2.4236
1.9307
2.3022
1.6148
1.9551
1.9879
2.0345
1.8857
1.7442
2.004
2.1785
1.983
1.746
2.2984
2.0782
2.1035
1.9814
1.9223
2.0668
1.6448
1.8962
2.145
2.3417
1.6832
1.8893
2.2123
2.0577
1.8017
1.8916
2.0785
2.2368
1.8297
2.0749
1.6781
2.2693
2.4309
1.8979
1.8588
1.8312
1.8562
1.5586
1.8635
2.1925
1.9776
1.9305
2.1969
1.918
1.7382
1.9086
2.1827
1.4638
1.9354
2.2302
1.7872
1.6655
2.172
1.5668
2.0929
1.6109
1.8527
2.0328
1.7107
2.2604
2.1792
1.7833
2.3319
1.953
2.1735
1.8222
1.8769
2.0838
2.2559
1.6586
2.1997
2.0673
1.8606
1.6411
1.9069
2.1845
1.7455
2.2374
1.9929
2.147
1.9676
1.4127
1.939
1.8382
2.3023
1.7904
1.9799
2.0178
2.0701
1.8972
2.0665
1.5726
1.9493
1.6404
2.3039
1.7977
1.868
2.2334
1.762
1.5516
2.0311
2.1347
2.1233
1.6748
1.8549
2.0269
2.2063
1.9759
1.7928
2.1123
1.8803
1.9692
1.6299
2.0211
2.3775
2.2993
1.8821
2.1322
2.1237
1.8224
2.2219
1.9471
1.9016
2.1132
1.819
2.0037
1.795
1.8552
1.9169
2.0958
2.0574
1.9932
1.644
2.3368
2.1096
2.096
1.5949
2.1538
2.1548
1.6426
2.2219
1.3301
2.3899
1.9614
2.0775
1.973
1.6032
2.307
2.2937
1.7251
1.6469
1.694
2.025
1.8217
1.7496
2.3616
1.8767
2.1403
1.7956
2.0674
1.8595
2.2194
1.9682
2.1753
1.9925
1.7486
1.8498
2.266
1.9804
1.661
1.9362
2.2472
2.2521
2.0437
1.7665
2.2904
1.6919
1.7271
2.5098
1.5379
1.9689
1.9839
2.0272
1.8183
2.3833
2.2329
2.1109
1.7307
2.1856
2.2627
2.1405
1.6458
1.9025
1.7977
2.362
1.7786
1.9829
1.9259
2.1788
1.8319
1.8515
2.1063
1.7034
1.9622
1.9431
1.9513
2.2
2.0538
1.8596
1.861
2.2526
1.9074
2.1383
1.6962
1.991
1.7407
2.3196
1.8313
2.0868
2.0412
2.119
1.9051
1.7834
2.2229
2.0479
1.7951
2.0537
1.7195
2.2018
1.7671
1.8356
2.3379
1.9276
1.7548
2.153
1.8563
1.8617
1.5887
1.9909
2.2085
2.0418
1.7373
2.1157
2.513
1.6207
1.9711
1.8635
2.2587
1.7426
2.2458
2.0581
1.7533
1.9348
2.0641
2.0959
1.7921
2.6052
1.5981
2.5398
1.856
1.8176
2.0149
1.6785
2.0795
2.0486
2.5201
2.1612
1.9444
1.9888
2.1759
1.9449
2.0745
1.9154
1.8361
1.8664
2.0224
1.9757
1.8434
1.9114
1.9417
1.7846
2.3776
1.4463
2.7207
1.8801
2.0553
2.2052
2.0799
2.2731
2.0395
1.8691
1.8951
2.0672
2.1501
2.2778
1.8171
1.7414
2.1819
1.8912
1.6894
2.51
1.3049
2.2344
1.9183
1.6468
1.8891
2.1931
2.1233
2.0217
1.9534
2.0659
2.0053
1.9113
1.7848
2.1653
2.0047
2.0193
2.4858
1.9855
1.837
1.59
2.0114
2.32
1.7677
2.5669
1.3741
2.2821
1.9762
1.7651
2.2963
1.9505
2.0855
1.8982
2.0646
1.8988
1.9982
1.9276
1.7842
2.117
1.8694
2.2247
2.0224
1.8799
2.1482
1.4654
2.1242
2.518
1.9451
1.7685
2.4307
1.9305
2.158
2.1206
1.8967
2.4552
1.8698
1.8862
1.8067
1.7884
1.8835
1.69
2.2787
2.1113
2.135
1.7547
2.1435
2.03
1.733
1.6224
2.6103
1.6231
1.9696
2.4004
1.8668
1.8904
2.2627
1.783
1.8616
2.3472
2.1214
2.4422
1.8531
2.0523
2.3624
2.3066
1.9095
1.7374
1.909
2.3193
1.8802
2.0555
1.8205
2.3284
1.4367
1.7907
2.1053
2.1208
1.6955
1.8895
1.9565
1.9384
1.9644
1.9161
2.0293
2.0106
1.8739
1.7142
2.1819
2.2174
1.8098
2.1049
2.1533
1.843
2.2432
1.9247
2.2797
1.6013
2.118
2.1353
2.1947
1.8216
2.1599
1.9575
1.6826
2.1086
1.862
2.1993
1.8328
1.7062
1.9234
1.9428
1.9186
1.8656
2.2336
2.0335
2.156
1.9019
1.4819
2.1524
2.1294
1.8158
1.9397
2.0015
1.9133
2.0021
2.304
1.6783
2.1171
2.1968
2.1719
2.018
2.0467
1.9429
2.2712
1.1438
2.804
1.7245
2.1265
1.8786
1.9539
1.8102
2.2279
1.9453
1.8644
2.4917
1.8366
1.8998
2.1382
2.343
1.6195
2.2113
2.0903
1.7442
2.0324
1.7666
2.2814
2.235
2.2293
1.8437
2.1054
2.0211
1.978
1.6711
2.2388
1.7865
2.2204
1.6037
2.3387
1.7375
2.161
2.1876
2.0463
2.1679
2.1516
2.4375
1.5657
2.0464
2.0606
2.2929
1.894
2.1855
1.8564
1.7507
2.2623
2.1506
2.0816
2.0795
1.6502
2.2683
1.8397
2.0788
1.883
1.6667
2.282
2.2332
1.8182
1.9271
2.0979
1.8437
1.6036
2.0861
2.2499
1.8098
2.3411
1.5515
2.6079
2.0671
1.6817
2.0731
2.0503
1.4539
1.7758
1.8117
1.9451
1.7479
2.3267
1.606
1.9957
1.9359
2.5109
1.7072
1.8127
2.2497
1.6326
1.9729
1.9813
2.1962
1.9759
2.3329
1.9933
1.8543
2.3903
1.7888
2.4404
1.9653
2.0831
1.9993
1.7304
2.0393
2.2602
2.1756
2.5551
1.7348
2.0423
2.1291
1.9938
1.6077
2.2491
1.749
2.3026
1.8695
2.3243
2.1301
1.8137
1.8269
1.797
2.2068
2.0186
2.0216
1.9761
2.205
1.9464
2.0928
1.7991
1.9299
1.8851
2.2067
1.9188
2.0774
1.8925
1.6644
2.1505
2.1931
1.8644
1.9564
2.2482
1.8004
2.0799
1.9781
1.8848
2.03
2.1088
2.0522
2.0194
1.9106
1.8988
2.2482
1.8332
2.3146
2.1485
1.8842
1.8721
1.8337
2.2469
2.5156
1.8878
2.3435
2.4364
2.0831
1.5032
2.0629
2.1336
2.0839
2.4895
1.6622
1.6334
2.0978
1.9894
1.9257
1.8794
1.8773
1.8028
1.9588
2.1736
1.9149
2.1898
1.7946
1.774
1.8542
2.102
2.0991
2.1909
2.4453
1.7566
2.1137
2.0408
1.8021
2.1777
2.267
1.909
2.1766
1.7874
2.2026
1.5636
2.3825
1.8313
2.1261
1.9383
2.4687
2.0127
1.72
2.055
2.3214
1.7341
2.1746
2.7205
1.6345
2.1506
2.1858
1.646
2.3341
2.0687
1.8414
1.8423
2.0867
1.9334
1.7383
1.9769
1.8395
1.7224
1.868
2.6322
1.8008
1.501
1.8749
2.2787
1.627
2.052
1.7196
1.973
2.1328
1.8253
2.0896
1.9068
1.9222
2.5507
1.8283
2.1271
1.7431
1.8928
1.7809
2.1386
1.923
2.0631
2.2035
1.6362
2.0979
1.901
2.3457
1.6367
2.2784
2.104
2.3912
1.864
2.1914
2.1454
1.4607
2.231
2.0312
2.0896
1.9985
2.2279
1.7443
1.9428
1.8148
2.1367
1.7845
2.2676
1.7551
1.8019
1.772
2.1283
2.012
2.0961
1.9194
2.3303
1.966
2.0193
1.9314
2.5112
1.6995
2.1476
1.6925
2.2101
1.6933
2.2153
1.7354
1.9582
1.7816
1.9961
2.5007
1.5936
2.3766
1.83
1.58
1.4566
2.6586
1.8078
2.0635
1.9781
1.9956
1.9316
2.1825
1.7923
1.7415
1.9227
2.3031
1.8019
2.1586
2.0528
1.9155
2.0143
2.078
2.1624
2.1407
2.289
1.8685
2.2433
1.6285
1.777
2.2162
1.9788
1.8275
1.8946
2.1826
1.8197
2.185
2.2757
2.1642
2.1832
2.1818
2.0052
2.5506
1.9209
1.8032
2.1337
1.7749
1.9124
1.8769
2.0849
2.1935
1.7748
2.0211
2.4381
2.0562
2.1007
1.7134
2.2418
2.4195
1.835
2.0291
2.0663
2.0893
1.8766
2.2505
1.9833
1.9886
1.7971
2.0352
1.6719
1.8455
2.0649
2.1432
1.8409
1.7738
2.3371
1.7803
1.8291
2.0579
1.7639
2.2752
1.6745
2.1462
1.91
2.2904
1.7844
2.1431
2.0114
1.9246
2.305
2.3248
1.7821
1.9137
2.1034
1.6301
1.7296
1.9323
2.0713
2.0007
2.1744
1.8228
1.7601
2.0139
1.7045
1.8543
2.2449
1.7891
1.9168
1.6902
2.0671
1.8713
1.7875
1.8605
2.4162
1.7569
1.8157
2.0456
1.4572
2.089
2.1605
1.5611
2.4743
1.8098
2.0974
1.6141
2.2244
2.2805
1.5339
2.4094
2.0113
1.9675
1.9306
1.7962
1.7155
2.0274
2.4975
1.8451
2.1293
1.6912
1.8989
2
1.5701
2.6053
1.8887
2.1172
1.9358
1.83
2.1711
1.9875
2.0574
1.6526
2.7139
1.8756
2.003
1.97
1.93
2.1121
1.9714
1.7788
1.9072
1.9147
1.9556
2.0708
2.2957
1.5257
2.2417
1.7682
1.9158
1.9356
2.0517
2.1217
1.9271
1.865
1.8694
2.1115
1.7208
2.09
2.4355
2.049
2.2701
1.9559
1.585
2.3604
1.8841
2.088
1.9239
1.6225
2.307
1.9236
1.9489
2.0539
1.8231
2.1932
2.3674
1.9776
2.1354
1.8544
1.787
2.3081
1.7828
2.2337
1.6066
1.6506
1.6773
2.0598
2.3271
1.5297
1.8043
2.2725
1.6007
2.2843
1.7573
1.7464
2.445
2.2501
1.6041
1.8242
2.076
1.9715
2.2122
1.888
2.0799
2.0128
2.1353
1.7285
1.9253
2.0572
1.7346
2.6362
1.9219
1.8771
2.0056
2.2777
1.6779
2.0654
2.0077
1.9337
2.064
1.987
1.9988
1.5392
2.1834
2.0816
1.8448
2.0431
2.1619
2.1232
2.2018
1.8935
2.0457
2.2776
1.6698
2.0977
1.9053
2.3379
2.1123
1.8575
2.1492
1.5922
2.0768
1.63
2.2047
2.0447
1.978
1.8208
1.6953
2.3236
1.7468
2.4842
1.7054
2.0772
1.8602
2.0544
1.6724
1.8843
2.3827
1.5562
1.8601
2.2746
2.1659
1.9136
1.8308
1.8412
1.9753
1.8937
2.4304
2.0649
1.8128
2.0914
1.8265
1.8634
2.116
1.8189
2.0087
1.7113
1.9309
2.2174
2.0093
1.9917
1.8638
2.3145
1.9445
2.1324
1.8309
1.5469
2.6024
1.6958
2.0275
1.9973
1.8933
2.1683
1.9165
2.1596
1.8414
1.8602
2.1235
2.2521
1.7937
2.2901
1.8686
2.1802
1.9632
1.8921
2.2989
1.8214
2.227
2.0654
1.9522
1.9117
1.8896
1.7665
1.7761
2.3596
1.9663
1.8878
1.8499
1.9843
1.9826
1.9815
1.7512
2.1634
1.9462
2.1656
1.7096
1.8794
2.1395
2.2162
2.069
1.8027
2.4126
2.1588
1.7213
2.088
1.8931
1.8942
2.0545
1.9648
1.5333
1.9163
1.9533
1.9297
1.9872
2.0859
2.0053
1.9628
1.815
1.8232
2.236
2.2893
2.2101
1.7885
2.6277
1.6496
1.7533
1.8807
2.0222
1.9817
1.7324
1.8296
2.167
1.9683
1.6893
2.2385
2.055
2.3177
2.213
1.9948
1.9052
1.7437
2.04
2.0526
1.9018
2.0305
1.867
1.79
1.9353
1.8666
1.8649
2.0816
1.684
2.0398
1.8632
1.8596
1.93
2.3196
2.1329
2.142
1.6234
1.9362
2.1942
1.7406
2.1084
2.0003
1.8274
2.335
1.9234
2.1523
1.986
1.8606
1.7205
2.3598
2.0463
2.014
1.7957
2.2096
1.604
1.5474
2.0531
2.0149
2.0117
2.1777
1.6996
2.2188
1.5777
2.0996
2.1212
1.9033
1.8174
1.9201
2.2584
2.0868
1.9453
2.2986
1.8935
1.5484
2.0948
1.7399
2.3056
2.5165
1.9779
1.9207
2.2542
1.9186
2.1443
2.1658
1.8441
2.0404
1.8621
2.203
1.8351
2.158
2.0986
1.894
2.2307
1.7423
2.299
2.508
1.6554
1.9625
2.0201
1.7866
2.2987
1.6744
2.059
1.8074
2.3286
1.7102
2.0166
1.7324
2.0902
2.1545
1.9952
1.9958
1.8588
1.6932
1.7938
2.2497
2.3238
1.8199
2.1191
2.0574
1.866
1.9446
1.7751
2.1083
1.8731
1.8667
2.0723
2.0559
1.918
2.0954
1.7732
2.1056
1.9023
1.9174
2.5256
1.7858
2.164
1.975
1.9079
1.9175
2.094
2.1025
1.6379
1.7833
2.218
1.676
1.9204
2.1434
1.8015
2.6613
2.071
1.6629
2.0447
1.9765
1.9887
1.9127
1.8304
2.0106
1.7926
2.2735
2.3831
2.099
1.936
2.3773
1.6319
2.0822
2.1577
2.1728
1.7982
1.8968
1.8732
1.9832
1.7211
2.3126
1.7675
1.9128
2.0771
1.9814
1.9815
2.0193
1.8142
2.4516
2.026
1.3858
2.1863
2.0598
2.0146
1.8958
1.7296
1.9703
2.0703
1.8424
2.0611
1.9989
1.8722
2.1703
1.5479
2.6047
1.7827
1.9872
2.0097
2.1517
2.0193
1.8843
1.9785
1.6839
1.985
2.2949
2.2077
1.721
1.9351
2.1066
1.8225
1.9231
1.6208
2.039
1.9641
1.9297
2.1429
1.8301
1.8174
1.9464
2.1817
1.6971
2.2609
2.3535
1.8523
1.7232
1.8605
2.0907
2.351
1.9648
2.227
1.7249
1.9455
1.9998
1.9999
2.0616
1.6964
1.9405
1.7002
2.2659
1.5127
1.9941
1.9846
1.6775
1.9263
2.2147
1.6929
1.9875
1.5879
2.4008
2.2743
1.8174
2.1434
1.8963
2.1206
1.8576
2.2525
1.3339
2.1507
2.0593
2.2029
2.118
1.7974
1.8353
2.0307
1.8612
1.6924
2.3645
1.572
2.1399
2.0673
1.7858
2.1805
1.8047
2.1864
1.9472
1.7649
2.5164
2.3397
1.76
1.8027
1.887
2.0436
2.1821
2.3014
2.0971
1.6006
2.1667
2.0245
1.9334
1.4742
2.0222
2.0872
2.1754
2.0798
1.6673
1.7667
2.0544
1.9348
1.906
2.1667
2.1014
1.7923
2.2972
1.9113
1.9733
2.2181
2.0333
2.1029
2.3374
1.7512
2.3818
1.7226
1.9963
2.0142
1.6402
2.0599
2.0173
2.1985
1.8537
1.8193
1.7509
1.7342
2.4274
2.0702
1.583
1.9955
2.062
2.0393
1.913
1.9301
2.1907
2.358
2.0682
2.3631
1.5295
1.9039
2.2256
1.7898
2.1819
1.9584
2.2132
2.005
1.5715
2.1256
1.6531
1.7412
2.0721
1.955
1.9167
1.443
2.5071
2.0351
1.7089
2.4537
2.2329
1.8937
1.8726
2.2279
1.9504
1.9053
1.6834
2.3204
1.7685
2.0565
1.9431
2.3182
1.9387
1.7279
2.1128
2.1321
1.8414
2.0081
2.3809
2.042
1.9344
1.7752
1.7838
2.1384
2.3378
1.6815
1.9618
1.9475
1.9941
1.878
1.9526
2.0088
2.0381
2.2109
2.5493
1.6486
2.1144
2.1053
1.7404
1.9188
2.0444
1.7437
1.8908
2.3998
1.8397
2.2072
1.8568
1.9354
2.2376
2.2726
1.9247
1.6809
2.2645
1.7699
2.4354
2.1471
1.7381
2.0362
1.8183
2.5496
1.807
1.6184
2.2096
1.6171
1.9475
2.2174
1.5582
2.1337
2.2914
1.7767
1.8143
1.9037
2.5629
1.7598
1.8745
1.877
2.0915
2.4812
2.0123
1.8987
2.261
1.7254
2.1864
2.1186
1.8336
1.6899
2.2975
1.6362
2.0987
2.0918
1.6363
2.1157
1.7829
1.9701
1.6643
1.8733
2.0884
1.9892
1.9411
1.9198
2.0238
1.8693
2.0544
2.3533
1.7804
1.7982
2.2631
1.7566
1.7088
2.075
1.8501
1.9229
1.9398
1.8323
2.0104
1.9575
2.3275
1.5985
2.3383
1.7003
1.7329
2.1503
1.9822
1.6489
1.687
2.2885
2.0626
2.2126
1.9015
2.1393
1.768
1.9506
2.3338
1.5192
2.1063
2.0894
1.6372
1.632
2.33
2.1772
1.7279
2.309
1.8899
2.3804
2.097
2.2431
2.2351
1.9159
1.9586
1.6598
2.199
2.0141
2.0817
2.2034
1.9106
2.0479
1.7182
2.1616
1.9271
2.0055
1.6506
2.3472
1.7112
1.7174
2.0522
1.9255
2.1143
1.8724
2.4736
1.7008
2.2946
2.0182
1.978
2.147
1.8512
1.6138
1.9636
1.7549
2.2115
2.4249
1.5594
2.4621
2.1241
1.745
2.1494
2.17
2.0626
1.8379
2.1759
1.9382
2.1852
1.8908
2.243
1.893
1.9919
2.1139
1.826
1.9948
1.5201
2.3618
1.9917
2.0047
1.6198
2.3084
2.1736
2.0685
1.8691
1.9625
1.9458
1.8175
2.2045
2.1786
1.6887
2.2361
1.7328
1.8249
1.8384
1.7621
2.1216
2.278
1.9963
1.5504
2.0994
2.1053
1.9652
1.7963
1.7948
1.8383
2.0685
1.6041
1.9445
2.4664
1.5116
2.4439
1.522
1.9862
1.9281
2.016
1.5865
2.0164
1.931
2.0697
1.869
1.9579
2.009
2.0084
1.9476
2.1521
1.6699
1.9555
1.9046
1.7212
2.3333
2.019
1.6072
2.472
2.1971
1.6578
1.9151
1.9996
2.0164
1.5317
1.9203
2.0111
2.0963
1.6771
1.6456
2.122
2.2405
2.0963
2.1015
1.8036
1.945
1.9853
2.1407
1.9301
1.7024
2.032
2.0723
2.0117
1.9138
1.9848
2.1308
2.279
2.1551
2.0052
1.9388
2.1429
1.4981
2.2595
1.9992
1.9079
1.8663
1.8037
2.2651
1.9384
1.9506
2.1184
1.7624
2.0683
2.2698
2.1828
2.065
1.8239
1.9533
1.9827
2.1397
1.7212
1.9692
2.1223
1.761
1.7144
1.8158
2.0053
2.0977
2.1522
1.7951
1.9426
2.3543
2.3769
2.2323
1.4393
2.4531
1.7381
2.3173
1.9181
2.0558
2.215
1.9817
1.7101
1.8798
2.0997
1.9076
2.3593
2.3835
2.1352
1.467
2.3841
2.2286
1.8571
1.7798
2.6995
1.515
2.5866
1.9737
1.6866
2.2336
1.9082
1.7719
2.3348
2.2612
1.7138
2.0856
2.1275
1.7032
2.0125
1.8881
2.0457
2.2272
1.9551
1.569
1.9762
1.9716
2.1216
2.0512
1.7969
1.9813
1.7131
1.725
1.7875
2.046
1.8579
2.1961
2.1535
1.5513
1.7529
2.2375
1.4644
1.9292
2.0934
2.1072
2.2979
1.8635
1.898
2.2392
1.9581
1.8258
1.7871
2.1493
2.1608
2.2658
2.3823
1.8598
2.2016
1.7021
2.2108
1.6137
1.7786
2.1513
1.9859
2.0055
1.9884
2.0823
1.6594
1.853
2.1742
2.1957
2.0472
2.0343
1.6671
1.9509
1.9573
1.9184
2.2345
1.6333
2.2421
2.1488
1.3884
2.3008
2.0216
2.2211
1.6883
1.9115
2.084
1.5526
2.0902
2.2578
1.9427
2.1232
1.8967
1.6831
2.2182
1.8458
1.951
1.953
1.9964
1.7415
1.8728
2.0162
2.1634
1.8549
2.3182
1.8559
2.065
2.0335
1.833
2.0533
2.0375
1.81
2.1281
1.8526
1.9695
2.0922
2.1235
1.7045
2.2115
2.2412
2.3294
2.1955
1.7113
2.1769
1.6002
2.2463
2.04
2.6789
1.5487
1.9286
1.7384
2.0573
1.8854
2.2693
1.9285
2.0526
2.4929
1.6895
1.8839
1.8879
1.8304
1.8568
2.1844
1.9368
2.0135
1.812
1.9347
2.1476
2.0312
2.2142
1.9544
1.9415
1.7019
1.975
2.0354
2.083
2.0723
1.7722
1.9654
1.747
2.1197
1.776
1.8844
2.2553
2.2571
1.7063
1.8541
1.6262
2.4991
1.7966
2.0639
2.0442
2.3491
2.0868
2.115
2.1988
1.6315
2.6328
1.8688
2.1105
1.7171
1.9574
2.0195
2.0128
1.7738
1.9674
2.2797
1.8747
2.1054
2.0183
1.8175
1.9577
2.188
1.4706
2.5506
1.5402
2.15
2.0633
1.9045
2.3129
2.0828
2.0571
1.9024
1.5883
1.7966
2.8959
1.5103
2.1988
1.8811
2.0116
1.7931
1.8395
2.2691
1.9903
2.0201
2.103
2.2732
1.97
1.634
1.9114
2.1818
2.5464
1.7968
1.8719
2.0015
2.0034
1.6634
2.2483
1.8383
2.24
1.8116
2.268
1.7756
1.5557
2.2928
1.6957
1.8262
2.1705
2.0128
1.5996
1.8887
1.9101
1.8584
1.9367
2.0136
2.5677
1.7135
2.3152
2.1757
1.6452
2.2014
1.8296
1.9304
1.8003
1.7706
2.2405
2.29
2.2514
1.6215
1.9757
2.073
1.2925
2.1594
1.6832
2.063
1.7629
2.2529
1.9314
2.1279
1.9554
1.8667
2.2988
1.8914
2.1006
1.9143
1.8652
1.8538
2.2346
2.5399
1.6628
1.8943
2.0718
1.9053
2.1243
1.5622
1.9226
2.2389
2.0415
1.6642
2.1847
2.1556
1.8688
2.2587
1.9995
2.1876
1.8026
2.214
2.2519
1.7434
2.0622
1.9594
2.0451
2.5752
2.0328
2.0581
1.5538
1.8687
2.3049
1.887
2.3346
1.9185
2.0417
2.0732
1.7549
1.9048
2.4731
1.6422
2.0644
1.9576
1.8045
2.4474
1.9389
1.7905
1.879
1.9431
1.8996
2.0536
2.2941
1.8804
1.585
2.3898
1.8962
2.1388
1.5159
2.0607
1.8486
2.0826
2.0139
1.9662
2.2386
2.0907
1.9445
2.0228
1.9311
1.805
2.4551
2.0499
2.1697
2.2883
1.9847
1.9416
1.8297
1.8112
1.9116
2.1782
1.7454
2.1263
1.9339
1.7827
1.9958
1.7293
2.1114
1.7722
1.8524
1.8235
1.7603
2.1644
1.786
1.894
1.8206
1.8909
2.3442
1.6496
1.8144
1.848
2.1421
1.7554
1.9993
1.8713
2.0878
1.8914
1.9614
2.4281
1.8493
1.8851
2.084
1.8599
2.3639
2.306
1.9371
2.021
2.2958
1.9219
1.9209
2.236
1.9889
1.9615
2.6718
1.8144
2.1404
2.116
2.4666
1.9298
2.1283
1.8077
2.1567
1.824
1.6191
2.5135
1.8258
2.2018
1.7969
1.6704
1.9242
1.9462
1.9812
1.768
2.4441
2.0961
1.7756
2.2979
1.6687
1.8854
1.9395
2.3807
2.2359
1.7081
2.2953
1.97
2.0042
1.6571
1.9762
1.9297
2.511
1.8899
1.8041
1.9501
1.5775
2.2601
1.994
1.9099
1.6974
2.3038
1.823
2.31
1.5118
2.06
2.2447
1.7294
1.8586
2.1862
1.8944
2.0188
1.5988
2.0721
2.0427
2.1334
2.1292
2.1758
1.7097
1.8605
1.7609
1.9917
1.9284
2.1681
1.5308
2.1044
1.7443
2.0249
2.1142
2.2119
2.0289
1.9234
2.0567
1.6994
1.8472
1.8275
2.1757
1.9116
1.8414
1.9292
1.8198
2.4389
1.9924
1.935
1.927
2.045
2.3479
2.1481
2.072
2.2848
1.5505
1.7788
2.1702
2.3337
2.0993
2.0277
2.143
1.8815
1.6362
2.1018
1.2121
2.1802
1.9403
1.7416
2.0494
2.2056
2.2307
1.933
2.3156
2.0525
1.9442
1.7068
1.7902
1.997
2.217
1.8856
1.497
2.2416
2.3634
1.7134
2.143
1.7506
2.1828
1.7375
1.8905
2.257
2.2491
1.5702
1.8133
2.2272
1.9156
2.434
1.587
2.0043
1.8352
2.5392
1.5789
2.1525
1.8792
2.1087
2.3245
1.8419
1.7072
2.0896
2.1566
1.3931
1.8346
1.9705
1.8068
2.0117
1.806
1.9798
1.72
1.9555
1.7572
2.5667
2.4311
2.0663
1.9779
2.2974
1.9477
2.1338
2.2958
1.8765
2.1785
2.2717
2.0074
2.0547
2.2572
1.6921
2.443
1.8579
1.5812
2.5284
1.6768
1.8024
2.0977
2.6135
1.4994
2.3379
1.9851
1.3099
2.1247
2.0331
2.1656
2.3933
1.825
2.2153
2.0245
2.3768
1.7869
2.2714
2.1163
1.8937
1.7749
1.8769
2.0106
2.2482
1.7528
1.7827
1.9719
2.1925
1.6546
1.9717
2.0648
2.2533
1.981
2.1528
1.8335
1.929
2.1285
1.9924
2.0055
2.037
2.2285
2.4226
1.7778
2.1115
2.0802
2.0213
1.8192
2.1628
1.5767
2.1233
2.2979
2.042
1.7843
1.8648
1.6588
2.176
1.9408
2.3126
2.2952
2.1339
1.5941
1.7573
2.1384
2.2251
2.0041
2.171
1.9406
2.3123
1.4708
2.099
2.2103
1.9083
2.0431
1.6829
1.9261
2.0653
2.0052
1.9526
2.1902
2.3399
1.8323
2.1268
1.7164
1.8107
1.9619
1.9498
2.3063
1.8579
1.7283
1.9915
1.8898
1.9074
1.9247
2.1239
1.8786
1.869
2.0447
1.7412
1.9014
2.1562
2.1476
2.2125
1.7355
1.8942
1.9064
2.2077
1.878
2.2604
1.8957
1.9774
1.8709
1.8512
1.967
1.8481
2.3291
2.0888
2.1511
1.9955
2.2663
1.9298
1.9775
2.2667
2.0361
1.9038
1.836
2.2336
1.8057
1.8077
1.8285
2.3605
1.8405
1.558
2.2919
2.2252
1.6151
2.112
2.3689
2.2811
2.1967
1.7503
2.326
1.8378
1.8378
2.2553
1.9916
1.6077
1.8751
2.2943
2.0954
2.0971
1.6791
1.8604
2.1614
2.1637
2.2651
1.7802
1.959
2.0514
1.9509
1.8901
2.2049
1.6446
2.1053
2.0694
2.2266
1.5896
2.0884
2.0185
1.9511
2.1637
1.2331
2.3577
2.0551
2.0508
2.1168
1.829
2.1472
2.0918
1.8587
2.0017
2.0923
1.6946
1.8627
2.455
1.9098
2.3446
1.9912
1.7855
1.6432
1.9617
2.1495
1.6583
2.0218
2.2208
1.6876
2.2246
1.7873
1.9575
2.0777
2.1211
1.8479
1.7513
2.2027
2.1441
1.8377
1.9829
2.3565
1.531
1.7696
2.2833
1.6985
2.0374
2.1239
2.2408
1.5046
1.7307
2.5829
1.9037
2.1302
1.9484
1.9853
2.044
1.7823
2.3879
1.4235
2.1091
1.7571
1.7779
2.1755
1.7772
2.0234
1.8618
2.0758
2.0008
2.3106
1.6116
2.2569
2.0406
1.7473
2.0148
2.1994
2.0232
2.1781
1.8731
1.9542
1.8657
1.9569
2.4102
2.0767
1.7414
2.2215
2.0374
1.8509
1.8578
1.9835
2.079
1.846
2.4377
1.9941
1.6526
2.2864
2.2171
1.8982
1.9525
2.2911
1.9912
1.7018
2.0375
1.7473
1.8714
2.1955
2.3916
2.1917
2.1829
2.3414
2.2051
1.7548
2.6476
1.6809
2.0028
1.8098
2.2344
2.0308
2.2643
1.784
2.1947
1.7837
2.0756
2.23
1.8414
1.742
2.1838
2.307
1.7068
2.0916
2.0149
1.8227
2.5262
2.0242
2.0558
1.5056
2.0569
1.891
2.7208
2.0506
1.388
2.0914
2.3006
1.9446
2.0462
1.8706
1.759
2.272
1.7653
1.9245
1.7805
1.9186
1.7777
2.3136
1.9147
1.7701
2.3782
1.5575
1.961
1.9366
2.2001
1.8363
1.7759
2.0769
1.9653
1.818
2.1468
2.4224
1.5184
2.0167
2.4135
1.747
2.0747
1.6861
1.7699
1.9887
2.0961
2.0256
1.6498
2.0694
2.0078
1.9039
1.9428
1.8004
1.516
2.1261
2.1239
1.7821
2.0914
2.0126
1.802
2.2364
2.1746
2.1341
1.9848
2.0243
2.2659
1.9022
2.1424
1.7866
1.9381
1.9718
1.9185
2.047
1.8491
2.3307
2.116
1.9377
2.2292
1.9096
2.1626
1.9323
1.8725
1.8777
1.8829
2.2991
2.2314
1.7621
1.7072
1.9908
1.9913
2.1871
2.1373
2.0129
1.9288
1.7345
2.4009
1.9102
1.9341
1.9311
1.7381
2.1889
1.8844
1.968
2.1855
2.2662
1.9824
2.0189
1.744
2.2313
2.2097
2.1425
1.735
2.2868
2.1094
2.0865
2.0428
2.0605
1.9688
2.1105
2.0586
2.1118
1.8747
1.8252
2.0702
1.9371
1.8991
2.2891
2.0909
2.1076
1.5706
2.0972
2.1783
1.9354
1.692
2.2063
1.7717
1.7104
2.2949
1.6725
1.8436
1.7701
1.7184
1.882
2.3034
1.9079
1.8875
1.9401
2.4153
1.8242
1.9792
1.9678
2.1103
1.8052
2.0385
2.0284
1.8152
2.0774
1.7888
1.9394
2.6244
1.9998
1.9067
1.7514
1.8409
1.9562
2.1462
2.1082
1.7635
2.3384
2.1605
1.8444
1.9213
2.1283
1.6708
2.1422
2.0201
1.9185
2.0358
2.1037
1.8537
2.2387
1.8279
1.6853
1.9739
2.2218
1.955
2.2354
1.5159
1.9709
1.7097
2.0749
1.7392
2.1405
1.919
2.1605
2.0243
1.861
2.0095
1.7723
1.7807
2.3797
1.9033
1.6589
2.2653
1.8892
2.3589
1.8236
1.886
1.6876
2.6148
1.9589
2.0751
2.268
1.8886
2.1915
1.8268
2.0252
1.459
2.0821
2.3395
1.8339
2.1137
2.1793
2.2523
1.7222
2.0696
2.0805
1.8738
1.9005
2.1354
2.1387
1.8391
1.7568
2.4648
1.4983
1.9528
2.5696
1.7445
2.2107
1.7972
1.9331
1.925
1.8875
1.7663
2.0887
1.78
1.9335
1.7865
1.9536
1.3987
2.5573
1.8861
2.0197
2.2559
2.0501
1.956
2.2499
1.6816
1.5561
2.5211
1.8035
2.653
1.7541
1.9016
1.9459
1.9467
2.2963
1.8969
1.7496
1.7971
1.9046
1.9597
1.8604
1.8855
2.0115
2.2262
1.8882
2.3618
1.8881
1.9387
1.9635
1.8318
2.287
2.3071
2.0499
1.8158
2.1697
1.621
1.9648
2.125
1.8979
1.9212
2.5209
1.9225
2.0216
1.6268
1.9536
1.7883
2.1664
1.7255
1.9892
2.1123
1.7669
2.0326
1.9328
1.7662
2.5215
1.6914
1.9743
2.4088
1.9806
2.1614
1.8683
2.1512
1.5615
2.0136
2.1538
1.9779
2.1559
1.6163
2.3177
1.8599
2.2321
2.0339
1.9151
2.0002
2.0004
1.9195
2.3231
2.2547
2.3067
1.9097
2.447
2.0393
2.0332
1.872
2.1053
2.1121
2.0766
1.9486
1.999
2.5142
2.073
2.0309
2.0419
2.1321
2.1837
1.9089
2.0044
1.854
1.8214
2.3434
1.9396
1.6108
1.8716
1.8509
2.3379
1.8096
2.2767
1.9198
1.8159
1.6605
2.0941
1.9607
1.943
2.0307
1.7436
2.0258
2.0532
1.7787
2.1826
1.5923
1.8971
2.0172
2.1052
2.0771
1.9951
1.9647
2.1206
2.219
2.0644
2.2614
2.2804
1.8789
1.6496
2.1748
1.8163
1.8534
2.4882
2.2744
1.7968
1.8792
1.9435
1.7604
2.1971
2.0665
1.868
1.8044
2.2795
1.9224
1.8118
2.0758
2.1182
1.5976
2.1658
2.268
1.9441
2.1091
1.9029
1.9768
1.9644
1.7991
2.5256
1.7924
2.3379
2.0732
1.5872
1.8432
2.0321
1.9549
1.8711
2.0953
2.0229
2.3431
1.9467
1.5891
1.9085
2.1544
1.7217
1.8281
1.9223
2.1752
2.0475
1.6547
2.3294
1.9475
2.043
2.3078
1.4779
2.8163
1.5495
2.3539
2.0965
1.855
2.6981
1.4166
1.9531
1.6241
1.7962
1.9458
1.9907
1.7949
1.73
2.0494
2.2083
2.1304
1.8999
1.9175
2.0184
1.6785
2.2979
2.1041
1.629
2.302
2.2721
2.0451
2.0692
1.4743
2.3733
2.0563
2.0863
1.9643
2.0096
1.7215
1.9409
2.1533
1.7639
2.0564
1.8276
1.8235
2.4939
1.8391
2.1693
2.1708
1.9753
1.648
1.7892
2.1702
2.2331
2.2141
1.7906
2.1675
1.8104
2.2129
2.113
1.8725
1.8962
1.8635
2.2146
2.0181
1.9226
2.0014
1.8863
1.8087
2.2937
1.9222
2.0044
2.0516
2.2315
1.8641
2.0049
2.3838
2.2902
1.6915
2.3245
2.2564
1.5721
2.1372
1.765
1.734
1.5556
1.9493
2.1733
1.9038
2.5174
1.7844
2.0602
2.1142
1.9781
1.4018
2.4558
1.7574
1.7285
2.1483
1.8482
2.0825
2.3017
1.7103
2.1651
1.6495
1.7871
1.8927
1.9257
2.0303
1.5904
1.8898
1.9534
1.7297
1.91
1.5157
2.2286
2.3499
2.1921
1.6273
1.9843
1.8078
2.5076
1.9226
1.7484
1.9889
1.9822
2.4134
1.5733
1.7741
2.2689
2.1023
1.7444
2.5136
1.6778
2.1947
2.0966
1.8343
1.9152
2.256
1.8286
2.1185
1.9033
2.0788
1.8094
2.0841
1.7443
2.0854
1.8283
1.8077
2.2593
2.0792
2.0578
2.0053
1.8526
2.1375
2.0796
2.3935
1.9131
1.4089
1.9465
2.1727
2.0521
2.0505
1.9049
2.4404
2.0854
1.7933
1.9453
2.0576
1.8726
1.99
2.0638
1.8594
1.9588
1.7462
1.9945
1.9933
2.3001
2.1379
1.7917
2.2682
1.863
2.2907
1.9196
2.109
1.5389
2.3371
2.2418
1.7121
2.6659
1.6447
2.1268
2.1669
1.9831
2.0452
2.0782
1.8105
1.8636
2.2554
2.0183
1.8346
1.8267
1.7869
1.8918
2.0559
1.8516
2.4733
1.4726
1.8886
2.1488
1.6406
1.8208
2.4754
2.1363
2.0229
1.7119
1.9495
1.7229
1.8422
1.9004
1.9391
2.1867
1.8724
2.024
2.093
1.9037
2.1478
1.9267
1.9532
2.3344
1.8658
1.9185
1.7221
2.0972
1.7825
1.8851
2.0023
2.142
1.901
1.9362
1.8932
1.9938
1.7225
1.9943
2.5129
1.8799
2.2126
1.5249
1.8326
2.4931
1.7681
1.7071
2.1734
1.5773
2.2388
1.7435
1.8344
2.3271
1.8689
2.044
2.4981
1.9146
1.7596
2.4475
2.1279
2.2682
1.6239
1.9765
1.8802
2.4313
1.8346
1.7547
2.4094
1.7344
2.514
2.2899
1.6625
2.1105
1.9955
1.7458
2.2335
1.6736
1.9473
2.3644
2.1417
1.8989
2.134
2.224
1.8591
1.6603
1.7418
1.9025
2.574
1.8787
1.5891
2.3201
2.0469
1.6452
2.0676
1.7314
1.9706
2.0983
2.0515
1.8149
1.6964
2.3243
1.4475
2.1424
2.261
2.0764
1.8231
1.8055
1.8648
1.9328
2.2336
2.0879
1.6084
2.187
2.1651
1.4358
2.365
2.2089
1.8274
1.8755
2.1056
1.856
2.1039
2.0449
2.0659
1.8458
1.9623
2.1398
1.8279
2.1292
1.9825
1.4271
2.4433
1.6836
2.2249
1.4136
2.0375
2.4194
1.8139
1.7978
2.0869
1.5978
2.0999
2.089
1.8407
2.204
1.9936
2.111
1.8506
1.818
2.0111
2.0562
1.9627
1.7665
2.2874
1.9911
2.1451
1.9727
1.7916
1.7705
2.0259
1.7548
1.6173
2.3821
1.5562
2.0492
2.0723
2.1797
1.987
2.0238
1.8716
1.7882
2.8415
1.9588
1.8352
2.3285
2.1159
1.7769
1.9212
2.1917
2.1285
1.5417
2.1757
2.2044
1.7391
2.0659
1.5731
1.9804
1.987
2.0099
2.1041
1.8217
2.2941
2.2111
1.8917
1.8363
1.5868
2.031
2.0181
2.2312
1.984
1.8591
1.9794
1.9431
1.6963
2.2106
1.8727
2.6434
1.6857
1.9114
2.1635
2.183
1.9549
2.5223
1.5915
2.29
1.8815
2.0307
2.0958
1.8739
1.9819
2.1445
1.5546
2.1319
2.2261
1.8656
1.8335
2.5527
1.569
2.3539
2.1465
2.3612
2.0368
1.8501
1.9723
1.7466
1.7532
2.3682
2.4811
1.74
1.6388
2.4481
2.0336
2.1407
1.7849
1.9165
1.7836
1.9565
1.6137
2.104
1.68
2.3506
2.0406
1.7903
1.9011
1.9235
2.2924
1.9912
2.2696
1.7677
2.2009
2.1221
1.9499
1.7075
2.1188
1.6429
1.7801
2.0446
2.0722
1.9016
2.0851
1.5396
1.6694
2.0048
2.16
1.9462
1.638
1.9369
2.0039
2.1196
1.8852
2.2005
1.8096
2.3281
1.7432
1.7862
2.1243
2.0566
1.6556
2.3256
1.5934
2.3179
2.078
2.2636
1.7498
1.6154
1.9981
2.2785
1.9056
1.8509
2.301
2.4569
2.0556
1.9741
1.6278
2.2911
2.1102
1.8967
2.0134
1.8907
1.9742
2.3013
2.0268
1.7691
1.9978
2.0842
2.1228
2.3721
2.1406
2.2802
1.5102
2.678
1.9965
1.7295
2.5577
1.843
2.4032
1.5975
2.2517
1.8569
2.0997
2.0158
2.1181
1.8376
2.27
2.006
1.745
1.9688
2.0849
2.1137
2.2142
1.8445
2.0512
1.8363
2.1044
1.3277
2.274
2.0385
2.2267
1.7994
1.6241
2.2611
2.0505
1.9336
1.9728
2.1152
2.2714
1.6396
2.1391
2.1858
1.8774
2.2369
1.8083
1.8059
2.0376
1.9726
1.9111
2.1551
1.932
1.9863
1.5255
1.9752
2.3662
2.0106
2.0047
2.1262
2.2207
1.7488
2.0818
2.0295
1.8216
1.8395
1.9195
1.8275
1.9002
2.1673
1.7085
2.0408
1.8675
1.7148
1.82
1.9974
1.9063
2.0837
1.609
1.612
2.3318
1.7524
2.4749
1.5271
1.941
1.852
2.0857
1.9281
1.8007
2.1224
1.6375
2.6872
1.9558
2.2144
1.5764
2.0102
1.9624
2.1452
1.6845
1.7159
1.7932
1.9544
1.7271
1.9592
2.2927
1.8091
2.1035
1.6554
2.1071
2.2964
1.7393
2.2387
2.1624
1.4355
2.0585
2.0945
2.1261
2.1474
2.0118
2.0411
1.7671
2.3048
1.9348
1.3802
1.8546
2.2412
1.7803
2.046
2.0219
2.0215
1.852
2.0198
1.9211
1.8749
1.6505
1.9811
2.1296
1.8256
2.497
2.1764
2.1324
2.0955
2.1646
2.0678
1.9046
1.9794
1.9963
1.9263
2.1661
1.8854
1.7681
2.0727
1.8587
1.9571
2.1867
1.6171
1.8401
2.0315
1.9296
1.9129
2.2581
2.1695
2.0154
2.2697
1.8087
1.3719
2.3626
1.7673
1.4535
2.6107
1.7854
2.0596
2.0173
2.0584
2.4022
2.0439
2.0753
1.9696
1.7552
2.1404
2.0946
1.9193
1.8442
2.2112
2.2322
1.9954
2.2577
1.7102
2.4406
1.9995
2.0054
1.8225
2.0644
1.9737
1.8359
2.1589
2.354
1.7735
2.5347
1.9783
1.6355
1.9452
1.8569
1.8161
2.0209
2.0034
1.7425
2.1401
2.2196
1.9247
2.1167
1.9524
1.8895
2.1361
2.202
1.8522
2.0525
2.067
2.0022
1.8478
1.8393
2.0425
2.0882
2.0522
1.8086
2.3065
1.8772
2.4868
1.8031
1.7345
2.2546
1.7005
2.4744
1.9637
1.8533
1.9789
2.4677
1.7445
2.1483
1.8921
1.8383
1.5506
2.3597
1.5871
1.7383
2.0165
2.0162
1.9331
2.2288
2.2903
2.1592
1.8031
2.255
1.9904
1.6321
1.8898
2.135
2.0108
2.0841
2.8005
1.9221
2.2547
1.4393
2.247
1.6054
2.3635
1.7319
2.4458
1.7548
2.5563
1.822
1.6266
2.0598
1.9559
1.762
2.2515
1.9214
2.0605
1.8678
2.0873
1.8127
2.1829
1.7042
2.0887
2.7388
1.637
2.1498
1.5842
2.04
1.5269
2.2677
1.5178
1.8549
2.3269
1.802
2.0889
2.0337
1.698
1.6866
2.2504
2.2289
1.6707
2.2015
1.9624
1.6851
2.2776
1.9789
1.8708
1.9669
2.1109
1.7455
2.0448
2.2843
1.7905
2.0019
2.2479
1.8022
2.2971
1.8313
1.7426
2.0113
1.9554
2.2446
1.9409
2.0876
2.0694
2.2091
1.7995
2.2238
1.9325
1.9331
2.0166
1.6059
2.1177
2.1996
2.2018
1.5231
1.9404
2.6008
1.5601
1.7784
2.4285
1.7126
2.2997
2.0146
1.701
1.8909
2.3908
1.6558
2.2706
2.2564
1.6917
1.5829
1.9348
1.7326
2.2476
2.4961
1.7398
1.894
1.8032
1.939
2.3821
1.6806
2.1034
2.1657
2.3792
2.4133
1.8151
2.0016
1.5108
1.9738
2.4176
1.9611
2.0128
2.0652
2.0502
1.793
2.2071
1.8703
1.8204
2.076
1.9052
1.9618
1.8796
2.0635
1.9634
2.1023
1.677
1.8472
1.9272
1.8376
2.3186
2.5076
2.0412
2.0127
2.2199
1.789
2.3436
2.0197
1.7027
2.3286
1.9031
2.5397
1.9818
1.871
1.9933
1.7641
2.0809
1.9594
2.2727
1.6925
1.9963
1.7743
2.0179
1.9876
2.0911
1.8408
2.1639
1.9694
1.9166
1.7023
2.2548
1.8899
2.3699
2.0993
1.8765
2.3103
1.8116
2.0118
1.9454
1.8797
1.8628
1.9907
1.9503
1.9812
1.9551
1.8835
2.643
1.7272
2.2582
1.9697
1.8065
1.8804
1.8818
2.2967
1.9356
2.2541
1.8213
2.0749
1.5893
2.3202
1.5827
2.1513
2.3071
1.929
1.5552
2.2387
1.7655
1.9653
2.4933
1.7562
2.0963
2.1197
2.381
2.1193
1.7021
2.3499
1.4948
2.2802
2.0926
2.0092
2.4936
1.9661
1.8506
1.9524
2.4528
2.1216
1.6786
1.9426
2.0535
1.8218
1.9087
2.7414
1.6841
2.1371
2.0875
1.7261
1.8361
2.2657
2.1357
1.6428
2.0935
1.7399
2.0968
1.7908
2.1699
1.6416
2.2964
1.987
1.8974
2.1328
2.3081
1.7087
2.0664
2.3838
1.8137
2.0318
1.8029
1.8287
1.8876
1.8179
1.5655
2.2299
2.0042
1.7836
2.1373
2.0436
1.9827
1.8983
2.1769
1.9179
1.8676
1.9895
1.9508
2.2472
1.7794
1.9445
2.1744
2.1886
1.9359
1.6655
1.6952
1.9789
1.9494
2.1681
2.3101
1.871
2.4717
2.2694
1.7095
1.618
1.9835
2.1451
1.9977
1.8685
2.2081
1.8868
1.9448
2.0417
1.9023
2.3122
2.2009
2.0145
1.7538
2.3424
2.1681
1.93
2.0836
1.5062
1.9837
2.0944
1.8499
1.9188
1.9987
2.2805
1.5473
1.9119
2.2342
1.7466
1.6954
1.9748
2.141
2.1003
1.7573
1.8947
2.3266
1.9469
2.2821
1.8086
2.0136
2.3282
2.1175
2
2.2394
1.9922
1.8484
2.3194
1.8092
1.9091
1.5061
2.4396
1.7283
2.0202
1.8955
2.1189
1.8917
2.2015
1.6751
2.0819
1.5486
2.2093
2.192
1.7375
1.6176
2.3208
2.1758
1.9329
1.9878
1.9636
1.8727
2.124
2.218
1.3863
1.9103
2.5533
1.6313
2.4389
1.7154
1.8519
2.1632
1.8664
1.942
2.3277
1.8479
1.7548
2.3396
1.8829
2.1845
2.1118
1.4286
2.057
2.0561
1.7014
1.9348
2.1728
1.8987
2.0166
2.0649
2.0041
1.8311
2.2163
1.9581
1.965
1.6307
2.2507
1.911
2.3801
1.9937
1.9397
2.0682
1.9214
2.063
2.0451
2.1146
1.5202
2.0046
1.7582
1.8749
2.1701
1.6138
1.8199
1.6554
1.8816
2.2783
2.145
1.7841
2.0788
2.1705
2.1126
1.6654
1.9229
1.8941
1.9325
2.3826
2.0202
1.8676
1.9829
1.5329
2.1203
2.3245
1.9739
1.6128
2.0583
1.9106
2.0018
1.9774
1.8037
2.1689
1.9843
2.0307
1.8415
1.8757
1.9965
2.0885
2.1645
1.6877
1.8927
1.8482
2.1521
2.1347
1.8862
2.0171
2.0185
2.3388
1.8341
1.855
1.6691
1.5254
1.9212
2.0993
2.1867
1.7064
2.3067
2.2193
1.7944
1.9873
2.3643
1.6967
2.0482
2.1586
1.9574
2.1308
1.7142
2.3231
1.8185
2.1073
2.0199
1.8515
2.1971
1.711
2.3244
1.6836
2.1866
1.5557
2.2977
1.7706
1.6133
2.7501
1.9299
1.9496
1.9542
1.9546
1.905
2.3167
1.8464
1.9266
1.8395
2.2564
2.1453
1.8157
2.0373
1.5946
1.9336
1.7164
2.2593
1.7854
2.1018
1.8624
2.0872
1.7466
2.3292
2.0566
1.8651
2.1779
1.8397
1.8572
2.3047
1.459
2.2888
1.9225
2.1161
2.1018
1.913
1.7145
1.9407
2.0189
1.8756
1.8895
1.9948
1.9488
2.0943
2.1637
2.2632
1.839
1.7438
2.0174
2.1703
2.2312
2.1166
1.7279
2.1282
1.9491
2.6135
1.632
2.2291
1.9138
1.8385
2.0327
2.0634
2.1474
1.6882
1.957
1.7385
2.6737
2.1036
1.8128
1.8867
2.1551
2.1417
2.533
1.6346
1.8466
2.1313
1.7908
1.8993
2.3704
1.5973
1.6917
1.7416
2.0444
2.1103
1.9087
1.6976
1.9103
1.5914
1.931
2.0152
1.9043
2.1362
1.9269
1.7316
1.9766
1.847
2.2386
1.8109
1.6601
1.8584
1.9642
1.8772
1.9409
2.2904
2.028
2.1464
1.7401
2.1983
1.8173
1.8549
1.6346
1.9818
1.4474
1.9617
2.5197
2.0289
1.875
1.9459
1.726
2.3212
2.2443
1.6871
2.2811
2.0194
1.8034
1.8151
1.9842
1.9161
2.0408
1.9337
2.1074
2.0963
1.9197
2.4899
1.9093
1.9311
2.0978
1.9025
2.2112
1.859
2.1625
1.9901
2.2432
1.7599
1.924
1.923
1.9517
2.2249
2.1053
2.0089
1.5976
1.8505
2.0122
1.8563
2.1061
2.0476
1.7872
2.2847
2.106
2.4179
2.0312
1.7231
2.2847
2.2015
1.8195
1.999
2.229
1.779
2.3332
2.0763
1.8814
1.7348
1.9553
2.1169
1.7794
1.6658
2.7472
2.1034
2.2643
2.2369
1.8213
2.0154
2.0871
1.9866
1.5967
2.4586
1.7516
1.7082
1.8153
1.686
2.1482
1.7382
1.9211
1.9296
1.8709
1.9892
2.313
2.3056
1.9255
1.6991
1.7735
2.1324
1.9541
2.0177
2.0484
1.6349
2.2128
1.8634
2.2928
1.7955
1.7259
1.9823
1.7808
2.0251
1.7987
1.6844
2.2304
2.314
2.1416
1.7657
2.5015
1.6438
1.7355
1.9169
2.3182
1.8793
1.944
1.8346
2.1097
2.4263
1.774
2.16
2.0694
2.2756
1.6799
2.0055
2.3602
1.8092
1.9031
1.8451
1.8559
1.9837
2.2577
1.8373
2.1952
1.9296
2.2345
1.7505
2.1421
1.8332
1.8838
2.3676
1.4884
2.1376
2.0636
1.8315
2.2022
1.833
2.3044
1.9217
1.8985
2.2704
1.906
2.1046
2.1032
1.7733
2.415
1.4333
2.3994
1.8798
1.7899
1.8107
2.1936
1.7122
2.1787
1.9004
2.1823
2.2952
2.0369
2.0552
2.2542
1.6127
2.1809
2.2151
2.0429
1.6487
1.7768
2.2026
1.8027
1.7353
2.5862
1.717
2.5792
1.9781
1.6821
2.2758
1.6229
2.5116
2.0602
1.7382
2.1738
1.461
2.1739
2.0831
2.0943
1.9172
1.5288
2.2077
1.86
2.0925
2.0216
1.8979
1.8879
1.7352
1.9529
2.1714
2.3918
1.9045
1.9603
2.2386
1.9488
2.0992
1.8641
2.2958
1.7949
1.8499
1.9419
1.9235
2.0812
1.7674
2.1549
2.2408
1.7408
2.4515
1.8394
2.2862
1.5863
1.7343
2.117
2.0703
1.6142
2.2571
2.3139
1.6107
2.2069
2.1791
1.6789
2.0776
1.6726
2.2298
1.914
2.237
1.889
2.1573
1.8395
2.103
1.7714
1.9299
2.1063
1.6303
1.9245
1.885
1.7185
2.3466
2.2904
2.2657
1.813
2.2269
1.9282
2.2375
1.8155
1.7927
2.2146
1.8241
2.3389
1.4713
2.2418
1.9201
1.6214
2.0042
1.8004
1.6868
2.7224
1.9677
2.1045
2.1416
1.8044
1.9137
1.8676
2.1426
2.1537
1.8622
1.9922
1.8339
2.1812
1.7115
2.2407
1.7371
2.2783
1.8529
1.5551
1.9448
2.3725
1.7991
1.9454
1.9244
2.0917
1.7577
1.8673
2.0606
1.6657
2.5085
1.9341
1.8812
1.8844
2.2615
1.9479
1.9171
1.8504
2.4175
1.8133
2.6201
2.2136
1.7697
2.1547
2.0489
1.7276
2.0157
1.9282
2.1069
1.9495
2.2453
1.7866
2.2081
1.5513
2.1818
2.1916
2.0576
1.6141
2.1134
2.355
1.7596
2.3047
2.0724
2.1253
2.112
1.8866
1.9317
1.8331
2.164
1.7052
2.2237
1.9215
1.6516
2.2794
1.8427
2.043
2.124
2.1159
2.25
1.8667
1.4828
1.7927
2.1861
2.0646
2.1043
1.6703
2.2022
2.0845
1.9806
2.0544
1.8174
2.1168
2.0051
2.6608
1.9982
2.1638
1.7774
1.9725
2.2748
1.6616
1.9021
2.5943
1.6894
2.439
1.7972
1.8289
2.0218
2.3089
1.5388
2.034
1.9967
2.0361
1.8849
2.3456
2.0251
1.9644
1.9715
2.2617
1.6572
2.4805
1.4227
2.1662
2.2529
2.2648
1.9676
1.8609
2.0484
2.1711
2.0645
1.9087
1.915
1.8305
1.7457
1.9501
1.9326
1.5474
2.1089
1.9827
2.1181
1.6315
1.963
2.2538
1.918
1.9716
2.0959
2.0186
1.8359
1.8739
2.0739
1.6022
1.9078
2.2522
1.9494
1.8663
1.7375
2.549
1.8557
2.0317
1.9286
1.8565
2.5637
1.7583
2.3242
1.5774
1.7941
1.6628
2.1723
1.742
2.1027
2.0664
2.0795
2.1122
1.9538
2.107
1.7316
2.2016
2.0283
1.8412
2.0007
2.012
1.8529
1.5749
2.3132
1.983
1.9473
2.0843
1.6129
2.4225
1.9649
2.1674
2.1023
2.1957
1.8403
2.3178
2.0737
1.6126
2.0726
2.1992
1.986
1.4855
2.2101
1.8136
2.0176
1.7793
2.2468
1.9328
2.1044
1.8504
1.5391
2.2139
1.6829
2.249
1.7085
2.1374
2.1597
2.0211
1.8779
2.1241
1.597
2.1104
1.7396
1.8554
2.345
1.7307
2.519
2.3119
2.2973
1.8765
1.8856
1.9009
2.2092
1.6902
2.0306
2.337
2.016
1.7672
1.8527
1.7916
1.7932
1.8592
2.2205
2.237
2.159
1.8189
2.0675
1.8729
1.8887
1.7721
2.2113
1.7655
1.9896
2.2011
2.0139
1.9669
1.8087
2.4438
1.7281
1.8214
1.8015
1.9528
2.1438
1.576
1.868
2.1025
2.1542
1.6186
2.0136
1.7414
2.1071
1.8094
2.0094
2.0273
1.939
1.8223
2.1398
2.0947
1.7923
1.7759
2.0469
1.7044
2.4107
1.5717
2.3377
2.0688
2.1747
1.9164
1.8657
1.575
2.2637
1.8604
2.1582
1.7712
2.0354
2.1304
1.9079
1.876
2.3217
1.996
2.2846
1.8778
1.9343
1.7235
1.9049
2.1374
1.9404
1.6991
2.0538
1.8491
2.0659
1.79
1.91
2.1173
1.8218
1.8334
2.0728
2.09
2.1864
2.2205
1.8205
1.9728
1.9698
2.1195
1.8659
1.7653
1.9808
1.7461
1.8229
1.9142
1.9675
1.6503
2.0427
2.5245
1.8046
1.8355
2.2761
1.9401
1.7005
1.9705
2.0837
1.5481
2.0152
1.8429
2.1593
2.2896
1.4809
2.4208
1.8479
1.8151
1.9392
1.8981
2.3996
1.728
2.0942
1.512
2.0418
1.8979
2.0579
2.3526
1.884
1.8857
2.1866
1.7524
1.9784
2.3661
1.4261
1.7687
2.0435
1.8367
1.9117
1.8588
1.9695
1.9635
1.9965
1.9214
2.1633
2.161
1.5875
2.2692
2.1975
1.7723
2.2222
1.8993
1.9584
1.6717
2.1966
1.9274
1.9983
1.8673
1.769
2.0353
2.05
2.4625
2.1551
1.9726
1.7705
1.9325
1.9093
2.1881
2.1581
1.5057
2.1251
2.2517
1.9566
1.9697
2.1337
1.9634
2.1072
1.8175
1.9927
1.9389
2.5213
2.1461
1.8972
1.9574
2.0148
1.9216
2.2263
1.7956
1.8551
2.0615
2.1146
2.7505
1.632
2.3306
2.2642
1.5996
1.5663
1.6771
1.8593
2.181
2.018
1.856
1.6969
1.8669
2.0593
1.9973
2.1549
1.647
1.9445
1.5857
1.8103
1.9345
1.9811
2.0221
2.3186
2.1819
1.7517
2.1447
1.7266
2.1021
2.3541
1.7626
2.2081
2.108
1.9053
1.7302
2.3995
1.8364
2.1148
1.904
2.0915
1.9121
2.1784
1.6099
1.7503
1.8381
1.6659
2.7067
1.5106
2.0042
2.1893
1.8243
2.2816
2.1099
2.2005
2.0174
2.7816
1.6897
1.9877
1.9936
2.0416
1.812
2.1434
1.7778
1.6498
2.2236
2.0127
1.7855
1.7085
1.8637
1.9865
2.0661
1.7583
2.2672
2.259
1.7468
1.8257
2.0167
1.6781
1.8934
2.0241
2.1532
1.913
2.1228
2.3811
2.2116
1.8722
2.1243
1.8992
2.1749
2.0193
2.1438
1.6033
1.7276
1.9669
1.9953
2.1293
2.1071
1.6388
2.3603
1.6534
2.1977
2.0157
1.8981
2.0045
1.9283
1.9025
2.0388
2.325
2.1049
1.6831
1.9743
1.6272
2.2613
1.9832
1.6357
2.1086
2.1232
1.9631
1.6256
1.7053
2.1065
1.9908
1.872
2.1753
2.0051
1.9749
2.1858
2.0458
1.7552
1.9534
1.9846
2.3444
1.8847
1.9025
2.2005
1.8824
1.9792
1.8954
1.7969
1.9796
1.9528
1.8075
2.0496
1.9192
2.1828
1.9359
1.884
1.9924
2.1329
1.8439
1.8828
1.8393
1.8723
1.7824
2.1628
1.7583
1.8811
1.9941
1.6418
2.1996
1.8245
2.2253
1.7234
2.202
2.0698
1.8742
2.2657
1.6556
2.4174
1.9973
1.892
2.1429
1.7709
2.134
2.0468
2.2778
1.7039
2.2441
1.9144
1.9703
2.1792
2.003
1.727
2.1753
1.8015
1.6702
2.2663
1.7398
2.0195
2.3122
2.252
1.9959
1.6814
2.0489
1.8573
2.1229
2.0164
1.8799
2.0344
1.8875
1.7655
2.0886
1.7816
2.4281
1.8239
1.8119
1.8494
2.0666
1.7605
1.9607
1.9774
2.238
1.562
1.9378
2.152
1.741
2.2671
1.9199
2.0957
1.849
2.0587
1.4143
1.9847
2.0662
2.0404
1.9197
2.198
1.8203
2.3196
1.9644
1.8356
2.2153
2.5417
1.4256
2.3285
2.0992
1.8642
2.0371
2.1123
1.7949
2.2521
2.0898
1.6872
1.9478
1.985
1.787
2.008
2.3333
1.7072
2.457
2.168
1.9951
2.1273
1.6066
2.3263
1.8484
1.8942
1.9
2.298
1.7688
1.7729
2.4531
2.0858
1.9913
1.9492
1.8816
1.8339
1.7524
2.2027
2.2334
1.8265
2.2021
1.4588
2.4698
1.6929
1.7483
2.2105
1.4925
2.0051
2.2592
1.5551
2.175
1.9323
1.8647
1.8006
2.3205
2.0968
1.8932
2.0123
1.6928
1.9573
2.0427
1.8452
1.9921
1.6164
2.1671
2.1212
2.0061
2.0958
1.839
1.9791
2.6079
1.1425
2.1103
1.9441
2.1842
1.611
2.3799
1.8305
2.1593
1.814
2.231
2.0891
1.7489
2.0059
1.9111
1.9214
1.9209
1.8924
1.853
2.0988
1.9571
1.9073
2.1599
1.7115
2.318
1.9494
1.8328
2.0952
1.6883
2.4404
1.9151
1.7394
2.0402
1.7823
1.8605
1.8749
2.2397
2.0188
2.1394
2.1783
2.0762
2.0414
1.869
1.6115
2.0706
2.102
1.8948
1.7152
2.023
1.7775
2.1929
1.9386
1.8705
1.8432
2.1516
1.6847
2.0584
2.091
2.045
1.861
2.157
2.4764
1.6944
1.7915
1.8721
1.812
2.2783
1.99
1.9288
2.067
1.7848
2.0986
1.6234
2.1695
2.1661
2.1827
2.0087
1.7042
1.857
2.0148
1.6803
2.1957
2.0761
1.913
1.9837
1.8532
2.8194
1.6955
2.0565
2.0237
2.1868
1.696
1.8002
1.591
2.1665
1.7316
1.5936
2.3164
2.0795
1.9764
2.2234
1.902
2.2355
1.7062
1.9317
2.0379
1.8436
2.236
2.0655
2.0361
1.7949
1.929
1.7078
1.5972
2.5796
1.7817
1.8307
2.2813
2.2749
1.6915
2.6044
1.8078
2.1483
2.1568
1.8957
2.0734
1.5142
2.1262
2.0283
2.145
2.1607
1.9445
2.044
1.935
1.8476
1.7012
2.3915
1.8905
2.0574
1.7381
1.9818
1.7212
2.0828
2.2019
1.7957
2.212
1.8476
1.9161
1.7475
1.7836
2.1135
1.7034
1.955
2.1161
1.7632
2.1257
2.206
1.7474
2.2684
1.96
2.3643
1.5286
2.0997
2.2662
1.8366
2.1183
1.7459
1.895
1.901
1.5565
2.305
1.5369
1.7177
2.0948
1.7709
2.4508
1.6324
2.0603
1.4007
2.4957
2.1621
1.7805
2.2383
1.5328
1.8376
2.5594
1.5853
2.272
1.7445
1.6995
1.8591
2.4624
1.6092
2.1119
1.8994
2.6696
1.8927
2.0255
2.5706
1.861
2.2393
2.0096
1.9623
2.2066
1.8698
2.1448
2.0299
2.2947
1.899
2.3703
1.9699
1.6472
2.0934
1.6753
2.4083
1.5736
2.2019
2.0709
1.6757
1.7797
2.156
1.7176
1.9979
2.3729
1.8425
1.8764
2.0064
1.8304
2.4062
1.7812
2.3506
1.8914
1.4453
2.1345
1.8883
2.493
1.7645
1.727
2.0618
1.8041
2.0008
1.9111
1.7694
2.1219
1.7397
2.0955
1.5496
2.1986
1.9028
1.8636
1.9093
1.789
2.0404
1.925
2.0251
2.0569
1.9816
2.0039
2.0924
1.929
1.7709
1.8377
2.2772
2.2148
1.81
1.8217
2.1193
2.1404
1.2373
2.1244
1.9259
1.9672
2.5628
1.9094
1.7634
1.9083
2.2047
1.6706
2.0372
2.3274
1.7499
2.2756
1.7304
2.703
2.125
2.086
2.6833
1.667
2.0254
2.1789
1.7947
1.9315
1.8153
1.8729
1.7701
1.6169
2.4383
1.8334
1.9305
1.7035
2.0073
1.5209
2.4326
1.9025
1.5712
2.2579
2.1692
2.0293
1.7561
2.466
2.1784
1.6851
1.9266
2.1471
1.9025
1.9711
2.0152
2.0337
2.106
2.2729
1.9977
1.6949
2.1092
1.8121
2.456
1.6227
2.2626
2.1027
2.0704
1.6195
2.5097
1.9469
2.1877
1.9242
1.9863
1.748
1.8498
2.4106
1.8779
1.9128
1.5165
2.1554
2.1153
1.7997
1.801
1.5063
1.9961
2.0941
2.165
1.6576
2.0151
1.7192
2.4721
1.3076
2.1011
1.9213
1.6413
2.1518
2.2933
1.9096
1.8694
1.9581
1.9396
1.6313
2.374
1.8682
1.8734
1.9972
1.9712
1.6467
2.1802
1.9539
2.1989
2.0403
1.985
2.1319
1.954
1.7578
2.3431
1.9861
2.0498
1.8158
2.337
1.8117
1.9196
2.032
1.8535
1.6044
2.021
1.9087
1.6332
1.9735
2.2434
1.5979
1.831
1.7806
1.958
1.7686
1.9476
1.5155
2.0123
1.8915
1.9033
2.2068
2.5525
1.6424
2.4606
1.6116
2.2618
2.0697
2.12
1.8998
2.3946
2.1876
1.7305
2.0214
2.0538
2.3082
2.2671
1.6239
1.7436
2.0439
2.1518
2.1785
1.5331
2.3951
1.6854
2.1176
2.0625
2.12
2.4277
1.7053
2.058
1.808
1.967
2.2082
2.0714
2.3645
1.9939
1.8126
1.5773
2.002
1.9542
1.9198
2.3149
1.6005
2.1881
1.7128
2.2092
1.9804
2.2318
1.784
2.1722
1.8855
1.7677
2.0315
1.5355
2.1339
2.2209
1.8473
1.8034
2.3614
1.9951
2.0157
2.1221
1.8815
1.7006
2.0888
1.7355
1.8248
2.2847
1.8554
2.2583
1.8769
1.8451
2.0428
1.9515
2.1649
1.7499
1.5924
2.7721
2.0058
1.986
1.7024
2.163
1.8775
1.9173
2.1324
2.2341
1.8402
2.113
1.9103
2.0517
2.0282
1.932
1.8532
2.1533
2.2302
1.5022
2.2377
2.3292
2.1757
1.417
2.0909
2.0137
1.9994
2.189
2.1602
1.5135
1.8718
2.3938
1.9448
2.3816
1.4362
2.5543
1.9681
2.2405
2.2994
1.8256
2.124
1.6829
1.762
2.2052
1.4129
2.1834
2.2309
2.0242
1.6183
2.1435
1.9217
2.2561
1.6302
2.0885
1.8474
1.9387
1.7455
2.0337
1.9979
2.628
1.9823
2.1057
2.1004
2.0861
1.7324
2.3712
1.6594
2.193
2.2129
1.6982
2.1839
1.6509
1.9836
2.4574
1.7679
2.2848
2.1399
1.6886
2.2005
2.0596
1.7411
2.2649
2.2092
1.7503
1.9121
2.1115
1.9215
2.1475
2.0227
1.9833
1.7173
2.2373
1.9333
2.1327
2.0117
1.8539
1.9202
1.8231
1.7965
2.2062
1.8981
1.7902
2.0548
2.0254
2.4463
1.688
1.9318
1.6972
2.2427
2.0245
1.9943
1.8846
2.0207
1.81
1.8352
2.3199
2.1063
1.839
1.7978
1.9912
1.6861
2.3826
1.5251
2.052
1.8898
1.8882
2.2474
1.7517
1.9863
1.975
1.8438
1.7792
2.0179
2.0866
2.1294
1.4492
1.9383
1.7177
2.3697
2.1231
2.3698
1.8442
1.5176
2.1497
2.0317
1.5507
2.0752
2.2362
2.018
2.2128
1.8457
1.8954
2.3223
1.9964
1.9556
1.7596
1.8247
2.0129
1.7298
2.1914
1.8152
2.1351
1.6483
2.2552
1.6928
2.3341
2.0474
1.9904
1.7946
2.2888
2.4331
1.9165
2.1156
2.0436
1.9006
1.9764
2.4447
1.8211
1.8216
1.6905
1.902
1.9597
1.7497
2.038
1.5423
1.532
2.5709
1.9298
1.7205
2.33
1.5852
1.9328
1.9748
1.8851
2.1488
1.6792
1.8242
1.8269
1.9892
1.9677
1.8132
2.0401
2.1627
2.0678
2.1699
1.7317
1.9845
1.79
2.0353
1.8751
1.8335
2.1411
1.8327
2.1437
1.6619
2.6508
1.8535
2.1715
1.9395
1.9476
2.1161
1.8107
2.1568
2.4502
2.4336
1.7276
1.9975
1.7784
1.7386
2.16
1.7363
2.189
1.6534
2.3321
1.5028
2.1669
1.8263
1.9328
2.1293
2.1423
1.8295
1.7544
1.7726
2.0396
2.0399
1.7559
2.3637
2.0232
2.0331
1.8241
1.9777
1.9908
2.0159
1.7952
2.0313
2.2415
2.0865
1.9784
2.122
2.1777
2.2748
1.6576
2.4614
1.9269
1.5892
2.6142
2.0434
1.6088
2.4564
1.6756
1.9416
2.3668
1.7554
2.2948
2.0389
1.9931
1.8512
2.3034
2.0189
1.9861
2.4249
1.8351
1.9207
2.0157
1.9637
1.9951
2.4429
1.347
2.4849
1.7328
2.2675
2.0188
2.2161
2.159
2.1382
1.6342
1.8841
2.0049
2.3258
1.6099
1.991
1.7564
2.3818
1.4866
2.4492
1.5062
2.2496
1.9524
1.652
1.9788
1.4674
2.2722
1.9188
2.3245
1.8887
1.9963
1.4536
2.006
1.8735
2.1479
1.9367
2.0428
2.2413
1.9997
1.6216
2.223
1.9045
2.1817
2.0192
1.9932
1.8483
2.2363
1.9623
2.0478
2.2681
1.7104
1.8063
1.9856
1.9012
1.7869
2.4482
1.9947
1.8146
2.0058
2.1282
1.8118
1.6371
1.996
2.1732
1.7556
2.2074
2.0296
1.8954
1.7983
2.0377
2.0872
1.6761
2.2224
1.7355
1.942
2.2065
1.7963
1.9691
1.8287
1.9119
2.1705
1.6941
1.8001
2.3865
2.1263
1.6737
2.4173
2.4904
2.0651
2.0724
1.2113
2.1151
2.296
1.7512
2.252
2.0222
1.8165
1.7501
2.2084
1.7634
1.8693
2.1968
2.0409
2.1457
2.0088
1.9343
2.1139
2.0562
1.9764
1.5741
2.3196
2.3656
1.4311
1.8821
1.8009
1.7111
2.5524
1.7041
2.0772
1.9925
1.6602
1.9104
2.0469
2.1385
2.0939
1.9022
1.9817
1.691
1.7715
2.4686
1.8524
1.7968
2.7046
1.7444
2.2734
2.0938
1.7252
1.6496
1.9278
1.6583
2.0498
2.264
1.767
1.9071
1.9056
1.8059
1.9765
2.1555
2.2237
1.9353
2.0076
1.7309
2.2266
2.0518
1.7593
2.1115
2.5555
1.9824
2.0298
1.8698
2.1953
1.8573
2.1767
1.8279
2.2581
2.0408
1.993
2.2606
2.2569
1.9961
1.9287
2.2805
1.7432
1.7226
2.0572
1.8849
1.992
2.3643
1.7594
2.0074
2.339
1.9689
2.1548
1.7346
1.6522
2.4087
2.105
1.9095
1.8543
1.888
1.9915
1.7551
2.1998
2.5496
1.7803
2.7589
1.8513
2.2248
1.8672
2.1551
1.8714
1.9149
1.9481
2.0454
2.0904
1.5452
1.8248
1.7932
2.2886
1.6542
1.7808
2.1502
1.9312
2.0609
1.7632
2.368
1.4649
1.8302
1.6955
2.002
1.7801
2.2909
1.9134
1.8567
1.9336
2.3908
2.153
1.5571
1.9807
1.9235
1.9665
2.1358
2.4598
1.6451
2.1681
1.6371
2.3398
1.9376
1.7646
2.2297
2.1349
1.9442
1.748
2.3233
1.9752
1.8868
1.6549
2.1908
2.1371
1.8248
1.9282
2.0614
1.7425
2.4482
1.9839
1.9086
1.9258
1.7057
1.8879
2.4732
1.9748
1.9929
2.3865
2.1037
2.1564
1.7501
2.1062
2.1013
1.5796
1.6944
2.4333
1.608
1.8709
1.7236
2.02
1.8098
2.1784
1.9831
2.1512
2.2491
2.3611
1.8678
2.1619
1.701
2.5561
2.0195
1.7773
1.9861
1.8904
2.3727
1.8627
1.7376
1.9763
2.1027
1.4927
1.9951
1.9096
2.1358
1.7071
2.1571
1.8023
1.9334
2.0628
1.7767
2.0535
1.9552
1.8395
1.7163
1.8949
1.799
1.8986
1.8476
2.6059
1.9939
1.7804
1.8245
2.4235
1.5188
1.8669
2.1826
2.071
1.6906
2.3427
2.2366
2.1028
1.958
1.6904
1.6986
2.2914
2.0398
1.9994
1.674
2.4375
1.8949
2.3205
1.8344
2.2199
1.8512
2.0516
2.2429
2.1381
1.7849
1.8086
2.3654
1.9817
2.0503
1.6635
1.8839
2.134
1.9608
1.974
2.2774
1.6948
2.1405
1.8219
1.8906
1.9656
1.6651
2.1215
1.7769
1.9758
2.0004
1.7783
1.8803
2.0708
1.9339
1.9261
1.8525
2.2765
1.8783
2.3137
1.878
1.7627
2.191
1.909
1.8041
1.8315
2.2625
1.8366
1.8815
2.1624
2.2045
1.882
2.2992
1.6004
1.9565
2.0296
2.0338
1.9574
1.8928
1.9809
2.4593
1.3576
2.4004
1.5752
2.2589
2.0044
1.8489
1.8235
1.961
1.8977
1.9267
2.1033
1.8878
1.9535
1.6939
1.7627
1.899
1.8895
1.7258
1.8082
1.9903
1.9441
1.9547
2.1836
2.2952
1.7171
2.0815
1.6274
2.2314
1.7752
2.0914
2.2442
2.277
1.7317
2.022
2.1957
1.7921
1.752
1.83
2.1629
2.0734
1.6985
1.8278
1.9644
1.5547
2.4783
1.6075
2.115
1.8913
1.6072
1.9506
2.3383
1.5079
2.3195
2.2383
2.234
1.7533
1.8632
1.6989
2.5049
1.793
1.9317
2.1822
1.8845
1.9343
1.7542
1.6663
2.4329
2.0583
2.0466
1.9848
2.0267
2.0189
1.966
2.3614
1.901
2.4841
1.9505
2.0142
1.4697
1.8703
2.0073
2.1179
2.0923
2.2318
2.1299
1.8088
2.1
1.7834
2.2374
1.8829
1.9475
1.6563
1.8141
2.4906
1.9773
2.2297
1.7586
1.9865
1.722
2.1353
2.0406
2.168
2.4806
1.7923
2.3723
1.8977
2.1581
2.0827
2.3162
2.0136
1.7912
2.3422
1.5058
2.164
1.7602
1.8939
2.3607
1.9522
1.6998
2.3761
1.78
2.0936
2.0433
1.7374
1.6521
1.9109
2.4476
2.1414
1.7768
2.2028
1.6677
1.8769
1.9572
2.2759
2.0587
1.7918
1.9988
2.1434
1.9061
1.9267
1.7158
2.1393
1.9086
2.0065
2.0878
2.0185
1.6609
2.1353
2.1457
2.1057
1.7196
1.8765
2.2934
1.9337
1.8046
2.1298
1.7299
2.1197
2.15
1.5369
2.3471
1.6881
2.1183
1.5523
2.0356
2.4245
1.6203
2.1122
1.8183
2.1136
2.1451
1.7093
2.1915
2.2405
2.069
1.9749
2.14
2.7198
1.6674
2.2429
1.7714
1.9368
1.7062
1.8206
2.2877
2.1373
2.0317
1.8494
1.7646
2.1772
2.0428
1.8013
2.3658
1.9234
2.3135
1.6693
1.9779
2.0349
1.9438
2.3245
1.9309
2.0452
1.8017
2.1674
1.9648
2.1693
2.0946
2.2248
2.0951
1.9813
1.9443
2.0864
2.0285
1.8465
1.6846
2.2787
2.0329
1.6265
2.1989
1.9151
1.7836
2.0013
1.8258
2.0101
2.1139
2.0585
1.8435
1.8086
1.9396
1.9978
1.9656
1.7327
1.7862
1.7853
2.0072
2.3427
1.6477
1.9072
2.1317
1.7458
2.0269
2.4403
1.9558
2.0357
1.8832
2.016
1.6884
2.0715
2.6549
1.8927
1.5502
1.684
2.0455
2.5163
1.9216
2.4164
1.8366
2.0195
1.8281
1.7229
1.9817
2.3881
1.6182
1.7124
2.1525
1.8918
1.7242
2.0875
1.7686
2.2883
2.1736
1.9319
1.3556
2.1179
1.8276
1.7561
2.0689
1.9016
2.5006
2.1545
1.9241
1.7596
1.7644
2.305
2.4514
1.7085
1.9804
1.7532
1.8485
2.1333
1.699
2.1282
1.5708
1.84
2.1698
2.1018
2.5598
2.1452
1.3838
2.1477
2.1358
1.5678
2.257
1.6736
2.1225
1.9772
2.3792
1.6422
2.3721
2.01
2.2316
2.0539
1.9273
1.9842
1.7518
2.0982
2.0778
2.2801
2.0306
2.3792
1.6054
2.2781
1.8382
1.776
2.1691
2.3406
1.7697
1.5359
2.0855
2.0501
2.1606
1.6847
2.2709
2.4345
1.586
1.6342
2.1065
1.8917
1.8802
2.2467
2.3232
1.548
1.8681
2.2357
1.7023
2.1681
1.7369
2.0684
1.9769
1.7814
2.1203
1.7391
2.1672
1.934
1.9422
1.7874
1.695
1.9478
2.172
1.8953
2.2746
1.6434
2.3342
1.9006
1.9872
2.0889
1.758
2.4769
1.7021
1.8047
1.9616
1.6797
2.0236
2.1612
1.8171
1.6321
2.1024
1.7553
2.0382
1.6405
2.3218
1.8094
1.8487
2.4988
1.6891
2.1
1.8625
1.7645
1.6706
1.9745
2.2921
1.8691
2.0347
1.4164
2.4759
2.0757
1.8664
1.7914
1.8229
1.9912
2.1101
1.8865
1.4511
2.5232
1.7647
2.1182
2.0168
1.8329
1.883
2.3392
1.946
2.2107
2.2719
1.6638
1.9484
1.538
2.1457
1.6819
2.2484
2.3634
2.0235
1.8334
1.8611
1.8526
1.8718
2.1331
1.6817
1.9677
2.2928
1.7419
1.6216
2.1932
1.7016
2.038
2.0243
2.1076
2.0029
2.0657
1.901
1.719
1.9987
2.0672
1.829
1.818
1.8372
2.0726
2.0056
2.0164
2.0915
2.0548
1.7242
2.2538
1.87
1.7954
1.7342
2.2097
2.1692
2.5734
1.979
2.0285
1.8889
1.8568
1.7779
2.0442
1.6281
2.1679
2.0907
1.4814
2.4055
1.868
1.5429
2.1511
2.2207
2.4151
1.7997
1.7552
1.7029
2.5426
2.5172
1.557
2.2885
1.7529
2.0752
1.8394
2.0105
2.1337
1.9415
1.8214
2.2312
1.8039
2.2947
1.9045
1.9749
1.6221
1.9718
2.2232
1.8884
1.5456
1.8929
2.1259
2.3474
1.865
2.002
1.7679
2.1023
2.1644
1.962
1.6502
1.6813
2.0683
1.681
2.0028
2.0384
1.6585
2.4582
1.8896
1.9208
1.9905
2.1859
2.0972
1.9196
2.1976
1.9204
1.882
1.8383
1.8826
2.2161
1.9294
1.9477
1.8294
2.0548
1.8562
1.7796
2.0138
2.3413
2.2197
2.1287
2.0717
1.717
1.6146
2.0943
1.9668
1.8679
1.8183
1.7797
2.0117
1.7864
2.3193
1.4676
1.6476
2.1535
2.1368
1.7259
1.7903
2.0015
1.5138
2.405
1.7146
2.1843
1.8843
1.615
2.3395
2.0669
1.6022
1.913
2.4249
1.9322
2.2976
1.8944
1.7544
2.0527
2.1177
1.7035
1.7112
2.0601
1.5883
2.0051
2.2293
1.6852
2.2911
1.7702
2.0044
1.8954
2.1836
2.2462
1.7225
1.8888
2.1964
1.6567
2.5261
1.6004
1.9729
1.9031
1.8005
2.0291
1.7876
2.0888
1.9081
2.2255
1.9813
1.9881
2.0048
2.2244
1.956
2.3129
1.8823
2.4555
2.0039
1.9623
2.0407
1.9678
1.7934
2.0622
1.7505
2.137
1.6561
2.1095
2.2717
1.8313
2.1085
2.3695
1.5542
2.2959
1.9141
1.841
2.1455
1.9528
2.11
2.2652
1.9701
2.4644
1.9781
1.5928
2.0255
1.7307
2.2782
1.5324
1.6588
2.0007
2.1042
1.6743
1.987
2.1425
2.0831
1.9568
1.9057
2.1682
1.7859
2.2344
1.6981
1.9581
2.1302
1.8931
2.2131
1.9567
2.13
1.7588
1.8904
2.0943
1.8678
1.8802
1.9225
2.369
1.5333
2.3801
2.0599
2.2264
1.624
2.378
1.6778
2.2962
1.8926
1.9649
2.332
1.9722
1.678
2.2702
1.9331
1.9614
1.9882
2.1342
2.0293
1.6618
1.9864
1.7488
1.8402
2.2051
1.9016
2.3496
1.6135
1.781
2.1696
1.7569
2.2983
1.7985
2.238
2.2286
1.6462
2.2537
1.9157
2.1246
2.0486
1.8815
2.1424
2.003
2.1275
1.8338
2.0808
2.1765
2.0756
2.1451
2.0307
2.1135
1.5779
1.9134
1.8974
2.3593
2.0868
1.885
2.0784
2.0195
2.0909
2.0581
1.8316
1.7104
1.7249
2.1068
2.181
1.7969
2.4625
2.2712
1.582
1.8555
1.941
2.0323
1.5803
2.3833
1.9182
2.0834
2.155
1.7485
1.8876
2.1492
2.1625
1.7933
1.7714
2.1776
1.6022
2.0742
1.8213
1.6897
1.9536
1.9778
1.8251
1.9414
1.8516
2.1198
1.9309
2.0104
2.2352
1.8769
2.288
1.6666
1.7925
2.0971
1.9934
2.0621
2.1337
1.6178
2.1361
2.3634
1.9448
1.9732
2.2061
1.5582
2.1463
1.81
1.9833
1.9364
1.7792
1.9891
2.071
1.876
1.9051
1.5995
2.3487
1.6601
1.9451
2.0439
1.8608
1.9229
2.1952
1.795
1.9658
2.4192
1.6389
2.0182
1.7776
2.0726
2.1728
1.9495
1.9675
1.9107
1.871
2.2933
1.4938
2.1897
2.064
1.8738
1.7747
2.0334
1.9276
1.9745
1.9704
2.0866
1.7582
2.1785
1.925
2.0131
1.7857
2.0527
2.0074
2.432
1.6941
1.8758
1.8501
1.8976
2.1342
2.1206
1.8975
2.1119
1.8546
1.7725
2.2307
1.9206
2.4279
1.8425
2.1357
2.0644
1.9097
2.0324
1.7937
1.7725
2.0939
1.9627
1.8816
1.8689
2.3529
1.754
1.8853
2.1297
1.9647
1.9189
2.3873
2.0448
2.1317
2.2718
1.4302
2.3365
1.7289
1.7863
2.3265
2.1609
1.6657
2.1386
1.7749
2.17
1.4696
2.3296
2.0959
1.96
1.9074
1.9561
2.2167
1.8402
2.2676
2.0386
2.1063
1.8209
2.2053
2.0065
1.7727
2.021
2.298
2.0933
1.8438
1.7105
2.3653
1.8098
2.1328
1.8098
2.1254
2.2233
2.2633
2.3962
1.9513
2.2368
2.1834
1.7301
1.7371
1.7774
2.1624
2.0085
1.6316
1.7538
2.168
2.2924
1.5853
1.9747
1.9744
1.93
2.0094
1.541
1.9422
2.1197
1.9892
2.0101
1.6427
2.0223
2.3811
1.8721
1.9283
2.0358
1.8258
2.181
2.0702
1.8843
2.0416
1.8094
2.2751
1.8664
1.9252
1.8887
2.4249
1.7204
1.9338
1.8265
2.0527
1.8792
2.1381
2.0649
1.7864
1.8727
1.753
1.8118
1.9733
1.909
2.0104
2.2116
2.0909
2.2397
2.0679
1.6202
2.325
1.893
2.2219
1.9005
2.3671
2.0027
1.7186
2.0885
2.1426
1.9297
1.6294
1.973
1.7581
2.492
1.7038
1.9721
1.9122
1.904
1.7275
1.6292
2.5961
1.5188
1.9494
2.0377
1.998
1.8199
2.1288
2.0343
1.683
2.3455
1.7536
1.5519
2.2008
2.3367
1.9323
2.1902
2.472
2.0221
1.8515
2.1058
1.7015
2.2773
2.2016
2.2446
1.6509
1.8689
2.4423
1.7392
1.8076
2.2132
1.7006
2.0107
1.9683
1.8419
2.2019
1.6573
1.7812
2.2694
1.733
2.1684
1.9564
1.431
2.0595
1.9469
1.9099
2.1081
2.0597
1.7379
2.1735
1.8085
2.1789
2.0094
1.7508
1.9443
1.9003
2.0675
1.6556
2.1753
2.4984
2.008
1.8339
2.4906
1.9561
1.6937
1.9587
1.8381
2.0835
1.818
2.167
2.2031
2.1581
2.0868
2.0144
2.2099
1.2282
2.3053
1.7085
1.7734
1.9462
1.7634
2.0915
2.3405
2.2134
1.7197
2.4074
1.6363
1.8366
2.0108
1.9162
2.0281
1.7173
1.7861
1.8338
1.6544
1.8397
1.9331
1.8833
1.9456
2.1344
1.9401
2.1489
2.2871
1.6529
2.0598
1.7406
1.8222
1.9858
1.7618
1.9715
1.9137
2.0097
1.8055
2.0234
1.2933
2.1336
2.2365
1.7564
1.6378
2.1596
1.6461
2.2668
1.6349
2.4091
1.9751
1.8524
1.8351
2.4808
1.7985
1.8932
1.8361
2.474
2.2301
1.9205
2.239
1.6896
2.1031
1.6621
2.0262
1.889
2.7229
1.5645
1.906
2.285
1.9055
2.0403
1.7784
2.2367
1.9287
2.0636
1.6611
1.9972
1.8107
1.7386
1.9742
1.7092
2.7392
1.7577
1.9914
1.9714
2.0312
1.8233
2.3504
2.0848
1.8109
2.2767
2.0444
1.9633
2.3059
1.8795
1.741
2.1411
2.1733
1.9333
1.9296
1.9301
2.0347
1.5995
1.6103
2.0068
1.8895
2.1146
1.9778
2.8871
1.6712
1.7664
2.115
1.7704
1.9528
1.7862
2.3147
2.2314
1.9421
2.1448
1.8422
1.8401
1.9432
1.8264
2.2035
1.6587
2.0602
1.9991
2.5419
1.8956
1.9595
2.5944
1.5993
1.9303
1.7941
2.0587
2.1745
2.0021
2.0498
1.8387
2.0262
2.4706
1.7036
1.715
2.4035
1.8302
2.1474
1.6719
2.4159
1.9832
2.3945
1.9788
1.9666
1.853
1.8513
1.7772
2.0015
1.807
2.3136
1.8363
2.0629
1.6681
1.9673
2.1018
1.9251
1.8759
2.5209
2.1788
1.9356
2.0875
2.2459
1.6559
2.1985
2.1513
2.005
1.6732
2.0898
1.9566
1.9082
2.035
2.4298
1.9005
2.116
1.8974
1.5552
2.2766
1.7903
2.2023
1.7682
2.3814
2.1136
1.9047
2.2671
1.8676
2.2632
1.5916
1.9371
1.7844
1.9115
1.9232
2.123
2.1107
1.7504
2.1409
2.3829
1.8816
2.6019
1.8896
1.9171
2.226
1.9444
1.9452
1.8133
1.983
2.1965
1.6998
2.0038
2.1778
2.195
1.9916
1.7597
1.6289
1.8621
2.3023
2.1599
1.8582
1.9364
2.0434
1.8729
1.6462
1.9704
1.9232
2.1163
2.1888
2.1226
1.9247
2.1253
2.0271
1.6373
2.2151
2.2498
1.9012
1.7809
1.7648
2.2233
1.6306
2.0623
1.8011
2.1056
1.8135
2.1058
2.4033
1.6977
1.634
2.2176
1.5707
2.3429
1.7825
2.2976
2.0589
2.012
2.1165
1.9276
2.1645
1.8836
1.9045
2.0653
1.6601
2.0391
1.6611
2.5108
2.0452
2.1198
1.9644
1.7705
2.1656
2.2821
2.026
1.9065
1.7673
2.3387
1.6186
2.0412
2.1826
1.9716
1.9485
2.0214
1.9121
2.2251
2.2856
1.8192
2.4284
1.9623
1.7905
2.1227
1.8324
1.8247
1.7959
2.1151
1.9633
2.1516
1.969
1.6794
2.2037
2.0705
2.2275
1.7973
2.2708
1.7631
1.6081
2.3147
2.2361
1.8644
1.853
2.0666
1.6355
2.185
2.4208
1.4866
2.1559
1.9514
2.2993
1.8359
1.7717
2.4635
1.918
1.605
1.6311
2.0546
1.8898
2.132
1.866
2.009
1.8482
1.9259
2.1434
1.8555
1.8263
2.1224
1.7894
1.9029
2.1369
2.1068
1.8416
1.7563
2.0647
2.22
1.9089
2.2448
2.1586
1.6434
2.3833
1.9227
2.2745
1.9484
1.9662
1.956
2.1616
1.9171
1.9012
2.2688
1.8872
2.0255
1.8909
2.1601
2.2502
2.2095
1.937
1.9042
2.3138
1.7208
1.9721
2.2348
1.9479
2.2124
2.1724
1.9089
2.319
1.834
2.1528
2.2513
1.7995
1.8534
1.772
2.0182
2.4597
1.9293
1.6683
2.5232
2.0634
2.0598
1.9468
1.8224
2.066
1.5109
1.9949
2.2758
2.0227
1.6148
2.2847
1.9773
2.293
1.9502
1.9696
1.948
1.5925
2.0438
1.9901
1.9325
1.7795
1.6291
2.0684
1.8819
1.9047
1.9597
1.9845
2.1512
2.0442
2.2703
2.2556
1.9037
1.8298
1.8623
2.147
2.2443
1.8501
1.7795
1.9207
1.8928
1.3305
2.2898
2.0132
2.2214
2.1166
1.8139
1.9039
2.0965
1.7724
1.7878
1.7777
2.0466
1.8999
1.5728
2.1402
2.1739
1.7947
1.9453
1.9661
1.6897
1.9255
2.1358
1.5313
2.4332
1.8716
1.598
2.1209
2.2127
1.8765
2.2421
1.7854
2.0317
1.3741
2.5455
1.9177
2.2163
1.8144
2.087
1.7804
1.8966
2.0459
2.1491
1.7881
2.2268
2.0945
2.0184
1.5814
1.9922
2.1916
1.7262
1.9013
1.9479
2.0788
1.8769
1.9743
2.0124
2.2596
1.6265
1.9731
1.8968
1.6667
2.1229
2.2184
1.5962
2.4496
1.9927
1.8677
1.6383
2.1596
2.036
1.8057
1.8781
1.993
2.0006
1.7181
1.7018
2.3315
1.9534
2.3032
1.8419
1.5277
2.1293
2.2796
2.0363
1.6296
2.1832
2.0419
2.5253
1.6609
2.2488
2.0275
1.8876
1.9848
2.1856
1.7742
1.6895
1.6841
2.3787
1.991
1.7624
2.0197
2.1878
2.1018
1.7106
1.8777
1.9393
2.5864
1.6183
2.0586
2.1851
1.9733
1.9165
2.2314
1.8761
1.892
2.2404
2.1022
2.2832
2.0548
2.2561
1.5935
2.5438
2.1325
1.8625
2.2532
2.0648
2.1939
2.2472
2.1937
2.2765
1.6959
2.1684
1.8076
1.7727
2.1312
1.8674
1.7855
2.2057
1.9607
2.0588
1.5388
2.3858
1.9732
2.2072
2.0743
1.7523
1.8659
1.5668
2.4377
1.7641
2.2052
2.1205
1.9557
1.7651
2.5784
1.8525
2.1838
1.9573
2.1804
2.2487
1.4711
2.2134
1.8196
2.0452
1.7931
2.0632
1.7449
2.0598
2.0963
1.8157
2.4638
1.6287
2.0774
2.053
2.2202
2.1692
1.4074
2.0616
2.0122
1.6976
2.0236
2.0537
1.8535
1.8222
1.9286
2.4308
1.6463
2.0681
1.9726
1.7694
2.1306
1.8587
1.573
2.4062
2.1604
1.9197
2.3617
1.4166
2.192
2.0323
1.7143
1.6132
2.3675
1.7332
1.936
2.3242
1.6735
1.7952
2.5115
2.0996
2.2613
1.9558
2.1909
1.6832
2.0584
2.3426
2.0544
1.624
2.4419
1.587
1.7864
2.2379
2.4877
1.7265
2.0057
2.1402
1.515
2.0704
2.1732
2.2332
1.6081
2.6112
1.657
1.7984
1.8273
1.8979
2.134
1.974
2.0832
2.1533
1.7843
1.7114
2.1643
1.9668
1.5894
2.2143
1.9095
1.8863
1.9657
1.9411
1.8634
1.8726
1.6898
1.9144
2.0517
2.0731
1.5871
1.9559
1.9658
1.7794
1.9573
1.7819
1.7172
1.8714
2.0377
1.9675
1.8113
2.0418
1.9267
2.563
1.8439
2.1694
2.1275
2.0885
1.7112
1.8851
2.2254
2.0364
2.0288
1.8452
1.9678
1.7976
2.359
1.9338
1.8208
2.2467
1.8568
1.6885
1.7765
2.1854
2.1202
2.3965
1.7769
1.7654
2.1665
1.7691
2.1699
1.4927
1.9918
2.3114
2.0253
1.9264
2.0966
2.4707
2.1212
2.2131
2.2514
2.0506
1.6326
2.1553
2.1592
1.555
1.9742
2.2304
1.5319
1.9276
2.0257
1.9426
1.661
1.637
1.8532
1.8949
1.979
1.9287
2.1519
2.057
2.5096
1.9281
1.909
2.1656
1.3296
2.4833
2.0465
1.9951
1.7268
1.9998
1.759
2.0221
2.1544
2.2595
1.7258
1.5632
2.2252
1.5194
1.9908
2.0775
1.8506
1.833
1.996
2.1125
1.4629
2.0177
2.11
1.9924
1.7984
1.6672
1.9232
2.0217
1.971
2.1869
1.6363
2.1838
1.9009
1.7634
1.7349
2.0328
1.9168
1.7981
1.9843
1.9522
2.0196
1.91
2.2261
1.6571
1.9762
2.0834
1.7021
2.2965
1.5741
1.8673
2.0446
2.0281
2.1898
1.6161
1.9146
1.7805
1.5953
2.2173
1.7157
1.9939
1.5787
2.4018
1.5681
1.9687
1.8463
2.0667
2.1476
2.2059
1.705
1.5601
1.922
2.1706
1.6979
2.1302
2.0324
1.7293
1.9443
2.1436
2.0629
2.0388
1.8259
2.0211
2.171
1.791
2.05
1.7316
1.794
1.9706
2.1255
2.3553
1.7013
2.2139
1.79
1.9965
2.0435
2.4476
1.8483
2.0354
2.1161
1.6944
1.7781
2.2218
1.6338
1.6758
2.2378
2.1196
2.4222
1.7679
1.8993
1.6799
1.9296
1.7976
2.2888
2.0848
1.9386
1.8377
2.2389
2.1655
2.291
1.6473
1.763
1.95
2.1509
2.156
1.6825
1.9933
2.0118
2.1879
1.7044
2.2659
2.2113
1.8283
2.0356
1.7975
2.2239
2.1948
1.7897
1.6318
1.8553
2.2891
1.7068
2.2151
2.1907
1.5728
2.1634
1.8288
1.8644
1.8179
2.0295
1.903
1.8593
2.1368
1.874
1.7912
2.1795
1.5551
2.255
2.1022
1.6084
2.2272
2.002
1.8499
1.9344
1.8516
1.8259
1.9678
2.0482
1.9821
1.9704
2.1377
2.1894
1.595
2.152
1.9644
1.9206
2.0633
1.7732
2.373
2.0172
1.8741
1.61
2.0857
2.1583
1.9752
1.9141
2.3394
1.6653
1.9443
1.989
1.8972
1.9622
2.0368
1.8767
2.0402
2.54
1.562
2.2756
1.7987
1.671
2.2792
2.1876
1.822
1.6274
2.1627
1.7628
1.8476
2.2116
1.7345
2.4895
2.3154
1.5472
1.9607
2.1331
1.897
2.4254
1.7115
1.9218
1.9718
1.9551
1.9405
1.9
1.9766
1.9946
1.8043
1.8111
2.0787
1.9768
1.8793
1.5878
2.3248
1.8305
1.5709
2.4814
1.914
1.6958
2.3266
1.8869
1.9479
1.6509
1.6984
2.1458
1.9438
1.92
2.0388
2.1244
2.1632
2.1591
1.984
1.8507
2.3451
2.1264
1.8601
2.0328
1.9399
2.1415
2.1283
1.6983
2.2091
2.0009
2.3778
2.4415
1.5639
2.1058
2.0169
1.9414
2.4019
1.6405
1.7722
2.2702
2.07
2.074
2.4809
1.5118
1.9978
1.7832
2.025
1.7353
2.3276
2.0187
2.1004
1.708
2.0479
2.0793
1.9839
1.6149
2.0862
1.9683
2.1927
1.9982
1.975
1.9429
2.1676
2.143
1.6575
2.1655
1.9932
1.8781
1.8322
2.3004
1.6695
2.1525
1.9913
1.8395
1.9339
1.9414
2.0702
1.7389
2.0355
2.1857
1.7429
2.2072
1.7991
2.3177
1.8929
2.0413
1.9863
2.5565
1.5812
1.8976
2.1485
1.7767
2.0969
1.7691
2.0859
2.2828
2.2392
1.9736
2.0851
2.5729
1.8182
1.6889
2.0876
2.0721
1.9889
2.2391
2.6943
1.6224
1.9408
2.2464
1.8385
2.1043
1.8069
1.8426
2.3361
1.8831
2.1342
2.0235
1.7606
2.096
2.3744
1.8214
2.1583
1.7226
1.7955
2.4116
1.9582
2.1669
1.6528
2.1641
2.2164
2.0466
1.8566
2.1282
2.0328
2.1663
2.052
1.8445
2.2932
1.8151
2.5994
1.6477
2.1805
2.1251
1.748
2.3835
1.7594
2.0776
1.5677
2.2991
1.9395
2.5877
1.8441
1.9452
1.8384
2.0277
1.9547
1.6678
1.7996
1.7285
2.1049
2.0431
2.3214
1.881
1.9896
1.8924
2.0578
2.0203
2.3553
1.7142
2.0509
1.8942
1.8179
2.2166
1.6132
1.9683
2.1265
2.1024
1.9074
1.8464
2.187
1.7389
2.4216
1.9521
2.2678
2.0592
1.8512
2.1084
2.341
1.721
2.0767
1.6897
2.279
1.6786
2.2756
1.9472
1.7335
1.9152
2.5002
1.5194
1.8904
1.9919
1.9299
1.827
2.1078
1.9843
2.0035
1.9882
1.7619
2.3158
1.9077
2.1723
2.1387
1.8518
1.9156
2.208
1.972
1.8788
2.2659
1.9394
1.7473
1.6705
2.5325
1.9714
1.8575
1.9964
1.6718
2.0732
1.597
2.0275
2.5734
1.781
1.9717
2.0644
1.6999
2.0969
1.5934
2.2912
1.739
2.0391
1.8553
2.0403
1.8686
1.5254
1.8097
1.9396
2.0952
2.7137
1.9116
1.7331
1.6837
2.0232
2.0372
1.8097
1.9288
1.5689
2.1806
1.8817
2.2768
1.6059
2.082
1.7071
2.1925
1.9662
2.0598
1.9218
1.8619
1.8016
1.9213
2.1747
1.9165
2.0028
2.0345
2.0807
1.876
2.2134
1.8202
2.0587
1.925
1.9849
1.6219
1.8631
2.1874
2.1023
1.8921
2.0128
1.8785
1.7673
2.151
2.0829
2.3284
1.7048
1.6193
1.9106
1.8866
2.2549
2.2147
1.9523
2.0453
2.09
2.1473
1.9221
1.6049
2.0007
2.5401
2.1474
1.569
1.7215
2.2825
1.811
1.8282
2.0681
1.5671
1.746
2.2746
1.6589
1.8601
1.9285
1.9348
1.9244
1.7612
2.0616
1.937
1.9288
1.8388
2.2031
2.0066
1.8608
1.9204
2.2009
2.1098
1.7636
1.8717
1.638
2.1628
1.8348
2.1146
1.6981
2.054
2.2116
1.8516
1.9101
1.9474
1.9425
1.9511
2.235
1.6575
2.2301
1.6271
2.0819
1.9023
2.053
2.1041
2.0202
1.7283
2.4154
1.9465
1.6294
2.1777
2.1694
1.6479
2.2327
1.6669
2.2769
1.746
1.9787
2.0482
2.0325
1.8424
2.066
2.1966
1.9059
2.0953
1.8492
2.2191
1.9053
1.9036
1.6909
2.2232
1.967
1.9422
2.1729
2.0798
1.9019
1.777
2.1436
1.7479
1.9233
1.935
2.106
2.1428
2.0936
1.8406
1.8152
2.1767
2.0928
1.9288
2.2905
1.9221
2.1584
1.9013
2.2497
1.9135
1.717
2.1564
2.0035
1.9409
1.681
2.1061
1.8732
2.324
1.6451
1.8848
2.0713
1.8559
2.0663
2.0876
1.9347
2.1159
1.9233
2.0472
2.1802
2.0036
1.9415
2.1473
2.1358
2.4198
2.1411
1.9082
1.685
1.9724
2.4043
1.8182
2.5819
1.8405
2.4424
1.5998
2.1188
1.8951
1.9494
2.0017
2.0551
1.9367
2.059
1.8613
2.0939
2.2129
1.9715
2.0692
2.0434
2.3552
1.6978
1.8475
2.1405
2.054
2.0126
2.252
1.9289
1.8361
1.8452
2.1347
1.9671
2.178
2.1016
1.9426
2.3698
1.3624
2.5238
1.4527
1.958
2.1828
2.1213
2.1949
2.1406
1.7958
1.6877
2.2918
1.7773
1.9663
1.8182
2.2198
1.6913
2.2552
1.9771
2.0309
2.0695
1.9421
2.1158
2.1614
2.0851
1.8317
2.3135
2.1672
2.14
1.5495
2.2622
2.0009
1.4722
1.9133
2.0326
1.937
2.1019
1.7862
2.4272
1.7175
2.1174
2.0456
1.9066
2.2378
1.7584
1.8713
2.1278
1.9467
1.6893
2.1964
1.9736
2.1808
2.2729
1.8791
1.6579
2.0721
1.7753
2.2576
1.8484
1.8268
2.2001
1.5959
1.9017
2.116
2.074
1.7932
2.2549
1.998
2.1631
2.196
1.5653
2.0655
2.0224
1.5411
2.1032
2.2976
1.6792
1.7991
2.1348
2.1165
1.7176
2.0799
1.7502
2.03
2.0188
2.0551
2.0802
2.0538
1.7829
2.3404
1.8401
1.9811
2.5379
1.8194
2.2244
1.7651
2.0137
2.155
1.6599
2.1523
2.076
1.9057
1.8496
1.98
2.151
2.0454
1.8279
2.2113
1.8798
2.2337
2.178
1.7858
2.0747
1.9202
2.518
1.7112
1.7981
2.2326
1.9914
1.7583
2.3505
1.6719
2.2314
2.0271
2.2514
2.1866
1.5228
2.1312
2.0906
1.9321
2.263
1.7831
2.0591
2.0926
2.2856
1.8428
1.7049
2.0539
1.5949
2.1814
2.2701
2.1327
1.8682
1.8841
2.275
1.8615
1.5062
1.8765
2.1694
1.7334
1.7741
1.9109
2.1974
2.1342
1.8721
2.0236
1.7238
1.8734
2.0007
1.8168
1.7778
1.9848
2.6046
1.7966
1.8954
2.3577
1.5673
1.9051
2.0927
1.96
1.7857
1.8637
2.3304
1.6636
1.9863
2.3233
2.0733
1.7781
2.0581
1.8649
2.1658
1.8437
1.7571
1.7702
2.4306
1.7019
2.3721
1.9442
1.5743
1.9098
1.8713
2.6997
1.7137
1.4993
2.2886
2.2581
1.5627
2.2813
1.8825
2.3469
1.9089
1.8599
1.9044
2.1829
1.6367
1.7786
1.9162
1.902
1.5686
2.0239
1.53
2.1229
1.706
2.2827
1.9965
1.7511
1.6162
2.1373
2.1959
1.9021
2.018
2.2204
1.9242
1.9574
1.8259
2.0164
2.0706
1.8112
2.0448
1.9971
1.9687
2.2861
1.6636
2.1381
1.7314
2.1408
2.2806
2.0395
1.8622
1.9988
2.1509
2.1406
1.8975
1.8118
1.9268
1.9599
1.8435
2.0385
1.8397
1.9438
1.9001
2.1154
1.7514
2.5036
2.0969
1.8783
2.0474
1.806
2.2991
1.5194
2.191
2.1063
2.1967
2.0363
2.3327
1.7178
2.1686
2.1572
1.5663
1.4431
2.154
2.2895
1.6684
2.0206
1.8248
2.2368
2.2036
2.1556
1.8211
2.0401
1.704
1.9651
2.396
1.7341
1.7673
2.0263
2.3377
1.7806
2.0485
2.0272
2.0089
1.5484
2.5123
1.9435
1.7458
1.9971
2.3986
2.2079
1.6061
1.985
1.9822
1.8543
2.128
1.9323
2.0262
1.7197
2.0613
2.0723
2.0711
1.9058
2.1416
1.7186
2.3657
1.8495
1.7017
1.9602
1.9056
1.9993
2.0168
1.9477
1.8503
2.297
1.9961
2.2939
1.8828
1.9865
1.9363
2.2074
2.3392
1.7102
1.9772
1.9631
1.827
2.4289
1.8406
2.0766
1.8273
2.2067
2.2598
1.6314
1.7927
2.0133
2.1192
2.0104
1.5067
2.1477
2.0482
1.7242
2.222
2.2956
2.1633
1.8987
2.0934
1.9765
2.1952
2.0766
1.5879
2.2133
1.4113
2.3486
1.8663
1.6647
2.0219
1.8637
1.7923
2.3858
1.9971
2.1953
2.0239
2.0926
1.8616
2.0719
1.9421
1.9898
2.3701
1.8863
1.9103
2.038
1.686
2.2329
2.0176
1.5963
2.1539
1.7783
2.5035
1.8012
1.8653
2.1002
1.8894
1.8474
2.0302
1.676
2.2219
2.3841
1.9676
2.0934
1.7794
1.9183
2.104
1.9355
1.956
1.8415
2.4747
1.9226
2.1744
1.684
2.1557
2.0094
2.257
1.6592
1.73
2.1703
1.9082
1.9879
1.9783
2.1164
2.2074
1.5143
2.0646
2.0371
2.1147
1.9495
1.9388
2.0559
1.7593
2.0503
2.6918
2.119
1.4225
1.9223
1.968
2.0631
2.1754
2.0633
1.9758
2.1578
1.8203
2.2181
2.3792
2.0871
2.0386
2.0768
2.2374
2.0556
2.0326
2.0498
1.8327
1.9499
1.8599
1.8859
2.0767
1.982
1.8799
1.9339
1.7205
2.0849
2.0698
1.5574
2.006
2.396
1.6556
2.101
2.1328
2.147
1.9757
1.7171
2.102
1.8048
2.0558
1.9116
2.0772
1.7505
1.9911
1.9127
1.8737
1.8776
2.4412
1.7853
2.8832
1.6819
2.4985
1.5965
1.9903
2.2287
2.0202
1.8482
2.1279
1.9841
2.0356
2.0212
1.5693
1.8694
2.1189
2.039
2.0649
1.768
2.1198
1.937
1.9505
2.1239
1.7529
1.993
1.9945
2.2981
1.9099
1.7608
2.0536
2.0556
1.9553
1.8058
2.0434
1.5547
1.8879
1.9334
2.3323
1.9039
2.2358
1.7516
1.8763
2.2072
1.9278
1.8545
2.1999
2.12
1.7429
2.1572
1.8168
1.8538
2.0615
2.0978
1.9133
1.87
1.8757
2.0101
1.8395
1.8872
2.1112
1.8329
2.0563
2.0471
1.8302
2.0835
1.8266
2.0777
2.1251
2.2067
1.7826
1.8351
1.6547
2.3082
2.166
2.0087
1.9806
1.5612
2.2563
1.8866
1.9033
1.9012
2.147
1.6222
2.0682
1.8996
2.0645
1.9929
1.7115
1.7861
2.3405
1.6397
2.3066
1.656
2.2434
2.0173
1.899
2.0917
1.7911
2.077
1.6961
1.945
2.1729
1.964
2.111
1.7583
2.0291
2.3019
2.1044
2.2071
1.7871
1.7047
2.1951
2.1134
1.4438
2.0447
2.4189
1.9507
1.9455
2.1131
1.5137
2.2632
1.7767
2.0805
2.2462
2.1503
1.9075
1.9466
1.8262
2.1079
2.1601
1.7957
2.1157
1.6027
1.8914
2.391
1.7846
1.7883
1.6523
1.9295
2.006
2.0958
1.9362
2.3232
1.6941
1.4108
2.4628
1.9399
2.01
1.726
2.0694
2.1738
1.943
2.5904
1.722
2.226
1.8903
1.9771
2.4856
1.7695
2.1814
2.0075
1.7983
2.1837
1.893
1.7161
2.2973
1.9522
1.7822
2.0391
2.028
1.9973
