1.9248
1.7188
1.6723
2.0837
1.5287
2.0639
2.0321
1.8089
2.0639
2.3976
1.6341
1.6103
2.228
1.81
2.1005
1.6691
2.0963
2.166
2.2745
1.5844
2.0284
1.8717
1.812
2.0457
1.9337
1.8146
1.6544
1.9387
2.1831
1.815
1.615
2.0913
2.1269
1.8959
2.0348
1.7877
1.8786
1.9192
2.0221
1.9418
2.0178
2.0706
1.6724
2.0813
1.5616
2.3082
1.7422
1.7447
2.2804
2.2263
2.0811
1.989
2.0061
2.3562
1.731
1.9748
1.972
2
1.7292
1.8513
2.0207
1.8421
2.6106
2.2287
2.2886
1.8793
1.8351
1.8307
2.4532
1.9264
1.6843
2.1468
2.0754
1.6722
2.1501
2.1784
1.8078
2.3833
1.3473
1.9632
2.1996
1.8341
2.0363
2.1283
2.2873
1.8133
1.8691
2.2967
2.2494
1.8964
1.9982
1.4367
2.3375
2.341
1.9985
1.6015
2.4212
1.9799
1.8043
1.6935
1.9808
2.1152
2.0788
1.7475
2.3772
2.2863
1.7571
1.9939
2.0559
2.2072
2.0969
1.9981
1.8442
2.171
1.6361
2.3898
1.6752
1.8443
2.3678
1.8404
2.22
1.8926
2.2765
1.93
1.8747
2.4732
2.0385
2.0269
1.7658
1.7248
2.1291
1.6148
2.08
2.4081
1.7733
1.7354
2.0063
1.6133
2.0141
1.7765
2.2
1.9991
1.8179
1.9006
1.9355
1.8994
2.2114
1.9288
2.3814
2.1508
1.878
1.8686
2.0706
1.9662
1.7643
1.6447
1.9025
2.0817
2.1116
1.7272
2.537
1.9569
1.9684
1.9743
2.0424
1.8893
2.9751
1.9309
2.2822
1.9743
1.5353
2.3689
2.0707
1.7667
2.0161
2.1918
1.6296
1.8237
1.7081
1.8261
2.1285
1.8751
1.6675
2.3307
2.1027
1.5586
2.2616
1.5884
2.0637
2.1837
1.7305
1.819
2.6417
1.9554
1.917
2.2277
1.961
1.9725
1.9932
2.028
2.3502
2.2729
1.789
1.8127
1.979
2.2902
2.1435
2.2586
1.5497
1.9546
2.1505
1.792
2.2052
1.6513
2.1285
2.4417
1.7113
1.7265
2.0177
2.285
2.2092
1.6272
1.8632
1.9294
2.0902
2.024
1.8105
2.1775
1.886
2.1527
1.7669
1.9787
1.9979
2.612
2.0335
1.9079
1.9475
2.4041
1.8849
1.8894
2.0343
2.2724
1.7487
1.8872
2.02
1.9999
1.7388
2.3013
2.0102
1.8509
1.8793
2.1622
1.6645
1.7826
2.2311
2.0091
2.4627
1.5401
2.6135
1.5149
1.824
2.0635
1.8509
2.2456
1.8853
1.5313
1.8433
2.1442
1.842
2.1078
1.9301
2.0077
2.0722
2.1549
1.9139
1.8532
2.2315
2.002
2.3752
1.8095
2.0952
1.9677
2.2229
1.6352
1.9992
2.3827
1.6277
1.9359
1.6603
2.2796
2.4856
1.5568
1.9776
1.8254
1.6022
1.9745
1.9196
2.1658
2.157
1.5262
1.8529
1.7976
1.8311
2.2421
2.1558
2.0377
2.3181
1.6173
2.0692
1.7451
2.2994
2.3043
2.2859
1.8039
2.2736
1.9305
2.2231
1.9362
2.1559
1.8777
2.184
1.954
2.1627
2.0418
1.7649
2.6799
1.5277
1.9997
1.8624
1.7023
1.7643
2.2543
2.0601
2.0902
1.9551
2.3643
2.0968
1.9482
1.6691
1.7798
2.2862
1.7108
2.1692
1.9484
1.8746
1.9687
1.9468
1.9842
2.2312
1.8278
2.1454
1.7314
1.9704
1.5744
2.1542
2.1827
1.8453
2.782
1.5116
2.095
1.9507
1.2628
2.2756
2.5099
1.4849
2.1544
2.6141
1.8302
2.1872
2.2577
1.7195
2.2749
1.8421
1.7152
1.9109
1.9377
1.7075
1.9388
1.959
2.2353
2.0015
2.3281
2.1421
2.2284
1.7933
2.0339
1.9691
2.4462
2.0663
1.9527
2.3255
1.8928
1.7939
1.8408
1.8561
1.6083
1.7749
2.2008
2.1018
1.6014
2.0158
2.2986
1.6752
1.9361
1.9864
1.9558
1.7278
2.0817
2.2622
1.9452
2.0728
1.918
2.0765
2.1791
1.6584
2.2172
1.6081
2.1811
1.7315
2.0983
2.055
2.1034
2.0871
1.7242
2.1933
1.9353
2.0685
1.7018
2.2163
2.0546
1.9705
1.5396
1.8139
1.9085
2.002
1.9953
2.0654
1.8246
2.0714
2.0354
1.9648
1.5982
2.2472
2.1643
1.731
1.5983
1.898
1.6247
2.2093
1.584
2.2713
1.5371
2.5737
1.6458
2.111
1.8695
2.1572
1.9553
2.2878
1.6155
1.8627
2.1127
1.6623
2.3245
1.9682
2.2075
1.7299
1.9916
1.9687
2.0757
1.5227
2.0117
1.7659
2.4811
2.0445
1.8161
2.2738
1.7259
2.0479
1.7535
1.7144
1.9651
1.9389
2.5107
1.8665
2.0567
2.0504
2.0923
1.9407
2.1063
1.8918
2.2324
2.1288
2.1513
1.9161
1.8893
1.9544
2.0011
1.9552
2.0931
1.7327
2.4078
1.9216
2.0257
2.1029
1.8457
2.1602
1.6554
2.0103
1.6371
1.831
2.3877
1.7573
2.0835
1.6863
1.9752
1.8917
1.8416
1.8144
2.4479
1.9982
1.6628
2.2084
2.1309
1.8498
2.0726
2.5095
2.0446
2.004
2.3677
1.8613
1.7965
2.071
2.214
2.2011
1.8421
1.8517
2.329
1.9239
2.2089
1.9862
1.9062
1.9023
1.8427
2.2979
1.8925
2.0429
1.7946
1.8482
2.1243
1.6706
1.5863
2.5403
1.9486
2.247
1.808
2.2346
1.7452
2.2955
2.0337
1.7285
2.6083
2.0278
1.6401
1.9516
2.17
1.9475
2.2837
2.0648
2.001
1.7554
1.8949
2.334
1.7734
1.805
2.1217
2.2464
1.941
1.725
2.3922
2.125
2.4435
2.1335
1.6449
1.8139
1.7916
1.7771
1.8932
2.268
2.0545
2.0852
1.9254
1.4135
2.2428
2.7425
1.8034
1.9892
2.0542
2.1669
1.9565
1.7648
2.2614
1.9229
1.8202
1.9244
2.0089
1.846
2.1695
2.1025
2.0826
1.7196
2.0729
1.8028
1.799
2.0307
2.2073
1.8281
1.7312
2.2034
2.072
1.4967
1.6807
1.9072
2.0604
2.2997
1.7082
2.1428
2.4234
1.8893
1.8497
2.5332
2.0323
2.0922
2.1208
2.2201
1.8073
2.2543
1.8016
1.7736
2.2022
2.2883
2.1237
2.0188
2.2202
2.2952
2.0532
1.9211
2.0092
2.0023
1.7261
1.8228
3.1074
1.7282
1.8515
2.0816
2.033
2.0618
2.2238
1.5716
1.8477
2.0287
1.6198
2.0348
2.1726
1.9175
2.2974
1.9502
2.2048
1.904
1.817
2.3277
1.9047
1.7196
1.6843
1.8516
1.9474
1.9688
1.8973
2.2
1.6623
2.2729
1.9738
2.3202
1.7592
1.8134
1.9492
1.6933
1.3879
2.539
1.3877
2.1011
2.17
2.1892
1.6271
2.2255
1.9971
1.6104
1.8564
1.8126
1.8514
2.0166
2.5439
1.8056
2.0905
1.7573
1.9012
1.7176
2.0694
2.3222
1.963
1.8078
1.7262
1.8216
2.0638
2.0491
1.9025
2.2668
2.0106
1.9843
2.2555
1.7972
1.9516
1.9506
1.9831
2.5094
1.704
2.0443
2.0851
1.5148
2.3835
1.843
2.0239
1.9837
2.3392
2.0008
1.8598
1.8854
2.1744
1.8102
1.875
2.3273
1.9747
2.1914
2.1626
2.145
2.1359
1.8287
2.1164
2.3985
1.6681
1.8302
2.5329
1.6934
2.2205
1.7399
2.0142
1.8186
2.2206
2.1143
1.7596
1.8217
2.0372
1.9305
2.305
1.8685
1.964
1.9634
1.9881
2.4217
1.6337
1.8362
1.8511
2.3217
1.7211
1.745
1.9873
1.9895
2.1142
2.0765
2.007
2.4792
2.1927
1.9102
1.8129
2.3989
2.3524
1.5259
2.1707
2.0806
1.6792
2.1773
2.2226
1.8896
2.1342
1.881
1.847
1.9557
1.8846
1.9053
1.5568
1.9776
2.2153
1.8205
2.2045
1.6469
1.8818
1.8652
1.9786
2.058
1.6341
2.0281
2.0787
2.0406
1.7909
1.8948
1.7922
2.0805
1.8303
2.0674
2.092
2.4268
1.4758
2.1556
2.2593
1.7364
2.2229
2.432
1.5348
2.0982
2.2383
1.8939
2.3857
1.6176
1.8594
2.1955
1.9294
2.0745
2.0099
2.1109
1.7331
2.3538
1.9092
2.1203
2.2151
1.6114
1.9761
2.0347
1.8744
2.0715
1.9303
1.8061
2.03
1.8961
1.685
1.9881
2.1041
2.3337
1.7187
2.0963
1.8753
2.1912
1.8316
2.2046
2.1932
1.8119
1.8683
1.9734
2.1472
2.1974
1.9109
1.6964
1.9957
1.8328
2.0788
1.9647
2.2672
2.2044
2.0243
1.7987
2.0859
1.8602
2.2259
1.8948
2.4877
1.8263
1.8529
1.76
2.1912
2.0455
1.9531
2.1188
1.8487
1.8856
1.9174
2.1433
1.9573
2.3369
1.8294
1.6968
2.354
2.187
2.0782
1.8311
2.1485
1.9568
1.7406
1.6886
2.3634
1.9493
2.1425
2.1631
1.639
2.082
2.0558
2.1018
1.7248
1.8582
1.9607
2.0289
2.6469
1.629
2.2709
2.1888
1.8513
1.9588
1.7259
1.8961
1.9978
2.0835
2.0725
1.9255
2.4653
1.7125
1.8522
1.9236
2.2495
1.9294
1.829
2.0096
1.7904
1.9471
2.1453
2.0881
1.5796
2.5007
1.8401
2.2234
2.2784
2.0084
2.4114
1.8437
1.403
2.1794
2.025
2.2713
2.1096
2.1362
2.0304
2.0492
1.4882
1.5637
1.8128
2.0393
1.9711
1.8908
1.9403
2.0722
2.0778
1.7522
1.9748
1.7916
2.3626
1.6953
2.328
1.2801
2.407
1.7877
2.0482
1.7627
1.7273
2.0647
2.2877
1.9479
2.3065
1.6462
2.1326
1.9523
2.1528
1.9218
2.0535
1.96
2.0073
1.9401
1.6988
2.0113
2.247
2.0457
1.798
2.2074
2.1503
1.523
2.0894
1.866
1.926
2.0072
1.8921
1.9979
2.0563
2.0729
2.0537
1.944
1.6484
1.9909
1.974
1.9031
1.9614
2.0866
2.4994
1.7408
1.9673
2.0959
1.7917
1.9885
1.9669
2.2549
2.1164
2.1894
1.8731
1.9317
1.8775
2.1405
2.06
1.8349
1.8568
2.1119
1.8955
2.2073
1.7657
1.7434
1.968
1.8872
2.0689
2.1193
2.2333
1.5
2.0433
1.9965
2.006
1.8326
2.5147
1.9878
1.7555
2.2388
1.9773
1.8075
1.993
2.5463
1.7633
1.6741
2.4782
1.7197
2.3545
1.7347
2.4051
2.0088
1.8156
2.0358
2.1001
1.901
1.7758
2.0577
1.6243
2.4464
1.9394
1.6683
2.3145
1.8616
2.1227
1.9393
2.3747
1.6604
2.1746
2.1619
1.7003
2.121
1.6063
2.0645
2.0568
1.9281
2.0473
2.1563
1.7896
2.1665
1.7974
2.0651
1.6489
2.2713
2.1645
2.0728
1.9066
1.4652
2.2664
2.0818
2.1963
1.8905
1.8662
1.941
1.8672
2.2008
1.7392
1.9542
1.7752
1.7449
2.2805
1.7495
1.8574
1.6983
2.0954
1.7009
1.9814
1.8115
2.1222
2.0334
1.9867
2.0301
1.9305
1.7509
2.1174
1.9778
1.9962
2.3271
2.069
1.9016
1.8766
2.1768
2.1721
1.9409
2.0094
2.1225
2.1148
1.8399
2.315
1.6832
2.0448
2.0203
2.2372
2.0374
1.9135
1.9607
1.8943
1.8623
2.1699
2.0808
1.5222
1.7957
2.1702
1.6
1.9509
1.8365
2.1274
1.7745
2.3198
1.8441
1.8471
2.0357
2.13
1.4885
2.1024
1.9283
1.924
2.0038
1.8715
1.9223
1.9757
1.7273
2.2176
1.9062
1.8387
2.1224
2.137
1.6884
1.9558
1.9709
2.3051
2.1751
1.9196
2.2353
1.7017
2.1486
2.0399
1.9
1.951
1.8164
2.362
2.0294
1.7859
2.5041
1.7816
1.7658
2.3338
2.0945
1.9338
2.1176
2.1025
1.7877
1.9319
2.0948
2.0288
1.6343
2.1229
2.1819
1.7736
2.0747
2.327
1.5908
1.879
1.7371
2.4329
1.6964
2.1621
1.8376
2.1897
1.6063
2.3834
1.6982
1.9673
2.1332
1.918
2.0822
1.8717
2.0523
1.6486
2.2996
2.2142
1.8321
2.1406
1.6394
1.9367
2.7256
1.7388
1.622
2.3316
1.7637
2.0575
2.4345
1.8619
1.71
2.1784
1.8063
2.1418
2.3312
1.5429
2.0383
2.0462
2.1054
1.8866
1.7762
2.0663
2.658
1.8971
1.8174
1.857
2.2674
2.1901
1.7879
2.2773
1.6333
1.9464
1.9514
2.2452
1.6727
2.1626
2.1346
1.7166
1.9197
2.1604
2.4756
1.6953
1.9455
1.8287
1.8535
2.4833
1.8176
2.2899
1.4962
1.9839
2.3094
1.502
1.9386
1.8586
2.0678
2.1483
1.8732
2.2554
2.1872
1.9702
2.0499
2.0812
1.8378
2.038
1.9924
1.7577
2.5366
1.9652
2.0144
1.7358
1.9708
2.0173
2.2649
2.0915
1.4526
2.2069
2.0822
2.2723
1.6111
1.9714
1.7069
2.2651
1.7583
2.2063
1.9697
1.6439
1.8451
2.1513
1.9063
2.2088
2.2119
1.9466
1.9029
1.8781
1.611
2.1276
2.046
1.9425
2.1731
2.0602
1.7145
2.558
1.3438
2.568
2.1825
1.6633
2.0058
2.062
2.2766
2.0638
1.8905
2.0374
1.9332
1.7548
2.5056
1.613
2.0024
2.1175
1.8943
1.8831
1.8525
2.1498
2.2021
1.9871
2.1948
1.9784
1.9437
1.9382
1.6606
2.4548
2.1337
1.716
2.1125
1.7151
1.7848
2.2664
1.5482
2.237
1.6483
1.766
2.006
1.8052
1.8279
1.8456
2.1798
1.7862
1.7436
2.2199
1.7137
1.5158
2.3008
1.7211
1.8648
2.2169
2.1774
2.0699
1.868
1.7349
2.2901
2.0535
1.6931
2.0037
1.7938
2.205
2.0956
1.703
2.1063
1.7205
2.1982
1.8902
1.6178
2.1598
2.1337
1.8111
1.6559
2.3017
1.7295
2.2892
1.7511
2.0946
1.9768
2.1528
1.8523
1.817
2.1707
1.7886
1.8513
1.8871
2.183
1.8456
1.7771
2.2277
2.1245
1.8501
1.9464
1.9036
1.9718
1.947
1.9242
2.1523
2.2843
2.0948
2.4067
1.8515
2.0456
1.7108
1.7188
2.5307
2.6481
1.7736
1.949
1.7119
1.9856
2.0141
1.9186
1.9913
2.0324
2.0235
2.1147
2.0628
1.726
2.467
1.8798
1.7794
2.0799
2.1117
2.0352
1.839
2.0225
2.0561
1.7103
1.9375
1.8767
1.7701
2.1219
1.8651
2.039
1.4641
1.8094
2.428
1.7498
1.7976
2.0834
2.006
1.726
1.8742
2.24
1.7731
1.9144
2.1621
1.8713
2.0112
1.6654
1.9535
2.3322
1.6658
1.8208
1.8595
2.4346
1.9728
1.9478
1.7569
2.206
1.8862
2.0716
1.9232
1.7853
2.616
1.8493
2.2865
1.9494
2.294
2.0404
1.8415
2.1205
1.6775
1.9218
2.274
1.8533
2.0784
1.8511
1.6923
2.2545
2.2264
2.2565
1.7379
1.9533
2.2506
1.9959
1.6571
1.9515
2.1057
1.9965
2.0589
2.187
1.9248
1.8346
1.7117
2.2687
2.0532
2.3333
1.6848
2.3022
1.9425
1.7735
2.5222
2.2403
2.0132
2.0437
2.0128
2.4695
2.022
1.6408
2.1262
2.0477
2.352
1.726
1.9689
1.9002
2.4289
1.9751
1.9808
2.0138
2.0946
1.6818
1.6826
2.3285
1.9114
1.7491
2.0325
2.0643
1.8968
2.2425
1.3088
2.0264
2.198
2.1272
1.9314
2.0441
2.1208
1.9748
1.9908
2.0967
2.1332
2.0164
2.0805
2.0997
1.7892
1.8689
1.8338
1.9466
1.7041
2.0295
2.1819
1.7878
2.1216
2.0739
1.7032
2.2006
2.0947
1.7233
1.9729
1.4908
2.1666
1.9712
1.8909
1.7667
2.177
1.9859
1.5909
2.264
2.0205
1.6022
1.7768
2.0471
1.7503
2.4307
1.8466
2.1713
2.1533
2.036
1.9125
1.8751
2.3501
1.8658
1.9498
2.4197
1.9653
1.4908
2.0956
2.2037
2.176
2.2245
2.3221
1.4774
2.1388
1.7663
1.9459
2.22
1.8973
1.6651
1.9773
1.7946
2.3301
2.0383
2.1123
1.5311
2.352
1.5523
2.09
1.9668
2.2568
1.6705
1.4019
2.2421
1.9464
2.432
1.9636
2.1727
1.7744
2.0552
1.811
2.5395
1.8696
2.1138
2.1701
1.8174
2.0323
2.3315
1.8345
1.9259
2.0559
1.4785
2.2569
2.0607
1.8523
2.0847
1.983
1.5925
1.5811
2.6716
1.9767
1.6551
1.8475
2.2484
1.8076
2.1387
1.9615
2.1401
1.7553
2.1917
2.0667
1.6921
2.1236
1.9604
1.8636
2.153
2.6019
1.9074
1.984
1.9994
1.8842
1.8254
2.0371
2.1806
2.3041
2.0588
1.5453
2.2183
1.7046
2.1582
1.9499
1.9313
1.8607
1.6679
2.1502
2.0272
1.8013
2.0949
2.1509
2.0389
1.6431
2.2337
2.3424
1.6806
2.1527
1.6841
2.2202
1.6607
2.0006
2.1581
1.9602
2.1625
1.7032
1.6157
2.1073
2.4065
1.5192
2.0421
1.8389
2.1065
1.7774
2.4369
1.8686
1.7961
1.8998
1.7982
2.3377
1.4572
1.879
1.9365
2.3689
1.8841
2.2794
1.863
1.9129
2.3341
2.071
2.3439
1.6565
1.6731
2.3214
2.2242
1.8928
1.9401
1.9324
2.0417
2.2048
2.0929
2.2007
1.7681
1.851
1.8895
1.898
2.0694
2.1333
2.1169
1.805
2.4414
1.7872
2.0101
2.1079
1.9926
2.1788
1.7038
2.3011
1.9746
1.8553
2.1265
2.4055
1.9943
1.6699
2.3024
1.5346
1.8451
1.9816
2.2207
2.0182
1.7826
2.323
1.7692
1.9408
1.8992
2.3283
2.0053
1.7684
2.361
1.8611
1.9238
2.0101
2.2635
2.2065
1.766
2.1846
1.8933
2.4
2.0368
1.9429
1.8878
2.3053
1.8785
2.3145
2.1711
2.2323
1.7506
2
2.0908
1.7653
2.0256
2.106
1.9294
2.0044
2.1831
2.1842
2.1226
2.0677
1.9211
1.7309
1.7899
1.8562
2.0339
1.9912
1.8288
2.0726
2.415
1.597
1.913
2.5113
1.7862
1.6899
1.9473
1.8126
2.0883
1.6369
2.0521
2.0455
1.7375
2.0184
2.2565
1.8354
2.1318
2.1199
1.6521
1.7003
2.2464
2.0339
2.1587
1.894
2.2683
1.6931
1.8904
2.1005
2.0529
1.9401
1.9985
1.9392
1.7018
1.6274
2.3944
2.0707
2.7243
2.0777
1.5153
2.6794
1.5631
2.095
2.2056
1.8744
2.1202
1.681
2.0863
1.9997
2.0239
1.4448
2.1043
1.8499
1.7516
1.9645
1.824
2.1601
2.1746
2.0588
1.7266
1.9781
1.93
1.8465
1.9225
1.8509
2.0006
1.7797
1.9024
2.4193
1.7464
2.0019
2.3483
2.1231
1.6428
2.3054
1.9136
1.7595
2.2614
1.9598
2.2529
2.2553
1.9529
1.8552
2.1255
2.1499
1.9485
2.2831
2.0672
2.1047
2.1541
1.8773
2.5813
1.6155
1.9727
1.9295
1.5802
2.2064
2.3831
2.1059
2.0283
1.8271
1.8291
2.2687
1.9031
1.6635
2.5093
1.7278
1.9302
1.9591
2.093
2.4444
1.6368
2.0879
1.5625
1.8384
1.5371
2.5182
2.0927
2.4681
2.2748
1.8443
1.5854
2.0483
1.9614
1.9585
2.2211
1.8564
2.2243
2.031
1.8149
1.9847
1.8764
2.2003
1.9021
2.3038
2.2415
2.2475
1.8481
2.0737
2.0304
1.8802
2
2.2843
2.1197
1.8466
2.0474
2.0836
2.2271
1.7891
1.7513
2.4124
1.8853
2.4272
1.7063
2.2351
2.1505
1.8098
1.6109
1.9448
2.2107
2.2787
1.6531
2.0319
1.8922
1.7021
2.1066
2.1008
1.7964
2.007
2.1173
1.8313
1.8535
2.4263
1.7355
1.7601
2.1325
1.7204
1.6371
2.2888
1.3422
1.8972
2.1855
2.0539
2.2537
2.2166
1.9127
1.9892
2.1784
1.7326
1.8576
1.9649
2.3242
1.483
2.0368
1.9763
2.1954
1.8637
1.9661
1.9591
2.149
1.628
1.9512
2.239
1.9207
1.5802
2.0555
2.1991
1.7648
1.7076
2.5923
2.1861
1.8073
2.1528
2.2486
1.9554
1.8653
1.9301
2.0504
1.7306
1.9286
1.908
1.9263
2.173
1.7086
1.8075
2.0849
1.8434
1.7041
1.9774
2.1635
1.8488
2.3043
1.9454
2.1168
1.7722
1.7981
1.7897
2.007
1.9498
2.223
1.6512
2.1077
1.8172
2.1247
2.3071
1.6645
2.2732
1.9622
1.9222
2.1435
1.9854
2.104
2.4097
1.7247
1.9129
2.0754
1.7216
2.0441
2.1581
1.7605
2.2563
2.3964
1.6578
2.11
2.2144
1.8421
1.6717
1.9691
1.9033
1.9588
1.8924
1.9428
2.0571
2.5125
1.6046
2.1218
2.0173
1.9665
2.07
1.9227
2.117
1.4247
2.5269
2.0653
2.1782
2.0151
1.6862
1.8261
2.1129
2.1248
1.8977
2.0482
2.0798
1.8694
2.1221
2.2854
1.8778
1.8116
1.985
2.0106
1.6005
2.2249
2.1599
1.6949
1.8856
1.9613
1.9065
1.8366
2.3124
1.9077
1.4041
2.1176
1.8454
1.6759
2.1466
1.9005
1.9465
2.4869
1.7816
1.8992
2.0552
1.5773
2.34
2.1957
1.5422
2.3606
1.9184
1.873
1.9831
1.7987
2.1873
1.8485
1.7256
2.33
1.9572
2.0188
1.829
2.0739
1.6747
2.3379
1.8619
2.2001
1.696
1.9921
2.276
1.7279
2.1808
1.9943
2.1348
1.6078
2.3303
1.8861
2.0154
1.868
1.8208
2.3056
2.0939
1.7334
2.1443
1.7972
2.1459
1.5113
2.1717
1.6585
2.5469
2.0001
1.8663
1.7653
1.8304
2.1768
1.6723
2.2473
2.0617
2.2677
1.5381
1.9615
1.6664
2.1924
2.0578
1.9773
1.9425
1.7502
1.7806
1.8358
1.7697
2.0434
2.1951
1.7407
1.7578
2.3941
2.0664
1.9464
1.7387
1.9374
2.2068
2.1034
2.0574
2.0532
2.0193
1.9484
1.8827
1.8082
2.1002
1.7863
2.02
2.4986
1.9144
1.8818
2.142
1.7374
2.0853
2.2396
1.8601
1.9721
2.0791
2.0105
1.6232
2.0343
1.9649
2.0069
1.9282
1.8201
2.101
2.0538
2.3048
1.9912
2.0214
1.5604
1.9649
2.2682
1.8397
1.8988
2.1141
2.1169
1.804
1.8961
1.9567
2.4543
1.7248
2.3136
1.2847
1.9255
1.9162
1.7636
2.0687
1.9938
2.0918
1.8334
2.0653
1.8003
1.9938
1.9574
2.1577
2.4846
1.6859
1.9151
2.4816
1.7338
2.024
1.8435
2.0964
1.8319
1.5098
2.2273
1.7508
2.0672
1.8548
2.3278
2.132
1.594
1.8341
2.0084
1.9135
2.0571
1.9127
1.9959
2.2804
2.0508
2.159
1.4697
1.7131
2.3314
1.8205
2.5291
1.9123
1.9683
2.0048
1.8419
2.262
1.7937
1.9839
2.2362
1.9005
2.3558
2.332
1.7838
2.2502
1.7711
2.1746
1.7929
1.7549
1.817
2.0394
2.2083
1.8485
2.2493
2.0261
1.7531
1.9619
2.0342
1.4795
1.8635
2.0738
2.0158
2.1874
2.17
1.9542
2.0491
1.4139
2.0903
1.6725
2.3356
1.5096
2.1834
1.7006
2.3526
2.2118
1.8904
1.7109
1.7312
1.9685
2.0517
1.9963
2.0715
1.7691
1.928
1.7046
2.0785
1.991
1.7363
1.8195
1.973
1.9934
1.796
2.1217
1.9931
1.8539
2.3209
1.7469
1.9042
1.6452
1.9166
2.3064
1.824
1.946
2.5422
1.7505
2.198
1.9274
2.3164
1.9673
1.9053
2.228
2.001
2.1629
1.9507
2.5006
1.5298
2.573
1.7507
1.8123
2.031
2.2946
1.8475
2.0709
2.3102
1.9174
2.1116
2.0426
1.8082
1.6182
2.3018
1.8973
2.0456
2.0953
1.7574
2.2552
1.9683
1.7835
1.8576
1.8367
2.7787
1.9051
1.9266
1.7605
1.9611
1.6319
2.1228
1.8932
2.151
1.726
2.3839
1.802
1.8732
1.9138
1.6711
1.5731
2.4699
1.3093
2.1753
2.2154
1.8025
1.5927
2.1411
2.1234
1.8919
1.9451
2.2593
2.2701
1.5513
2.1774
1.8023
1.779
1.8097
2.1977
2.2685
2.0803
1.7789
2.2063
1.8445
2.3973
1.6108
2.3967
2.3172
1.8872
1.8808
2.2532
2.0102
1.8978
2.2535
2.1702
1.6941
1.992
1.7442
1.717
1.972
1.7616
1.9177
2.271
1.8052
2.2749
1.5066
2.3274
2.2299
1.9677
1.5728
1.9091
2.5204
1.6397
2.1438
2.1532
2.0766
1.7563
2.0283
2.1549
1.6769
2.2362
2.3825
2.1449
2.1086
1.7913
1.9278
2.0488
1.8293
2.0467
2.1362
1.8519
2.2697
2.0358
1.5845
2.0608
1.9039
1.7819
2.3606
1.7679
1.7778
2.1435
1.7875
1.7009
1.7023
1.7512
2.5243
1.7599
1.9193
1.7677
1.8391
2.2475
2.151
1.9442
1.965
1.7631
2.3917
2.0833
1.6847
1.9308
2.139
2.25
2.3422
1.6086
2.1812
1.9321
2.1842
1.7191
2.0604
1.7189
2.0596
2.187
2.0603
1.8968
2.0174
2.0289
2.3467
2.247
1.9915
1.6493
1.6587
1.9646
1.8731
2.2576
1.8663
2.1146
2.2606
2.3423
1.9581
2.0787
2.1041
2.3259
1.5568
2.3233
2.0383
1.8722
1.7947
2.2727
2.3125
1.6367
2.0223
1.8783
1.838
2.2736
2.775
1.5553
1.8317
2.0034
2.232
1.7776
1.8809
2.2326
2.2022
1.8125
1.5819
2.5044
1.9065
1.8554
2.2692
1.8708
1.9724
1.6954
2.0658
1.7745
1.9946
1.7465
2.0909
1.92
1.9237
1.5922
2.0656
1.9636
2.1035
2.3303
1.3495
2.341
1.8941
1.9122
2.2464
1.9196
2.282
1.8718
1.959
1.7814
1.9037
1.9983
1.883
1.8662
1.9663
1.8602
1.6381
2.2355
2.2154
1.681
1.8044
2.105
2.6454
1.822
2.1301
2.0824
2.3631
2.0037
2.21
2.0292
2.4989
2.2411
1.6721
2.0393
1.9561
1.9624
1.8848
1.9413
2.0784
1.9366
1.5761
2.0991
2.5555
1.959
2.0244
1.7345
2.0017
1.8263
2.2462
1.8639
2.0686
1.7185
1.616
2.5573
1.9809
1.9687
2.3841
2.1516
1.8922
1.4562
1.907
1.7411
1.8307
2.1059
1.9072
2.06
1.8007
1.9884
2.3246
1.7469
2.1792
1.9307
2.0132
1.7424
2.3871
1.7115
1.6907
2.2293
1.4388
2.2301
2.1607
1.8247
1.9517
1.5927
2.3053
1.6162
2.0551
1.9557
2.2743
1.6835
1.9876
2.2871
1.5015
2.2012
2.1417
1.9031
2.1991
1.9871
2.2882
1.8023
1.7896
2.0265
1.7333
2.2092
2.1147
1.91
2.043
2.1004
2.1984
2.1886
2.0517
1.9983
1.618
2.436
2.1398
1.8925
1.9359
1.7252
2.0387
2.3286
1.6896
2.072
1.9752
2.0411
1.6002
1.777
1.8423
1.9332
1.9358
1.6611
1.9764
2.0293
2.1205
2.0945
2.455
1.8059
1.7372
2.1145
2.0167
1.7729
1.7138
2.1793
1.777
2.3295
1.9515
1.637
1.6574
2.0088
2.0022
2.4334
1.8863
2.1518
2.2627
1.8918
2.0135
1.7143
1.7289
1.862
1.9482
1.9902
2.1836
2.0335
1.8572
1.8262
1.9076
1.9213
1.7081
2.0117
2.4756
1.9501
1.695
2.0597
1.9226
1.8534
2.1639
1.9248
2.1886
1.551
2.4375
1.8373
2.0754
2.023
2.557
1.995
1.8368
1.6956
2.4977
2.1183
1.7829
2.3399
1.5405
2.2862
1.8777
1.7917
2.3524
1.4651
2.1305
1.7926
2.2879
1.5645
2.0543
1.9833
1.9057
1.9485
1.9173
2.294
1.8009
2.1157
1.6479
2.3655
1.9781
1.6561
2.3563
1.9855
2.1016
1.7324
2.3531
1.9293
1.794
2.0938
2.3206
1.6124
2.0387
1.9231
1.9067
1.694
1.8141
2.2382
2.0453
2.1523
2.0275
1.8344
1.8487
2.4229
1.9591
2.1631
1.8285
1.9173
1.9348
2.005
1.8439
2.2253
1.8442
2.2918
2.0383
2.1029
2.0938
1.2685
2.4909
1.8841
1.9306
1.6476
2.1776
1.945
2.0473
2.1233
1.8948
2.0236
1.9131
2.4742
2.2046
1.8996
2.0934
1.642
1.6206
1.9443
2.1401
1.8833
1.934
1.7911
2.1626
2.3333
1.4243
1.9106
2.1243
2.0571
1.7631
1.8883
2.0336
1.7367
1.9725
2.1241
2.2801
1.5491
1.8503
1.9897
2.187
1.7024
2.0994
2.2356
1.8072
2.194
1.6687
2.4748
2.0058
2.3495
1.8023
1.8859
2.2959
1.8661
2.2747
1.7128
2.7006
2.071
1.8901
2.3972
2.1565
1.8302
2.3797
1.936
2.1853
1.6477
2.0404
1.921
2.0851
1.9078
2.3358
2.0878
1.695
1.9279
1.9063
1.9992
1.8556
1.7618
2.0027
1.9006
1.9014
1.6461
1.9298
2.238
1.9524
1.9319
2.0078
1.5885
2.6368
1.7796
1.9142
1.863
1.8209
1.9016
2.3576
1.9622
1.9765
1.7541
2.0605
2.1845
1.8687
2.0256
1.8638
2.2783
2.1809
1.9386
1.8531
1.9122
1.9287
1.9139
2.113
2.0642
1.9499
1.9541
2.085
2.327
1.9057
2.2747
1.9125
2.1762
1.9469
1.5914
1.8492
1.9421
2.1257
1.7202
2.1628
2.4734
2.0148
2.1902
1.8786
2.3446
2.2435
1.873
1.9776
2.2118
1.6269
1.9971
2.0875
2.0088
2.2589
1.5712
2.3618
1.6621
1.8211
1.7387
1.9191
1.9433
2.2207
1.8051
2.1178
2.0677
1.7064
1.9541
1.644
2.3597
1.7782
1.8348
2.006
1.6714
2.5026
1.6711
2.038
1.9386
2.1674
1.7162
1.6126
2.0724
2.3636
1.5903
1.925
2.1049
1.457
2.1782
1.5805
1.9194
1.8174
2.0506
1.616
1.8207
2.1154
1.8845
2.0157
2.3224
1.593
2.0644
1.8258
1.8694
1.8671
1.726
2.3306
1.7713
1.941
1.7691
2.2911
1.909
2.0414
2.1817
1.5897
2.1365
1.9607
2.2571
1.942
1.9369
2.0943
1.7478
2.2644
1.7998
2.207
1.8326
1.8965
1.7708
1.9287
1.9368
2.0291
2.058
2.3058
1.6658
2.0373
1.9404
1.862
2.265
1.7054
1.9861
1.8576
2.2189
1.8617
2.0488
1.6805
1.973
2.1584
1.8446
1.9191
1.8528
2.0899
2.1606
1.7518
1.7393
1.9071
2.2574
1.7403
1.9804
1.8752
1.6737
2.1849
2.1169
2.0592
2.1438
2.1163
2.0072
1.8351
1.9319
2.0953
1.8312
1.8813
2.0522
2.2516
1.7428
1.617
1.8664
1.9793
2.0786
2.5485
1.4963
1.6557
2.1975
1.9853
2.0053
2.1001
2.1311
2.3033
1.9891
2.1058
1.5824
2.8349
1.7336
2.267
1.8315
1.9005
2.3456
1.4484
2.3546
1.663
2.3905
2.0821
1.7811
2.1256
1.8252
2.2536
1.7856
2.1376
1.6804
1.5914
2.3625
1.9674
2.0058
1.88
2.1582
1.9275
1.7945
1.8518
2.0056
1.8568
1.8329
2.3608
1.5746
2.3267
1.6092
1.8072
2.2881
2.0416
1.8045
1.79
1.84
1.9024
1.9831
2.1899
1.9519
1.8701
1.8986
1.9398
2.0896
2.1451
1.6019
2.1092
1.5902
2.3485
1.9482
1.8704
1.7489
1.8953
1.9924
2.2527
2.2534
1.8338
1.9432
1.8294
2.1801
1.9641
1.8113
2.1118
2.0024
1.6418
1.6579
1.8966
1.7888
1.7808
1.9419
2.6822
2.1516
1.4612
1.6841
2.2387
2.2375
1.9905
1.9228
2.0673
1.8832
1.9471
2.0998
1.5182
2.4146
1.6237
1.7612
2.2475
1.9287
1.8415
2.1631
1.4985
2.2827
2.1076
1.631
2.3395
1.9279
1.916
1.9177
2.1765
2.71
1.6315
1.6844
2.2334
1.9384
2.2092
1.9338
2.0983
2.1572
1.8853
2.3262
1.851
2.0845
2.2269
2.487
2.1866
2.0947
1.9585
2.0461
2.0482
2.024
2.0316
1.8933
1.9075
2.2092
2.1097
2.0665
2.5685
1.8289
2.0113
1.7155
1.8532
1.9529
2.2726
1.8304
2.0342
1.5215
2.2083
2.1006
1.666
1.6826
1.9474
1.6358
2.3896
1.506
2.1247
2.0013
1.8306
1.6134
1.8705
2.003
2.1826
2.5423
1.4763
1.9844
1.7845
1.694
2.0981
1.6907
2.6839
1.926
2.0786
1.8625
2.2486
2.2429
1.9361
2.0125
2.0598
2.2082
1.8248
2.0343
2.1589
1.7517
1.7859
2.2005
1.9603
2.1861
1.8968
1.8484
1.8925
1.917
2.282
1.789
2.3727
1.9911
2.0644
1.8385
1.9716
1.6937
2.3806
1.8655
1.9745
2.0403
2.0302
1.9012
1.6075
2.1099
2.2362
2.107
1.6014
2.1908
1.6924
2.141
1.8624
2.1053
1.995
2.0541
2.146
2.0329
1.9345
2.0631
1.8011
1.8493
1.9296
2.1924
2.0483
1.9328
2.0264
1.8879
1.5339
2.4465
1.8577
1.8893
1.8248
1.9029
2.2234
1.7539
1.8526
2.1875
1.9592
2.0629
1.8845
1.8717
1.8371
2.2886
1.8476
2.3082
1.8864
1.7132
2.3961
1.7285
2.5411
1.8474
1.8673
1.9315
2.5668
1.5989
2.3234
1.6606
2.1496
1.5671
2.3075
2.029
1.8933
2.1494
2.1328
2.047
1.6971
2.1252
1.6741
2.0783
1.3961
1.9995
2.0854
1.8219
1.9858
1.2438
1.9157
2.1607
2.0138
1.8029
1.8364
2.2809
1.7267
1.945
1.5742
1.8168
2.1982
1.8133
2.1357
1.7311
2.2191
1.6233
2.2713
2.208
2.0245
2.058
1.9185
1.9744
2.1089
2.0692
1.9358
2.0992
1.9166
1.7728
1.879
2.3565
1.8219
1.9955
1.6016
2.2493
1.817
1.9412
2.3289
2.2392
1.7022
2.0372
2.0557
2.391
2.0586
1.6768
1.972
1.4607
2.3774
2.0695
1.9968
2.0831
2.0404
2.0805
1.7556
1.9126
2.1063
1.802
2.3289
1.9299
1.7638
1.6449
2.1485
1.9351
1.9465
1.9218
2.1972
1.652
1.8922
1.9794
2.0433
2.4863
1.9002
1.8963
2.388
2.0838
1.8695
1.8007
1.8754
1.9883
1.6789
1.5794
2.1054
2.1264
2.0956
2.1411
1.728
2.6612
2.1982
1.8342
1.8146
2.0787
1.8699
2.065
2.0226
1.7209
1.8234
1.907
1.8328
1.9464
2.2703
2.0811
2.1294
2.2537
2.0674
1.7031
1.9528
2.1873
2.1675
1.7713
2.0803
1.6554
2.4539
1.8859
2.6169
1.6981
1.8862
2.1186
2.3976
1.285
2.3835
1.9345
2.1995
2.3315
1.8598
1.6198
2.2813
1.847
1.8713
2.1808
1.7439
1.9064
1.8599
1.9768
2.1961
1.9779
2.1692
2.364
1.9594
2.2837
1.9377
2.0421
2.1907
2.2611
1.3631
2.1449
2.1664
1.8252
2.4693
1.949
1.7123
2.0885
1.5683
2.0888
2.0058
2.3542
1.8415
1.9814
1.9557
1.9761
2.0066
2.1613
1.6291
1.9492
2.1652
2.2731
1.7312
2.1735
2.3467
1.948
2.1873
1.7281
2.1801
2.0537
2.026
2.0108
1.6791
2.1852
1.913
1.9445
1.9812
2.4799
1.8617
2.2364
2.0463
1.8185
1.9536
2.2646
2.2128
1.863
2.0803
1.6711
2.3506
2.0643
2.0024
1.8489
2.1405
2.0766
1.9308
1.7608
2.066
1.9472
2.7864
1.7171
1.9589
2.3335
2.0466
2.0216
2.1079
1.7208
2.1335
2.1654
1.7459
1.7793
2.0737
2.0089
2.1753
2.1642
1.9927
2.0957
2.1322
1.8482
1.9486
2.0647
1.7512
1.8918
2.1432
2.1574
1.5227
2.1316
1.7859
1.9909
2.0655
2.0478
2.163
2.1498
2.3288
1.5846
2.0563
1.9531
2.1587
2.425
2.3356
1.8287
1.8819
2.4131
1.8978
2.1647
2.0066
1.3405
1.7893
2.5313
2.2302
1.7417
1.9514
1.7472
1.6654
2.1002
2.4729
2.0975
1.7782
1.8276
1.6475
2.2413
1.8985
1.9944
2.0259
1.5003
2.3534
1.8553
1.8165
2.1862
1.8126
1.9427
2.0931
2.318
2.4429
1.9694
1.8275
2.1716
2.1429
2.1042
1.8056
1.8827
2.0412
2.0794
2.078
1.6809
2.3286
2.6675
2.2581
1.4833
2.1988
2.0741
1.9404
2.3784
1.8095
1.9849
1.895
1.9511
1.8578
2.1251
1.8708
1.9115
1.7328
2.1702
1.5954
1.9101
1.9758
1.5181
2.3271
2.2585
2.0378
2.0654
1.755
1.6271
2.2865
2.1092
2.1
1.6208
1.9834
1.7251
2.116
2.1103
2.1441
2.072
2.0877
1.5769
1.7959
2.5625
2.1768
1.9124
1.7334
2.1434
2.1768
1.7378
2.3101
2.0372
2.1928
2.0294
1.6474
2.0841
1.6414
2.0564
2.0114
1.7072
2.4806
1.9231
2.0951
1.8916
1.9302
2.3273
1.845
2.1665
2.2406
1.7874
2.0242
1.8226
1.8999
1.7073
2.0427
1.8915
1.8772
2.2619
2.3624
2.017
2.1242
1.9796
1.701
2.9101
1.6972
2.8661
1.8831
1.578
2.3009
1.6387
1.8369
2.0647
1.8438
1.9049
2.0609
1.8025
1.9466
1.5851
2.1196
2.1308
1.9321
1.9476
1.9473
2.2535
1.5631
2.352
2.0034
1.8175
1.6394
2.3203
2.0878
2.2155
1.9122
2.0659
2.0239
2.0596
2.2352
2.2053
1.9867
1.555
2.4886
1.896
2.1452
1.7863
1.8572
2.0724
1.9073
1.6203
2.5236
2.3876
1.9257
2.0797
2.0386
1.7943
2.0764
2.0277
2.443
1.8324
1.9607
2.0403
1.9095
2.1578
1.8457
2.5463
1.6948
2.0247
2.1023
1.9031
1.8011
1.512
2.2899
2.2175
1.6693
1.4864
1.9999
2.0373
1.7256
1.7933
1.9364
1.9907
2.2074
2.3112
2.0331
2.0936
1.94
1.7471
1.9232
2.2049
1.4612
2.1984
2.1995
1.6266
1.7361
2.3301
1.5854
1.9641
1.5097
2.0954
1.8036
2.2206
1.9273
2.04
1.8999
2.0804
1.9836
1.9326
1.8882
2.0321
2.2843
1.8325
1.991
1.5781
2.1461
2.147
2.241
2.2685
1.9461
1.8342
1.5745
2.3322
2.2019
1.8416
2.1802
1.9942
1.9284
2.1482
1.682
2.6176
1.8938
1.9427
2.2368
1.7869
1.9739
1.8337
1.7341
2.1173
1.8012
1.939
2.4115
1.9682
2.0319
1.526
2.2506
2.1503
1.7043
2.195
1.734
2.0336
2.1846
2.1594
2.0767
2.0296
1.7505
2.0118
2.2511
2.0141
2.2825
1.7809
2.194
2.3318
2.1609
1.7454
2.5154
2.3449
1.7734
1.9386
2.0741
2.4551
1.8779
1.9863
2.0867
2.1009
1.2837
2.138
1.9974
1.7761
1.3982
2.2656
1.8943
1.7559
2.4246
2.0468
2.2448
1.5335
2.2188
1.6285
1.7824
2.0214
2.0249
2.0042
1.8574
1.7346
1.7502
2.0609
1.8067
2.0161
2.1507
1.6955
1.5629
2.2692
1.9877
1.9125
2.2228
1.4609
2.5615
1.8089
1.8226
1.7054
2.1231
1.9853
2.1329
2.16
2.1952
1.7639
1.8148
1.9082
2.1923
1.7148
2.5662
1.7094
1.8075
1.833
2.1456
2.1003
2.0859
1.7725
1.7558
1.7244
1.8981
2.3187
1.9042
1.7609
2.3923
2.1515
1.853
1.9709
2.0589
1.8359
1.9979
1.7742
2.4643
1.9338
2.0988
1.8541
2.3435
1.9313
1.8136
2.1833
1.6843
2.1915
2.509
1.9121
2.02
1.8731
1.8194
2.2368
1.7038
2.1165
1.3362
2.25
1.8496
1.9696
1.9954
1.794
2.2653
1.8625
2.0063
2.0565
1.6427
1.7874
2.1863
2.0645
1.8744
2.12
1.8646
2.0428
1.9403
1.8975
1.7542
1.997
2.0759
2.261
1.7421
2.0442
1.7956
1.971
2.381
1.5474
2.0858
2.078
1.6893
2.0831
1.885
2.062
1.8055
2.2261
1.8599
1.7455
2.0593
2.2189
1.6248
1.8845
2.3334
2.03
1.6531
2.2606
1.6153
2.1845
1.6117
2.0102
1.6876
2.2258
2.0252
2.0153
2.4052
1.6805
2.099
1.9138
1.921
2.3904
2.1429
1.6798
1.5789
2.0116
2.0822
1.939
2.0499
1.9922
1.9481
1.8933
1.916
2.1072
1.8593
1.8559
1.8603
2.0223
1.8774
1.9643
1.9976
2.3505
1.9625
1.9431
1.9171
1.7838
1.9117
1.791
2.1711
1.946
1.4757
1.9922
2.0824
2.1865
1.9616
2.1502
1.9341
1.9766
1.8613
1.8334
1.9613
2.2045
2.0144
1.9072
2.3171
1.8051
2.2295
1.8395
1.7856
2.518
1.6336
1.9157
2.0253
1.9089
1.6323
2.4257
1.7494
2.05
1.8558
1.8076
1.8289
2.2048
2.203
2.0923
2.0494
1.9863
1.9549
2.2752
1.6426
2.503
1.8243
2.1914
1.868
2.2394
1.6772
2.1563
1.8491
2.5189
1.9936
1.6362
2.1952
1.7857
2.1165
1.7319
1.5738
1.8967
1.9428
2.281
1.8235
1.9532
1.7286
2.258
1.8267
2.1224
1.738
2.0246
1.6134
1.9009
1.8126
1.9374
2.0027
2.2113
2.1932
1.7696
2.1507
1.6806
1.8326
2.0262
1.9834
2.2279
2.4677
2.4692
1.6807
1.8763
2.0094
2.3502
1.7346
1.6551
2.0043
1.9846
1.498
1.9888
1.8858
2.4506
1.9458
2.3087
1.7564
1.9917
1.9656
1.7648
2.0577
1.7273
1.6021
2.3474
2.0502
1.8895
2.3338
1.8166
1.7888
1.8274
2.2694
1.9852
1.5573
2.1225
2.1117
1.9268
1.9109
2.0821
2.4272
1.658
1.6737
1.9828
2.1114
1.6768
2.5009
2.0229
1.9855
1.7904
1.8748
2.1514
1.8124
1.9323
1.681
2.0863
1.6093
1.9089
2.1119
2.33
1.7418
2.0776
1.9317
2.2466
1.8096
1.543
2.3204
1.9301
1.9349
2.099
2.0592
1.9169
1.8064
1.763
2.0597
1.7375
1.8474
2.216
2.3703
2.6358
1.8036
2.0517
1.6275
1.8824
1.9069
2.143
1.91
1.6454
2.2837
1.7484
1.9489
1.727
2.454
1.9359
1.9414
1.8734
2.0153
1.7462
2.1032
1.9233
2.0308
2.1104
2.0042
1.7848
2.2025
1.8195
2.3649
1.6644
1.9148
2.1195
1.9138
1.7696
2.1769
2.4783
1.953
2.3281
1.8938
1.8499
2.2182
2.0199
1.7836
1.8399
1.8732
1.8412
1.6804
2.1683
2.2317
1.6476
2.0942
2.0397
2.7212
1.7168
2.1586
1.856
2.019
2.0686
1.8216
2.231
1.7301
2.0943
1.8698
2.1881
1.9031
2.2476
1.5206
1.7326
1.9204
2.0707
2.6394
1.4474
1.638
2.473
2.0795
1.9927
1.557
2.086
1.9431
2.2178
2.1117
1.9992
1.8596
1.9596
1.8544
1.823
2.0012
1.5403
2.0736
1.8067
1.9894
1.7092
2.2355
1.9628
1.8551
2.0115
1.9919
1.803
2.2444
2.0012
1.9425
1.9539
1.9702
1.7866
2.3781
1.8662
1.7926
1.9125
2.3997
1.9039
1.8938
1.9494
2.3112
1.6913
1.9311
2.505
2.0551
1.6759
2.2495
2.0139
2.1404
1.7786
2.1551
1.7681
1.9303
2.1473
2.0079
1.593
2.0343
1.8306
1.7921
1.7961
1.8195
2.3021
1.9009
2.2516
1.9767
1.6602
2.6692
1.5307
2.1309
1.9669
1.9544
1.9704
2.0212
2.0201
2.1248
2.1451
1.8208
1.9267
1.9131
1.9212
1.7286
1.9428
2.0854
2.0117
1.8326
2.4191
1.9013
1.9389
2.039
2.1456
2.0107
2.0591
1.7079
2.2051
2.161
2.0855
1.4806
2.6298
1.8898
2.2246
1.8386
1.4871
2.1522
1.9778
1.8744
1.9178
1.9436
1.9143
1.8889
2.0767
1.9042
2.1907
1.8346
1.9127
1.5212
2.0974
2.1994
1.764
1.8364
2.15
2.413
1.8796
1.8752
1.9893
2.0246
2.0153
1.9167
1.6853
2.1064
2.0868
2.1523
2.2286
1.9102
2.2242
1.8905
1.7501
1.7804
2.9286
1.9615
2.0418
1.9103
2.1742
1.9444
2.0617
1.8289
1.9982
2.0055
1.7399
1.9798
1.7473
2.0144
2.2607
1.94
2.0507
1.7846
1.8158
2.0922
1.9768
2.153
1.7891
1.7976
2.1404
2.1504
1.8007
2.1834
1.9019
2.3052
2.2051
1.5728
2.3559
2.0651
1.841
2.1281
1.6938
1.8997
2.009
2.1176
2.094
1.7115
1.8563
1.5271
1.793
2.2792
2.3244
2.1904
2.337
1.7383
1.8647
1.8892
2.161
1.8499
1.7673
1.9272
2.1982
1.9416
2.1402
1.8588
2.0624
2.0893
1.8403
1.6029
2.3701
1.9989
1.7451
2.3558
2.1509
1.7583
2.2454
2.3096
2.0902
1.7181
2.0565
2.0544
1.8273
1.8059
2.1342
2.0787
2.5742
2.1599
2.1832
1.6493
1.4957
2.159
1.8136
2.266
2.0713
2.1179
1.9463
1.9455
1.6116
2.167
1.8388
1.7505
1.9773
1.7121
2.2288
1.8565
1.8235
1.862
1.7447
2.0977
2.1931
1.5086
2.1411
1.6478
2.2274
2.4145
1.6927
2.2033
2.0687
1.8985
1.6832
1.9637
2.097
2.0074
2.0473
1.9047
1.9716
2.4874
2.0473
1.9153
1.9985
2.1267
1.8182
1.7444
1.9987
2.3311
1.779
2.3153
2.0412
1.7403
2.0085
1.9226
1.8458
2.0329
1.9501
1.9835
2.1191
1.7749
1.8839
2.2286
1.8408
2.3904
2.0154
1.9873
2.0671
2.007
1.8862
2.0448
1.8895
2.3555
2.1729
1.8062
2.393
1.7504
1.7799
2.052
2.1166
1.8468
2.1178
1.8948
1.6824
2.3233
1.7192
1.7601
2.1699
2.143
1.7089
1.9484
2.4529
1.8976
1.7033
2.1413
2.1996
1.8217
2.1566
2.29
2.1811
1.8097
2.0651
1.9703
1.7716
2.162
1.4074
2.4975
2.0101
1.8019
1.6595
2.1695
1.9036
2.0884
2.0354
1.7266
1.7542
1.9659
2.6624
1.8123
1.7901
1.9845
2.373
1.7523
1.9412
2.5493
1.9221
1.5332
2.0203
1.9991
1.9949
2.0699
1.8399
1.8307
2.0347
1.6032
1.8633
2.2394
1.8893
2.1114
1.6654
2.165
2.066
1.9922
1.8048
1.8686
1.994
1.9484
2.1024
2.0059
1.5705
2.215
2.0287
2.1246
1.8191
2.051
2.2065
1.8948
2.0523
2.0197
2.0179
2.026
1.6809
2.2775
2.0099
2.0579
2.0607
1.9567
2.1259
1.5998
1.9684
1.8294
2.4441
2.133
2.0513
1.4228
2.4943
2.0382
2.3048
1.7695
1.8874
1.9006
2.144
2.0675
1.9449
2.2749
1.9452
2.1472
1.7035
2.2659
2.3259
1.8781
1.6299
2.1298
1.7602
2.001
1.9289
1.8666
1.952
2.4759
1.4873
1.9479
2.2004
2.1796
1.8839
2.4161
1.9296
1.8819
1.9667
2.1688
1.8714
2.3227
1.7126
2.1756
2.0822
1.7617
2.4583
1.8405
1.8772
2.1072
2.0542
1.8959
1.8287
2.0282
2.2473
2.3049
1.6742
2.4313
1.6426
2.2026
2.182
1.7599
2.0416
1.7456
2.2724
1.9624
2.0962
1.9349
1.9517
1.5649
2.4941
1.8835
1.7456
2.0316
1.5134
2.3713
1.7713
2.8689
1.8677
2.2192
2.0319
1.8489
1.7095
1.8815
2.4747
1.5626
1.8689
2.0682
1.913
2.0582
1.836
2.0067
2.069
2.1115
2.0743
1.669
2.1915
1.8645
2.0924
2.1129
1.8122
1.8782
2.1
1.7952
2.3077
2.317
1.9525
1.968
2.3104
1.7563
1.9937
2.3218
2.1968
1.8111
1.8655
1.7105
2.4995
1.459
1.9666
2.02
1.9585
2.1898
2.4199
1.8526
2.1303
1.6577
1.9943
2.305
1.6807
2.4292
1.9489
1.394
2.3429
1.5152
1.908
2.0627
1.6956
2.2506
1.8589
2.0687
2.1643
1.9873
1.6237
2.1556
1.8469
1.8008
2.148
2.0543
2.0217
1.6422
2.0242
1.8238
2.4247
2.2895
1.4357
2.1194
1.954
1.6529
1.9562
2.0531
2.3061
1.6863
1.6404
2.091
1.9216
2.0179
1.6738
2.0531
1.9729
1.7961
1.9311
1.8168
2.0072
1.8174
2.4659
1.6907
1.9172
2.021
1.9971
1.8339
1.9032
2.054
2.1261
1.6633
2.4534
1.6542
2.4316
1.9393
1.9718
1.8764
1.9112
2.026
1.9524
1.9993
2.0018
2.1129
1.8464
1.9362
1.5931
1.701
2.4874
1.7735
2.4184
2.0368
1.9933
1.8738
1.8099
2.2802
1.954
1.8817
2.1073
1.9743
1.7911
2.3203
2.5183
1.8067
1.7021
2.1513
1.6814
1.7071
1.9442
2.1018
1.7007
2.0972
2.0374
1.7769
1.8287
2.1527
2.0146
1.7224
2.0219
1.7097
2.0161
1.6773
2.0621
2.0482
1.7245
2.0276
1.8719
1.9138
2.2947
1.8424
1.8957
2.0483
1.8032
2.0932
1.8161
2.3267
2.1992
1.8928
2.1272
2.1012
1.8783
2.3674
1.9325
2.059
2.0073
2.2661
1.9402
1.8852
1.7569
1.9084
1.9746
1.967
2.2926
1.4957
2.4857
1.9263
1.8016
2.173
2.2258
1.772
2.0896
2.1492
1.6395
2.4746
1.3017
2.4465
2.1505
1.7947
2.3537
1.9059
2.0259
2.0916
2.2777
2.2669
1.8394
2.2677
1.7606
2.1443
1.7342
1.999
1.694
1.8198
2.3251
1.6407
2.3164
1.6813
2.1576
1.858
1.6657
1.9003
2.0235
2.1553
1.7144
1.9298
1.7698
1.9862
1.8269
2.1967
1.7535
2.1131
1.6727
1.9745
2.207
2.1275
2.4209
2.0919
1.8863
1.9061
1.7822
1.7817
2.0451
2.1309
1.9862
2.2211
2.1023
2.0334
1.7998
1.6598
2.0113
1.9776
1.8336
2.1722
2.0542
2.0889
1.7336
2.0368
1.8873
1.9283
1.5016
1.9538
1.5784
2.1201
1.7678
2.5117
2.0243
1.9105
2.0624
1.6788
2.3989
2.0723
1.9664
1.8622
2.1033
1.9681
2.027
2.1122
2.1605
2.231
1.6607
1.7185
2.291
1.9125
2.5363
1.4218
2.0391
2.0629
2.2083
1.46
2.2318
1.7958
2.1271
1.7945
1.7408
2.3808
1.8867
1.7093
2.1229
1.9454
1.9664
1.9678
1.9052
1.8253
1.8872
2.2375
2.0531
2.0741
1.9075
1.6087
2.1203
1.7891
1.8807
2.1105
1.9571
1.8004
2.2346
2.0591
2.4778
1.5198
2.137
1.9518
2.0841
1.8018
2.1067
1.8626
2.2541
2.0448
1.7365
1.7017
1.8073
2.124
2.1405
1.6952
1.9169
1.9105
1.8411
1.6636
1.9015
2.1899
1.805
2.1301
2.1366
2.0703
1.95
1.9625
1.7157
2.1567
1.9591
2.0996
2.0171
1.8876
2.4063
1.9816
1.708
1.8518
2.031
2.1026
2.0058
2.0796
2.035
2.1515
1.7797
1.9043
1.8076
1.9295
1.8976
1.6784
1.9522
1.953
2.2161
1.7702
2.0063
1.7865
2.0528
1.7468
2.2594
1.5369
1.8626
2.3198
1.907
2.042
2.1015
2.035
2.1641
2.6537
1.4084
2.0934
2.1405
1.7954
1.9006
1.9591
1.8429
2.3204
2.0391
1.8469
1.6384
1.6797
1.8543
1.865
2.4731
1.6949
1.5312
2.1328
1.7984
1.8171
2.2579
1.8117
1.9145
1.97
2.3072
2.0775
1.9255
1.7961
2.2698
2.1845
2.1843
1.7315
1.8799
1.8713
1.987
2.3942
1.9732
1.7572
2.2756
1.7866
2.1634
1.8802
2.026
1.9994
2.1527
1.9335
1.9865
2.1028
1.721
1.4723
2.0645
2.1283
1.6852
1.8649
2.1243
2.0379
1.8485
1.6476
2.1907
1.5806
2.4062
2.1219
2.335
1.7026
2.1712
2.0164
2.1523
1.9981
2.2245
2.2202
1.7091
1.9623
1.9334
2.188
2.1403
1.7818
1.6401
1.8647
2.1626
1.6848
1.8491
1.8726
2.0431
1.7981
2.2795
2.0325
1.9378
1.9108
1.8857
2.1942
1.8546
2.0553
1.7958
2.4668
1.747
2.1365
2.1595
1.855
1.9843
2.1933
1.8482
2.2658
1.9816
1.7695
1.8654
1.8982
1.8074
1.9342
1.9707
2.1146
1.7143
2.093
2.3558
1.8175
1.9251
1.7772
2.1284
1.7387
1.9885
1.9293
1.9712
1.7419
1.562
2.4393
1.8741
2.4655
1.6169
2.1825
1.6829
1.861
2.3034
1.8777
1.8437
1.7696
2.1674
1.7068
2.1557
2.4102
1.9693
1.8809
2.0855
1.7088
2.3635
1.9538
1.6895
1.7574
2.2579
1.7515
2.0354
1.7408
2.3229
1.5274
1.9013
2.4742
1.7542
1.8309
1.8947
2.3452
1.9735
2.2947
1.875
1.9606
1.8926
2.0937
1.8921
2.0945
1.9819
1.6561
2.1321
2.1142
1.4489
2.3467
1.5519
1.8105
2.3486
1.6477
2.0155
2.1583
1.8046
1.7814
2.0038
2.1123
1.6756
1.7922
1.8689
2.079
1.9753
1.7727
2.3404
1.6862
2.1734
2.0912
1.787
1.7668
1.9224
2.37
2.1916
1.9303
2.1099
2.0108
2.1895
1.9336
1.917
1.7215
1.9992
1.5699
2.1947
2.099
2.1979
1.8554
1.7966
1.7375
1.882
1.9789
1.8335
2.3387
1.6955
2.0627
2.1998
1.9554
2.0543
2.0331
1.8772
2.1465
1.9221
1.7518
2.0137
2.1014
1.6789
1.9076
2.0566
2.0979
1.8515
2.2221
2.1448
1.7838
1.7129
1.9806
1.8573
1.9343
2.0041
1.988
2.1294
2.0695
2.0229
1.9703
2.2751
1.8117
1.6183
2.1021
2.0686
2.0589
2.0574
1.7832
1.9706
2.2783
1.7817
2.1988
1.7649
1.8612
2.1015
2.1551
1.8865
2.3087
1.7596
1.8324
2.1638
1.4918
2.176
1.6499
1.6304
1.9118
2.0036
1.9947
2.1363
2.0312
2.3304
1.8155
1.8444
2.1479
2.1005
1.9038
2.0698
1.5036
2.0768
2.2237
1.9478
2.2306
1.807
2.0667
2.1486
1.9285
1.5777
2.249
1.7422
1.8424
1.9282
1.975
2.0006
1.75
1.9934
2.0074
1.9777
2.1611
1.9009
2.255
2.4942
1.5521
2.0929
1.8386
2.6611
1.6391
1.8452
2.0473
2.1528
2.02
1.6685
2.0111
1.9056
2.0401
1.6828
2.2644
1.5693
2.0226
1.7641
2.269
1.9675
1.9056
1.7889
2.0807
1.8461
1.9308
2.08
2.3029
1.946
1.9803
1.5855
2.8702
1.6914
2.104
2.0805
1.3639
1.9406
2.4427
1.7077
2.3945
1.5612
2.0862
2.352
1.7445
2.065
2.4519
1.959
2.132
1.7183
1.8747
2.0116
1.6044
2.3332
1.7554
2.0678
1.9052
1.5153
2.0731
1.7426
1.789
1.8612
1.7767
2.515
1.9663
2.3615
1.8344
1.8244
1.8759
1.8023
2.0344
1.7277
1.833
2.2104
2.4556
1.6407
1.8899
1.6221
2.2298
1.9104
2.2693
1.8113
2.5311
1.9642
1.6091
1.9843
2.126
2.1248
1.6928
2.1402
2.0882
2.0922
1.9794
1.9451
1.8952
1.8713
1.9816
2.0225
2.2094
1.7068
2.169
2.1139
1.5316
2.4478
2.032
2.3574
2.0028
1.5928
2.2293
1.6921
2.0382
2.1127
1.595
2.2461
1.82
2.1772
2.0999
2.1899
1.7983
1.5663
2.0453
2.0008
2.0922
1.8757
1.9244
2.3691
2.2445
1.8222
1.8598
1.706
1.9841
2.1343
1.9713
1.6407
2.2025
1.809
1.8687
2.0529
1.7141
1.9624
1.9559
1.6758
1.8685
2.5331
1.9016
1.5572
2.059
1.8955
2.3403
2.3112
1.7348
2.0802
2.0541
1.8983
2.3995
1.7679
2.5151
1.7911
1.8776
2.5883
1.5801
1.9777
1.9597
2.1754
1.9749
1.6953
2.0914
2.0866
2.0756
1.6779
1.5427
2.4805
1.5496
2.2876
2.3235
1.647
2.1721
1.5582
1.8474
1.9615
2.1979
1.7126
2.1112
1.9031
2.4167
1.8411
2.1137
1.9133
2.1063
2.1277
1.7405
1.9324
2.1672
1.9288
2.2939
2.1114
1.8767
2.1632
1.9326
1.9845
1.9664
1.6258
1.9526
1.7998
2.3177
1.963
1.8762
1.8453
2.251
1.821
1.9116
1.9081
1.6027
2.0581
2.1628
1.8616
2.0804
1.6525
1.8804
2.3948
2.048
1.6774
1.8885
2.164
2.4341
2.1635
2.2107
1.982
1.8231
2.0592
1.9054
1.9481
1.9678
2.5183
1.5684
2.275
1.9907
1.7386
2.1954
1.7508
1.8927
1.7899
2.2212
1.855
1.9831
1.6694
2.1299
1.6157
2.1747
1.5847
2.1061
2.1876
2.3044
2.0476
1.9464
2.1384
1.5879
2.2253
1.8744
2.1096
1.8775
1.7588
2.0177
1.8251
1.8527
2.1449
2.0459
1.9504
1.6887
2.1692
2.0883
1.8594
2.1652
1.689
2.3018
1.8527
1.9705
2.0073
1.756
1.8203
1.9874
2.1047
1.8854
2.1847
2.0942
1.6707
1.8729
1.9003
1.9326
1.445
2.0459
1.8796
1.9389
2.0729
1.826
2.1671
1.9248
2.0943
2.133
1.4411
2.7432
1.9896
1.9791
2.3538
1.9832
2.053
1.8873
1.5534
1.867
1.8551
2.7249
1.5526
2.2178
2.3117
1.8274
2.1754
2.209
1.6899
1.8598
1.9354
1.8491
2.0759
2.0202
2.1862
2.3763
1.5656
2.2035
1.7718
2.2151
1.7118
1.9211
2.0158
1.9921
2.0099
1.9089
1.9959
2.2999
1.7535
2.2591
1.4264
2.4627
1.7089
1.7507
2.2727
1.9031
2.0886
2.0711
1.991
2.0934
2.0419
1.8756
1.9246
1.8953
1.8643
2.016
1.5696
2.3012
1.767
2.4498
1.4967
2.2219
2.0482
2.109
2.1257
1.7695
1.6755
2.0886
2.3074
1.9707
2.1834
2.1802
1.764
2.1167
2.1006
2.133
2.2381
2.1059
1.7333
1.9064
1.9003
2.3014
2.0519
1.6705
2.1519
1.6483
1.9272
2.0989
2.1783
2.0181
2.07
1.9746
1.8649
2.1704
1.833
1.8716
1.9859
1.946
2.4079
1.9477
1.9895
1.9633
2.45
1.7792
1.9368
2.0807
1.87
1.8388
2.0208
1.821
2.1263
2.066
1.9284
1.7989
2.1351
2.2723
2.2125
1.8171
1.829
1.8826
2.2744
2.0835
1.4229
2.214
2.0361
1.9474
1.8342
1.9461
2.567
1.6752
1.7188
2.1155
2.0464
2.1788
2.0464
1.9126
1.8695
2.0153
2.1426
1.9565
1.9328
1.7577
1.9403
2.2617
1.972
2.023
2.0331
1.4531
1.8524
2.1024
2.2174
1.6267
2.204
1.9518
1.7542
1.7908
1.5791
2.2184
1.9671
1.9153
2.1176
1.7054
2.5909
2.0043
2.2123
1.8161
2.2748
2.2503
2.0073
1.8174
2.3108
1.7566
2.0633
1.7675
1.9157
2.0872
2.0143
1.9178
2.0739
2.2482
1.973
2.008
1.8977
1.82
2.2788
1.8675
1.7591
2.2586
1.943
1.7292
1.5827
2.135
2.0861
1.9934
1.6713
2.098
1.8273
1.957
1.8033
1.6187
1.9001
2.0692
1.9118
2.1991
1.5956
2.2536
2.0307
1.5936
1.8456
2.1336
2.0777
1.9664
2.1561
2.0593
2.1572
2.2639
2.4522
1.7839
2.161
2.1766
2.1803
2.1493
2.6725
2.2109
1.8728
2.2862
1.7113
2.1364
1.6908
1.8602
2.5239
1.9097
1.5706
1.8448
1.9999
1.7253
2.1508
2.3041
1.7909
2.2245
2.1616
1.649
2.1837
1.6684
2.2039
2.0435
1.8038
1.9576
2.0668
2.0697
1.6985
1.8285
2.3331
1.7001
1.8931
2.1042
1.7732
2.3928
2.093
2.1799
1.7662
2.3522
1.8551
2.4517
1.574
2.0721
1.7626
2.454
1.6252
2.014
1.5066
2.4275
2.0167
2.0306
2.3563
1.6952
2.2576
1.9609
2.2517
1.562
2.035
2.1907
1.7726
1.9816
2.0502
1.9055
2.0409
2.2245
2.204
1.8484
2.1831
2.2301
1.7694
2.1058
2.2228
1.8348
2.1189
2.2697
1.9524
2.046
1.7894
1.6629
1.8056
2.2024
2.1481
1.8208
2.0896
2.1577
1.7795
2.1666
2.0731
1.7673
2.3552
1.8349
1.7864
1.8827
1.6693
1.7652
1.9272
1.9381
1.8949
1.8875
2.2043
2.1455
1.8574
2.2313
2.2093
2.1182
1.2942
2.1396
1.8485
2.0059
1.8299
2.0491
1.7843
1.91
1.7659
2.1962
1.7885
1.9772
2.099
1.9952
2.1083
1.6186
2.253
1.8043
1.771
1.9066
1.8161
2.0694
1.5513
2.2092
2.0177
1.9686
2.0314
2.0972
1.6428
1.8596
2.2225
1.6338
2.1747
2.0634
2.0275
1.9897
2.3028
2.1485
1.7114
2.3273
1.7707
1.7332
2.1913
1.553
1.9024
2.0526
1.9137
1.8382
2.2882
1.9999
1.7879
2.2262
1.8957
1.8781
2.074
2.103
2.191
1.5047
2.0331
2.2649
2.1709
1.7702
2.0816
2.2368
2.4329
1.81
2.1259
1.9767
1.4985
1.6338
2.2525
2.2555
1.7067
1.5811
2.4737
1.5745
2.015
2.0879
2.4757
2.1922
1.7173
1.759
2.1212
2.1128
1.6849
2.1016
1.9105
1.9156
1.8594
2.0061
2.2509
1.7052
2.1643
1.6317
2.1222
2.31
1.6515
2.3845
1.6975
2.1022
1.9132
2.15
2.0033
1.845
2.2769
1.7643
2.2675
1.905
1.9835
2.0983
2.1367
2.0616
1.6145
1.9543
2.0016
2.2726
1.8147
2.0781
1.6854
2.0116
2.1656
1.9562
2.0974
2.0392
2.2039
1.9335
1.9415
1.8439
2.0249
1.6279
2.3217
2.003
2.0103
2.4423
1.4746
2.1661
1.7828
2.8335
1.3786
2.0189
2.099
2.215
1.8388
2.0593
1.5255
2.3353
1.8862
2.0686
2.2293
2.1465
1.815
2.283
2.0541
1.871
1.9012
1.8206
2.1574
2.0708
2.4776
1.5139
2.0412
2.1452
1.7821
2.9764
1.6272
2.0837
1.5776
1.9304
1.8047
1.9123
2.0119
1.7886
1.9785
2.0258
1.7064
2.0539
2.0848
1.926
1.861
1.9019
2.1067
2.0148
1.6406
2.1702
2.24
2.0649
1.6273
2.0065
2.3156
1.8465
1.8834
1.9436
2.2525
1.6636
2.0086
1.843
2.48
2.146
1.6589
2.0316
2.0103
2.038
1.9469
1.8885
1.8823
1.8103
2.5317
1.8584
1.9565
2.3123
1.8643
2.019
1.8285
1.9317
2.1975
1.7571
2.0806
1.6729
2.1605
2.4338
1.6545
2.6095
1.7539
2.2532
2.1025
1.617
2.2809
1.8597
1.7789
1.7657
1.9943
2.0753
1.9359
2.0403
2.0459
1.8484
1.9208
2.1262
2.4646
2.2458
2.1512
1.7535
1.9964
2.089
1.8667
1.8764
2.2309
2.0807
1.7235
2.091
1.6362
2.495
1.9739
2.1144
2.0018
1.7411
2.5331
1.6896
1.8949
2.109
1.5718
2.421
2.098
1.7927
1.7684
2.2
2.3699
1.8737
1.8935
1.8476
1.797
2.0484
2.1718
1.7857
2.0703
1.8975
1.8145
2.049
1.9483
1.9673
2.2578
1.8451
2.0884
2.1608
1.6112
1.764
1.9341
1.8748
2.3751
1.8323
2.2169
1.7864
1.9251
2.0366
1.9581
2.0702
2.3382
1.657
2.2146
1.9571
1.7884
1.8315
2.2635
1.6841
2.1485
1.761
2.0958
1.9788
1.9949
2.1821
1.9613
2.1151
2.0597
1.3753
1.768
1.8089
2.0251
2.0027
2.0024
1.761
2.2206
1.6489
2.1853
1.8018
2.0518
1.8046
1.9602
2.2324
1.9749
1.8528
1.7447
2.5582
1.8891
1.8734
1.9676
2.2756
1.862
2.2672
2.4259
1.8688
2.0863
1.5736
2.3031
2.0206
1.7666
2.0189
1.8804
1.9265
1.8264
2.1543
2.4011
1.7266
1.8501
2.1417
1.938
1.904
2.1615
2.0076
2.0789
1.8148
1.8635
1.9394
1.8499
1.878
1.8256
2.209
2.2094
1.8465
2.36
2.0331
1.7759
1.8152
2.0183
2.0282
2.106
2.0569
1.7592
2.5863
2.1089
1.8963
1.4744
2.1228
1.6154
1.9779
2.2473
1.7815
1.663
2.3529
1.8356
2.213
1.6711
2.5714
2.059
1.6722
1.8972
1.7703
2.1304
1.4942
2.0203
2.1933
1.5949
1.9845
2.2094
2.1733
1.6075
2.0418
2.5099
2.0267
1.835
2.2633
1.7277
2.2241
1.6008
1.8391
2.4108
1.5429
2.1533
2.2809
1.9449
2.2442
1.5892
1.8124
2.4855
1.6004
2.8341
1.7162
1.8854
1.9321
2.2614
1.8947
1.959
1.8778
1.8758
1.8595
2.2403
1.9046
2.2831
2.0019
2.0386
2.1449
2.075
1.7822
2.3102
1.8721
1.9412
2.0167
1.993
2.0325
1.8832
2.4811
1.857
1.9925
1.6176
2.3122
1.9842
1.7154
1.9241
2.1859
2.0765
1.8771
2.0813
1.8611
2.4919
1.4332
1.7639
2.2201
2.2208
1.9112
2.1607
2.1305
2.2847
1.8143
2.2067
2.1597
1.7508
2.3618
1.5351
2.5013
1.9266
2.1786
2.1783
1.9364
2.1994
1.9277
1.5084
2.0815
2.0454
2.0831
1.99
2.1566
2.0096
1.7386
2.1391
1.9406
1.8631
2.4018
1.8628
2.0185
2.163
1.8797
1.8782
1.5903
1.7272
1.9018
2.1287
1.9633
1.9845
2.0744
1.8959
1.9926
1.6326
1.9996
1.8244
2.0326
1.7793
1.9777
2.1815
1.6208
2.2129
2.0111
1.7608
2.3818
1.906
2.0239
1.7884
2.3987
1.6071
2.1489
2.1988
2.4856
1.7129
1.9894
1.5751
2.3012
1.8841
1.9577
2.1113
1.7663
2.2454
1.9825
2.2262
2.0868
1.8881
1.9652
2.005
2.1058
2.0835
2.0131
1.7519
2.5721
2.0669
2.0585
2.1817
2.1201
1.8585
1.9186
2.1634
2.457
1.6614
1.8263
2.28
1.8443
1.9581
1.8894
1.9693
2.0418
2.2123
1.8902
2.129
1.8749
1.8847
1.9546
2.0155
2.1597
2.0001
1.8703
1.9783
2.4016
1.9971
1.9373
1.85
2.3727
2.0517
1.6171
2.1207
2.1163
1.7133
2.2719
1.8708
1.9983
2.2589
1.8053
1.8089
1.8817
1.8763
1.9878
2.364
1.6853
1.9771
1.5824
2.0751
1.8056
2.0139
1.9894
2.0393
1.9601
1.7499
2.1241
1.9293
2.1688
1.6798
2.0204
1.7204
1.9621
1.9824
2.0526
1.7225
1.9915
2.0625
2.1769
1.8703
2.296
1.5074
2.0738
1.74
1.7854
2.183
1.5701
2.0883
1.9573
1.7921
2.0655
1.9279
2.097
1.9234
1.9884
2.2223
1.611
1.9256
1.796
2.1476
1.9099
1.9029
2.0126
1.7925
1.6418
2.6964
1.7703
1.6971
1.7171
2.013
2.2818
1.9736
1.7756
1.9803
1.8551
1.7636
2.4558
1.3628
1.7116
2.2987
2.0295
1.57
1.983
1.9051
2.1791
2.2648
2.0061
2.3434
1.8321
2.0609
1.7338
2.2788
2.0371
1.6663
1.9623
2.0077
2.2552
1.7676
1.6823
1.9745
2.1688
2.0176
1.7697
1.666
1.7371
2.0387
1.7103
2.5522
1.9061
1.9658
2.6658
1.9932
2.0873
1.717
1.9644
1.9744
2.4991
1.5709
1.6557
2.1762
1.6217
1.8981
2.1092
1.9374
1.8834
1.9847
1.6818
1.811
2.028
2.0911
1.8038
2.1408
1.8168
1.7088
1.751
2.2597
1.8212
2.0361
2.2765
1.8745
2.0694
1.8538
1.9111
1.8915
2.2533
1.457
2.3824
1.7533
2.0134
2.0186
2.14
1.921
2.2627
1.8707
1.5658
2.1836
1.895
1.826
1.907
2.1765
1.6454
2.1538
1.7563
1.7932
1.5608
2.1937
2.1757
1.9697
1.9499
2.2917
2.1606
1.6997
2.4146
1.9491
1.9493
1.8727
1.9639
1.8888
1.9672
1.8071
1.6408
2.3532
1.9525
1.9803
2.0057
1.7755
1.6895
2.196
1.7112
1.8648
2.0119
2.0313
2.46
2.1635
1.7793
2.1982
1.7745
2.286
1.8736
1.9775
2.2233
1.5494
2.0693
1.7654
1.7887
1.7965
2.322
1.7755
2.3221
1.8297
2.2007
2.1502
1.8408
2.0776
2.0919
1.7306
1.7051
2.1888
1.9162
1.605
2.2088
2.1984
1.8977
2.0129
2.1756
1.9735
2.3376
2.2046
1.7163
2.032
1.5262
2.2308
1.8866
1.9926
2.5446
2.0816
2.2234
1.8034
2.2436
1.2078
2.2264
2.2129
2.0803
1.8433
1.9352
1.9934
2.2447
1.4622
2.5316
2.0537
1.6534
1.8151
2.0078
1.7023
2.7168
1.6616
1.9824
2.4272
1.8107
2.1286
1.8716
2.0243
2.008
2.4071
1.9011
2.3678
1.8993
1.9031
2.4519
2.1233
1.5662
2.138
2.0607
1.7116
2.414
1.8803
1.9949
2.0597
2.1683
2.156
2.1646
2.0351
2.0221
1.6271
2.1012
1.9715
2.0136
1.9418
2.2004
1.9297
2.2971
2.0059
1.8707
2.3868
1.6857
1.7811
2.1152
1.9725
1.7603
2.66
1.9607
1.7114
2.534
1.7128
2.0881
1.5086
1.8856
2.0321
1.9198
1.9916
1.6445
2.5734
1.5483
2.2302
1.8735
2.0587
2.1942
1.5936
1.7696
1.9363
2.3309
1.7295
1.8453
2.1859
1.7489
2.1868
1.7384
1.9831
1.9252
1.8483
1.9311
1.6647
2.3763
1.7909
2.1689
1.9812
1.9951
2.3157
2.1272
1.7379
1.7708
1.8651
1.8239
2.1613
1.5246
1.6376
1.6422
1.9614
2.181
2.0894
1.7011
2.4525
1.9499
2.0306
2.1871
1.7565
1.8475
2.0299
1.5723
2.1193
2.0297
1.3953
2.2588
2.1528
2.1975
1.8594
2.0383
1.6731
2.4481
1.679
2.278
1.635
2.053
1.9117
2.1596
1.8985
2.0141
2.246
1.9166
1.7383
2.3933
2.0767
1.8147
2.1454
2.1047
1.4803
2.1554
1.8162
2.43
2.0364
2.0212
1.9877
2.4817
2.2203
2.1354
1.7765
2.1689
1.5914
1.6322
1.8232
2.4279
2.132
1.767
1.8294
2.1698
2.1589
1.7981
1.8244
2.0026
1.9658
2.015
2.0837
2.2292
1.7847
2.1168
2.341
1.7805
1.761
1.9573
2.0345
2.0422
1.9057
1.9999
2.1307
2.0393
1.625
2.093
1.6944
2.2516
2.2081
2.1735
1.7819
1.7707
2.1977
1.6356
2.3733
1.8709
1.9065
1.9434
2.4939
2.0219
1.7558
2.0872
1.6108
2.1247
2.2183
1.5019
2.2236
1.8443
2.1679
1.8115
1.9779
1.8578
1.9483
2.0134
1.959
2.0384
1.5874
2.0023
1.8003
2.0799
1.9688
1.9125
2.7199
1.8138
2.194
1.8223
1.605
1.7683
2.1744
2.0589
1.8575
2.2542
1.7265
2.1316
1.5793
2.012
1.925
2.209
2.2782
1.7231
1.8619
2.0484
1.8689
2.2621
2.1187
1.7013
1.8987
2.2304
2.4473
1.8477
1.7654
1.924
1.6722
1.8837
2.5873
1.9994
1.8295
1.8186
2.149
2.0328
1.86
1.7559
2.2369
1.651
2.1512
1.7914
2.126
1.8146
1.9372
1.95
1.9109
1.4951
2.3761
1.5884
1.9416
2.0148
2.016
1.647
1.7139
2.3274
1.7313
2.0945
1.9689
1.6703
1.7949
2.4074
1.8078
2.0166
1.937
1.8572
2.2166
1.8487
1.8289
2.0697
2.0672
2.011
2.161
1.5293
1.843
1.9705
2.1197
1.8916
1.8599
2.3157
1.7285
2.2139
2.0926
1.4593
1.8837
2.361
1.8013
1.7124
2.0242
1.9554
2.1425
2.0211
2.3347
1.8208
1.8102
1.7444
1.909
2.2879
1.7572
1.8443
2.213
2.1379
1.9525
2.0149
1.9943
1.663
2.1744
1.712
1.7674
1.9114
2.2923
1.668
1.9765
2.1213
1.8342
1.9223
2.3468
1.8359
1.7496
1.8276
2.1594
2.1337
2.0969
2.0201
1.9616
1.6555
1.9443
2.5486
1.8298
2.1844
2.0746
1.9258
1.7944
2.0064
1.8094
1.7511
2.1097
2.0495
2.1266
1.9931
1.8951
2.1138
2.1476
2.0609
1.9693
1.9853
1.9201
1.9637
1.7105
2.422
1.8448
2.081
1.8164
2.4272
1.7981
1.7894
2.1469
1.511
2.0299
1.9832
2.2555
1.8899
1.7641
1.8673
1.917
2.2129
1.9493
1.9856
1.8609
1.6921
2.6397
2.1512
1.6838
2.1395
2.1857
1.9618
2.0292
2.1659
1.7412
1.9208
2.0426
2.0173
1.7814
2.0359
2.5884
1.8409
2.0459
1.7663
1.7895
2.1724
1.798
2.0057
2.0248
2.2808
1.6492
1.8338
2.356
2.0491
1.4958
2.4304
2.087
1.8545
2.1243
1.8453
1.9845
2.0735
2.0309
2.2066
2.0324
2.2076
1.775
1.651
2.3301
2.1482
1.8905
1.9562
2.0835
2.3854
1.8613
1.5484
1.8474
2.299
1.9678
2.1154
2.1996
1.5446
1.8391
2.4087
2.0046
1.9606
1.7664
1.8733
2.0635
1.9154
1.7759
2.0612
2.129
1.5013
2.0814
1.9745
2.085
1.9639
1.6878
1.8292
1.7514
2.5067
1.4984
1.9912
1.5988
2.1628
1.7312
2.2999
1.593
1.8546
2.1086
2.1511
2.0595
2.5068
1.6858
2.1547
2.1239
2.2212
1.836
2.3336
1.6959
2.1076
1.6648
1.942
1.756
1.9269
2.013
2.2719
2.2245
1.7871
1.6169
2.4319
1.7465
1.9704
1.8356
2.1106
2.086
1.9792
1.7041
1.9215
2.1147
2.1536
1.7363
1.8181
1.9399
2.1061
1.9726
1.8918
1.7062
2.1446
1.7029
1.8333
2.0114
1.9909
1.8429
1.942
2.4349
2.0131
1.5062
2.2772
1.6102
2.2549
1.998
2.089
2.1088
2.1453
1.9113
2.5038
1.3954
2.304
1.9166
1.9088
1.7435
2.0765
2.2546
1.6074
2.1378
1.8595
2.074
2.2914
1.8644
1.9329
1.842
2.1658
1.8186
1.9023
1.8538
1.9752
1.9702
1.7341
2.038
2.5426
1.9473
1.6162
2.1529
2.003
1.9148
2.3594
1.5975
2.0317
2.0873
2.3415
1.4891
1.7751
2.1753
1.7381
2.0759
2.0562
1.8343
1.4218
1.9801
2.2142
1.8769
2.1589
2.0992
2.1918
1.8827
2.1912
1.9071
1.7815
2.5185
1.5584
1.872
2.1236
2.1253
1.658
1.9827
1.9659
1.8185
1.8927
2.085
1.7717
1.8023
1.6583
2.2885
2.091
1.643
1.9334
1.995
1.7449
2.1441
1.6647
1.7858
1.8631
2.1531
2.1061
1.8078
2.1259
1.7338
2.1175
2.2271
1.9462
1.9821
2.1002
2.2875
1.8942
2.088
1.7532
2.1832
2.1393
2.3327
1.7866
2.0436
1.8126
1.9325
1.8331
1.5642
2.1489
2.0778
1.9224
1.7714
2.1068
1.9746
2.0998
1.9144
2.1327
2.0484
1.4633
1.9133
1.9352
1.8289
2.1486
1.8415
2.4069
2.2518
1.5785
1.7203
1.9627
2.0247
2.0007
1.6513
2.0357
1.7422
2.4025
1.9024
2.4105
2.1469
1.6983
2.3657
1.5288
2.2948
2.0033
1.7061
2.1384
2.0505
1.8645
2.2151
1.845
2.0205
1.5788
1.9649
1.8385
1.9713
1.8463
2.2124
1.7882
1.9709
1.7708
1.9161
1.8393
2.1358
1.684
2.2711
1.7099
1.7875
2.3551
2.254
1.6655
2.3685
2.0953
1.9109
2.0227
1.8296
1.9382
2.1164
1.8349
1.8821
1.8006
2.1733
1.5972
2.3792
2.0001
1.8576
2.2425
1.8657
2.2554
2.259
1.7205
1.7912
2.1254
2.2793
1.9603
1.7067
2.1622
1.9344
1.9439
1.6021
2.3363
2.2188
1.825
1.8274
1.988
2.1585
1.892
2.1007
2.0139
2.1812
1.9305
1.9555
2.194
1.8713
1.9723
1.8869
2.0258
1.8478
1.7455
1.866
2.2836
1.9028
1.7193
2.4731
1.5469
1.7429
2.0056
1.8159
2.2628
2.2651
1.9636
2.161
1.935
2.1167
1.9133
1.9392
2.0111
2.0606
1.7117
2.2559
1.6149
2.4201
1.4695
2.5741
1.7672
1.8822
1.7177
1.991
2.2647
1.5869
2.3592
1.792
1.7726
2.0747
1.802
2.2619
1.9795
2.0309
1.9876
2.2675
1.9244
1.7775
1.8717
1.9894
2.2565
2.0488
2.0996
1.403
2.4509
2.0535
2.1229
1.8671
2.1158
1.74
1.8003
2.155
2.126
2.2544
1.6908
2.1625
1.7727
2.3665
2.1232
1.5325
2.0181
2.1951
1.7919
1.5908
1.9844
1.9755
2.29
1.9751
1.8293
1.8045
1.9231
2.2013
1.9047
1.8539
2.0107
1.5969
1.8351
2.0837
1.9877
1.8006
1.9141
1.6632
2.194
1.5969
2.1342
2.0538
1.5199
2.2559
2.0927
2.0152
1.669
1.8875
1.8719
1.871
1.884
2.0392
1.8549
2.3736
1.9155
2.2179
1.8294
1.9797
1.9407
2.4195
2.0512
2.258
1.8305
1.6097
1.8635
2.2043
1.7721
2.4465
1.9486
2.1742
2.0079
1.8451
2.0505
1.9471
2.2724
2.1806
1.4825
2.0768
2.0871
1.8998
2.0054
2.3166
2.2435
2.1524
1.7608
1.7845
2.1088
2.0764
2.4636
2.216
1.2217
1.832
1.8758
2.1499
2.2775
1.7562
2.036
2.1151
2.1197
2.0975
1.8623
1.7288
1.5009
2.0696
2.1715
2.1599
2.2094
1.7733
2.2392
1.829
1.9159
2.0248
2.1857
2.1379
2.122
1.7764
1.7932
1.8334
2.1811
1.7657
2.5286
1.824
2.5322
1.484
2.2114
2.0324
1.8293
1.8568
1.8299
2.4539
1.577
1.9974
2.401
1.8021
2.1734
2.1862
1.6785
2.0213
2.0709
1.9243
2.1866
2.194
1.9993
1.7155
1.6998
2.077
1.8947
2.2419
2.0542
2.0435
1.8892
2.1567
1.9821
2.0166
1.8043
2.2274
1.6301
1.6223
2.1971
2.0082
1.7096
2.0627
2.0981
2.0419
1.995
2.0023
2.0397
2.1101
2.0904
2.0257
1.7066
2.3727
2.0697
2.0571
1.8544
2.6707
1.6068
2.4178
1.7991
2.3421
1.6499
2.0203
1.7248
1.9015
2.4859
2.1849
1.7146
1.953
1.8923
1.8584
2.2668
1.8197
1.9317
1.7356
2.0288
1.6094
2.0508
1.9502
2.0936
1.5461
1.8149
2.1282
1.6067
1.9856
1.6586
1.9066
1.8154
2.2968
1.752
2.1543
1.7647
1.9668
1.7152
2.2647
2.0551
1.8433
2.0975
2.0019
1.9927
2.0873
1.7026
1.7676
2.151
2.3014
1.5644
1.9731
1.5966
2.0047
2.0933
2.142
2.5302
1.9278
2.4288
1.8353
2.3454
1.7384
2.0566
2.0288
2.0633
2.0544
1.6155
1.9691
2.0725
1.8623
2.0805
2.1768
2.0646
1.9557
2.0222
1.7285
1.886
2.1744
2.0277
1.8504
1.8526
1.8969
2.1866
1.6726
1.8533
2.4174
1.9903
1.7683
1.9522
1.8378
2.1779
2.1001
1.8716
1.6821
1.8808
2.2094
2.0588
2.1523
1.694
2.0965
1.9207
2.0766
1.6053
2.0012
2.0883
2.1806
2.1659
1.7681
2.0771
1.9196
2.0886
1.8253
2.0797
1.7826
2.0151
2.4466
1.7577
1.911
2.3379
1.8863
2.0511
1.9111
1.985
2.0364
2.1652
2.124
2.0198
1.6832
1.8724
2.0893
1.6593
1.9168
2.0304
1.786
1.972
2.0097
2.0396
2.061
1.7058
2.0082
1.6812
2.5524
1.6466
1.9926
1.9683
1.946
1.7225
2.1296
2.0735
1.9848
1.8313
1.7668
1.9776
2.0231
2.137
2.141
2.0864
2.0142
1.481
2.5131
1.8245
1.879
1.9586
2.1745
2.0917
1.913
2.3472
2.0623
1.9379
2.0697
1.7911
2.069
1.7997
2.1437
2.0234
1.9399
2.2923
1.7471
2.0066
1.7914
2.0911
1.7534
1.8125
1.4458
1.9722
2.3002
1.891
1.8507
1.7517
2.4307
1.4558
1.844
2.1666
1.9333
2.1585
1.879
1.8186
2.5616
1.5337
2.0986
2.0773
1.6496
2.0656
2.1538
2.2509
1.8159
1.7
2.1981
2.0248
1.6378
1.8016
2.2091
1.791
1.7086
2.1797
1.757
2.1535
2.1066
2.1075
2.2214
1.9562
1.7695
2.2634
1.7583
1.8718
2.4669
1.6768
2.0465
1.9528
2.0636
1.8507
2.1814
2.1001
2.0087
1.8245
1.9937
2.3224
1.6769
1.9021
1.9484
2.0165
1.7575
1.9109
2.122
1.7006
2.2382
1.7466
2.2712
1.8382
1.8009
1.9979
1.6996
2.1446
1.8836
2.2692
1.9506
2.1271
1.9106
2.0024
1.5001
2.0033
2.0576
1.9557
1.8117
2.4624
1.938
1.8396
1.938
1.9889
2.5074
1.5888
2.046
1.9615
1.8721
1.9478
1.7467
1.731
1.7512
2.3301
1.6837
2.0037
2.4129
2.004
1.9504
2.1481
1.6479
1.7888
1.91
1.8777
2.013
1.7703
1.738
2.3437
1.6873
2.0442
1.8296
1.9807
1.904
1.7739
2.094
2.0811
2.191
1.7989
1.8266
1.7899
1.8972
1.8024
2.1422
1.7668
2.0129
2.1284
1.7785
2.2696
1.6487
1.9536
1.9788
2.0295
2.2553
2.1572
1.8594
2.0142
2.1578
2.4588
1.7189
2.0401
1.9881
2.0874
1.8928
2.2908
2.0432
1.7751
2.2112
1.699
2.1134
2.4216
1.6379
2.1778
1.9797
1.5975
1.9173
2.5581
1.5346
2.6221
1.579
1.7639
2.3182
1.8957
2.508
1.5901
2.0269
2.4276
1.7217
1.9231
1.5772
2.2239
2.1058
1.9983
2.323
1.8378
2.0291
1.8315
1.7524
1.9948
1.8717
1.8804
2.215
1.9737
2.1695
1.6355
2.2042
2.4623
1.2368
1.9906
1.8437
2.0417
2.3882
2.0703
1.7674
2.1251
2.47
1.6997
2.1637
2.0573
2.0756
1.5991
2.3649
2.1027
1.9861
2.1716
2.0279
2.0361
1.5298
1.9835
2.0417
2.1617
1.8857
1.849
2.478
2.3586
1.9293
2.0502
1.6865
2.0087
2.1252
1.548
2.3049
1.5656
1.9309
1.9958
1.9427
1.9646
1.9974
1.8776
1.8488
1.8704
2.2452
1.7739
1.5515
1.9277
2.2595
1.6816
2.0975
1.845
2.1422
2.1632
2.0794
1.5318
1.7597
2.29
1.7836
1.8292
2.2766
1.8162
2.0458
2.5142
1.768
1.8363
2.279
1.8083
2.3272
1.748
1.9967
1.9183
2.5073
1.9448
1.9948
2.2233
2.4613
1.7402
2.3376
1.9453
1.8657
2.1122
1.4186
2.0485
1.8664
1.953
2.3257
2.1703
1.8136
2.2521
1.6843
1.9203
2.1929
1.7366
1.8689
2.347
1.7981
1.6861
1.8508
2.2402
2.0696
2.0339
1.9792
2.0028
2.1799
2.1915
1.7395
1.6041
1.7169
1.965
1.9315
2.6306
1.7529
2.0368
1.7286
2.2246
1.6562
1.9178
2.0444
2.1559
2.1714
2.07
1.9835
1.7311
2.0111
2.0236
1.8891
2.0039
1.8102
1.7195
1.8951
2.2561
1.6312
1.7093
2.3001
1.8419
1.8551
1.9258
2.0188
1.8493
1.9097
2.0242
2.2529
2.1363
2.2453
2.5734
1.5738
2.1637
2.1389
1.8323
1.9317
2.1188
1.8507
2.2433
1.6982
2.011
1.6895
2.4444
1.7313
2.0157
2.114
1.8149
2.2204
1.686
2.2911
1.9027
1.9502
1.8546
1.9924
2.1242
2.0376
1.6284
2.0555
1.6266
2.9011
2.2004
1.6766
1.9692
1.7245
2.6545
1.7942
2.4626
2.003
1.9341
1.6719
2.2983
1.9813
1.9814
1.826
1.7052
1.6291
1.8728
2.1281
2.4655
1.7594
2.2642
1.7414
2.1013
1.5114
1.8
2.0881
2.0843
1.9084
1.6996
2.1947
1.9141
2.0797
2.17
2.0537
1.5048
2.1602
2.2119
1.7194
1.9029
2.0808
2.0165
2.2518
2.1775
1.7514
2.1489
1.8452
1.7601
2.4541
2.0468
2.1324
2.1856
2.1435
2.2775
1.7529
2.2209
2.1523
2.1083
2.0239
2.0793
1.6101
1.9054
2.2885
2.0677
1.6253
1.821
2.221
1.6909
1.5899
2.3046
1.8662
1.7997
1.9945
1.8398
2.1944
1.7766
2.1696
1.8688
1.7339
2.0022
2.1827
1.8771
1.8656
2.0407
2.0076
2.0967
2.0283
2.0601
2.0306
1.6729
2.1391
2.0105
1.8591
1.9571
1.8582
1.625
2.3137
2.0939
1.7842
1.9175
2.0941
2.0099
2.1494
1.8386
2.2547
2.001
2.1077
2.1568
1.955
1.7932
1.7915
1.9779
1.7552
2.1431
2.2005
2.0841
1.7171
2.224
1.7135
2.0167
2.2076
1.6103
2.0406
1.9901
2.079
1.8215
1.8154
2.0166
2.0918
1.9416
1.9176
2.1973
2.4174
1.6906
2.3337
1.7344
2.2427
1.6672
2.2024
1.866
2.0612
1.7492
2.1128
2.4514
1.8554
1.8027
1.8781
1.6236
2.3479
2.3702
2.0487
1.9363
2.1621
1.8128
2.0354
1.8929
1.5851
1.9065
1.7553
1.8264
1.58
1.9066
2.2414
1.5508
2.412
1.9413
1.8097
2.0105
2.0561
1.8789
1.7338
1.7225
1.9529
1.9381
1.7854
2.3067
1.9752
1.6255
1.5225
2.4936
2.0745
1.8597
2.0659
1.5552
1.6314
2.2306
2.1175
2.1647
1.9207
1.7836
1.8087
2.1356
2.3395
1.5098
2.1153
2.1321
1.5616
2.6822
1.9618
2.4407
1.9559
2.211
2.0794
1.9088
2.0771
2.1317
2.2386
2.0128
2.0814
2.0516
1.94
1.9463
1.707
2.2386
1.5473
2.0883
1.8972
2.3814
1.6709
2.4262
1.8515
1.7818
1.9674
2.3011
1.6554
2.1795
1.8649
1.5786
2.3932
2.0489
1.8146
2.3695
1.8483
1.9165
2.2622
2.1757
1.4615
1.9543
2.1598
2.4145
1.8644
1.8144
1.9804
2.2607
1.9451
2.1762
1.8562
1.6044
1.9993
2.0706
2.2593
1.5661
2.3176
2.0393
2.2788
1.5823
1.7996
2.4127
1.9
1.9259
1.8236
1.9371
1.9654
2.4892
1.573
2.2242
1.4697
2.1292
2.0617
2.3679
1.7011
2.2089
1.7005
2.0268
2.0252
1.4351
2.1098
1.9212
1.7213
1.998
1.9418
2.0692
2.0553
1.8356
2.1353
1.9005
2.3863
1.8063
2.4423
1.6937
1.9215
2.2532
2.0131
1.7871
2.2268
2.2373
2.1862
2.1026
1.9659
1.8531
2.1557
1.7434
2.1402
2.0373
2.1304
1.6938
2.0424
1.894
2.0521
2.0932
1.889
2.1207
2.1155
1.9665
1.8334
1.8054
1.9305
2.3964
1.9608
1.504
1.9152
1.7143
2.096
2.0394
2.3439
1.679
2.0089
1.6729
2.2274
1.8661
1.9164
2.1737
1.8955
1.9765
1.8289
2.0183
2.0547
2.0117
2.056
2.5207
1.7415
2.2072
2.1098
2.0327
1.9791
1.7926
1.8925
2.3295
2.082
2.0189
2.1126
1.8741
1.8978
1.952
1.7318
2.1533
2.1637
2.0747
2.3978
1.9758
2.277
1.8046
2.0302
2.35
2.1032
1.8311
2.2346
2.0538
2.3264
1.8758
2.059
1.951
1.9964
2.0725
1.8203
2.2839
2.1723
1.701
1.7955
1.8673
2.2359
2.203
2.2064
2.2606
2.0115
1.5747
2.1822
1.7765
2.3015
1.804
2.0272
1.9849
2.3264
1.6512
2.3361
1.8964
2.1404
2.0745
1.808
1.7819
1.7354
2.3216
1.7282
2.1856
1.4836
2.2661
1.786
2.2696
2.0972
2.1112
1.8152
2.4198
1.8365
1.9182
2.3318
1.7381
2.0529
2.0104
1.9611
2.0535
2.0801
1.9401
2.1586
1.9253
2.1904
1.9083
1.7429
2.0076
1.9371
2.0139
1.9989
1.9905
2.6068
1.9558
2.7456
1.7913
1.8865
1.7483
1.7271
2.2696
1.6911
1.9262
2.2904
1.8688
1.8406
1.9066
1.9986
2.2286
1.8717
2.3959
2.0067
1.9261
2.0546
1.8483
2.121
1.9948
1.5214
2.2034
1.7079
1.6035
2.2795
2.0816
1.6637
1.8619
2.0514
2.3235
2.256
1.6648
2.2557
1.6109
2.0602
1.8956
2.1395
1.7967
1.696
1.8598
2.306
1.6841
2.2186
2.1144
2.5062
1.7964
2.0791
1.8868
2.113
1.8299
2.1341
2.2189
1.9039
1.8138
1.663
2.0693
2.1154
2.16
1.7615
1.989
1.7722
1.9378
1.4287
1.9366
2.1648
1.7723
2.0359
2.0997
2.1065
1.8306
2.1239
1.917
2.0409
1.7767
2.1801
2.022
1.9189
2.0444
1.8249
2.2287
2.2483
1.8952
2.1986
1.7893
2.0573
2.0913
1.7398
2.1744
1.9589
1.6197
2.1127
1.5308
1.9548
2.0809
1.9266
2.2141
2.0715
1.863
2.3629
2.1458
1.9197
1.9837
1.9677
2.4009
1.7808
1.9213
2.3038
1.897
1.7757
1.4373
2.1474
2.27
1.7921
2.1945
1.9106
1.864
2.049
1.8753
2.0796
1.5431
1.9789
2.2069
2.2888
1.9088
2.0177
1.7039
2.0717
1.9734
1.8813
1.856
1.6876
2.2936
1.8108
1.7236
1.9471
2.2451
2.1521
2.3013
1.6109
2.1712
2.0733
1.8403
1.8027
2.0736
1.6978
2.3349
2.2772
1.816
1.7528
2.1161
2.0858
1.9692
1.7957
2.037
1.6746
1.802
1.8487
1.8347
2.3591
1.6416
1.7836
2.5007
1.564
1.8284
1.7254
2.0641
2.2914
1.9062
2.099
2.5102
1.5708
2.0585
1.5739
2.2075
1.9843
2.1273
2.2983
1.8898
2.1074
1.9415
1.8649
1.4874
2.3749
1.7728
2.3504
2.3096
2.0008
1.927
1.6299
2.1812
1.7982
2.3945
1.6265
2.295
1.6954
2.3423
1.9566
2.2432
1.7626
2.1061
1.772
2.3133
1.5634
2.3962
1.9466
1.6862
2.3534
1.924
1.8585
1.8504
2.018
2.1635
2.1541
1.8724
1.6645
2.2309
1.984
1.7995
1.5742
2.0563
2.2351
1.5106
1.9813
2.0793
2.0673
1.9647
1.6085
2.2093
2.0997
1.6168
2.0953
2.1938
2.3172
1.5488
2.0949
2.6556
1.8794
1.991
2.09
2.0341
1.6806
1.9519
2.1312
2.4783
2.1881
1.5075
1.8295
2.2458
2.018
1.6069
2.0882
1.8179
2.3698
2.3222
1.5576
2.2286
2.2373
1.6467
2.58
1.7941
1.8667
2.1838
1.5641
1.9274
1.793
1.9845
2.1305
2.2062
2.2088
1.834
1.8087
2.2987
2.0021
1.7197
2.1029
2.1465
1.8229
1.9457
1.7559
2.1617
2.0317
1.7618
2.1008
1.727
1.8095
2.0692
1.7828
2.0366
1.9276
1.9457
2.2806
2.2995
1.7369
1.9835
1.9321
2.3398
2.1053
1.4151
2.0533
1.8794
2.1414
2.0527
1.9652
2.0762
1.6888
2.0768
2.0807
1.9277
1.8405
2.102
2.1558
1.7758
2.0751
1.8223
1.7168
2.0652
2.1316
1.8721
2.0483
1.9633
1.9663
1.8399
1.9277
2.1481
2.6884
1.6939
2.0694
1.811
2.2146
2.2575
1.8034
1.9743
2.016
1.8018
2.1066
2.1271
1.6165
2.2941
1.9841
1.6804
1.908
1.9695
1.9201
2.2462
1.8964
2.004
2.2965
1.8129
2.1128
1.9237
1.4689
2.3846
2.2526
2.3189
1.6459
2.4868
1.496
2.2685
1.709
1.7764
1.9471
1.9372
1.7988
2.151
1.8447
2.1682
1.7841
2.3726
2.1689
2.0098
2.2801
1.5856
1.8692
1.6595
2.1014
2.0912
1.5481
1.9309
2.0067
1.9133
2.1916
1.6524
2.0784
2.0597
1.9671
1.8529
2.0132
2.107
2.0117
1.9863
2.0779
1.7814
2.0723
2.2578
1.8708
1.7683
2.063
1.6658
2.0662
1.7714
2.1622
1.8046
1.7646
2.0833
2.1292
1.906
2.1303
1.9854
2.1403
2.0196
1.684
2.2855
1.9723
1.6941
1.8138
1.9539
2.1897
1.8596
2.1865
1.6832
1.987
1.6385
1.8425
1.9059
1.8416
2.0353
1.7047
2.0922
1.8884
1.9958
1.8668
2.4958
2.1967
2.1075
1.6116
1.9452
2.2107
2.452
1.8627
2.2643
1.7366
2.2254
2.0487
2.0038
1.9875
1.8289
2.5807
1.8934
2.2234
2.3894
1.7254
1.9827
1.8748
2.2072
1.6509
2.2529
1.4526
1.9468
2.3145
2.1682
1.8269
1.7992
2.1179
1.9109
1.6834
2.0609
1.627
2.0849
1.9008
2.0576
1.9218
2.5047
1.5692
2.2391
2.1271
2.1421
2.1061
2.057
1.7399
2.413
1.9339
1.4805
1.9189
1.8978
1.7999
2.2899
1.7931
1.7155
1.9416
2.3144
1.8209
1.7974
2.2773
2.1412
1.8497
1.9963
1.5696
2.0202
2.341
1.8526
1.9667
2.2213
1.3378
2.1289
2.116
2.4095
2.011
1.7102
2.0066
2.2986
1.7637
1.8057
2.2742
1.9108
1.7207
2.2088
1.5951
2.0577
1.9898
1.8049
2.1324
1.9025
1.7934
2.2661
1.5384
2.0879
2.0471
2.024
1.7318
1.9978
1.7447
1.8512
2.0779
1.9413
1.5619
2.0133
2.143
1.7858
1.9476
2.0092
1.5905
2.515
1.7917
1.7738
1.7036
1.9318
1.6505
2.0703
2.4825
1.7017
1.5276
2.3711
1.6954
1.6554
2.2754
1.6713
2.071
2.1499
2.3676
1.917
2.0608
2.2249
1.9297
2.003
2.3148
1.7211
1.8843
2.1369
2.5756
1.8355
2.2139
1.6634
2.0804
1.4972
2.2255
2.0809
1.8289
2.0396
1.9499
1.9028
1.7767
1.6223
2.3542
1.7865
1.9522
2.5451
1.7754
2.0505
2.2078
2.1471
1.8213
1.5943
2.0961
2.0442
1.9998
1.931
2.1922
1.7059
2.275
2.0725
1.3284
2.3857
1.9588
1.9637
1.8707
1.7693
1.8764
1.8196
1.9205
2.0228
1.7412
2.1711
1.9257
2.0493
1.8646
2.2575
1.5713
2.0944
2.4244
2.1968
1.9445
1.9435
2.2616
2.1199
1.9425
2.2156
2.3317
1.8699
2.2523
1.6091
2.0262
2.221
1.4461
1.9905
2.2478
1.5218
1.8226
2.0621
2.3733
1.7242
2.1048
2.2755
1.972
1.9217
2.2614
2.2431
1.7758
1.9716
1.9351
2.2593
1.9653
2.1375
2.2446
2.0205
1.8681
1.8706
1.916
2.0461
1.6747
2.3734
2.3046
1.5446
1.7198
2.0684
2.02
2.1191
1.8309
1.7033
2.3759
2.3247
1.8415
2.0419
2.0378
1.9718
1.9621
2.0712
1.5748
1.902
1.944
1.7454
1.8542
2.3967
1.8853
1.6175
2.2412
2.0634
2.1492
1.8099
1.8498
1.7901
1.9187
2.2286
2.0171
1.7451
1.9066
2.3619
1.6076
2.1552
1.884
2.5213
1.574
2.2559
2.3025
1.7796
2.0624
2.1092
2.1714
1.6928
1.982
2.2256
2.082
1.9641
1.4712
2.1826
1.7784
2.0487
1.5634
2.0839
1.8391
1.765
2.1323
1.9469
1.8328
1.541
2.2965
1.7549
1.9966
2.2156
1.8577
2.2714
2.6237
1.6841
1.563
2.0617
1.8421
2.0247
1.9668
1.9632
1.9568
1.9177
2.354
2.303
1.5723
2.0186
1.8565
1.9666
1.9305
2.2617
1.9972
1.7746
1.8353
2.1685
1.674
2.2642
2.1723
1.9558
1.8643
2.2088
2.0944
2.1179
2.0933
1.8172
2.344
2.1683
1.5687
2.1181
1.9228
1.8906
2.0156
2.1193
1.5703
2.0691
1.9181
2.29
2.1876
1.7833
1.6434
2.4114
1.9319
2.0515
2.1542
1.7402
1.851
2.0508
1.6887
1.9229
2.1479
1.7737
1.9095
1.6097
2.1037
1.6887
1.8295
1.9587
2.1063
2.07
2.0364
1.9973
1.8723
1.841
1.9179
2.0467
1.4317
2.4846
1.811
2.003
1.941
2.1153
1.9967
1.9324
1.6917
2.4803
1.7985
2.2763
2.3461
1.8208
2.1551
1.8437
1.866
2.1938
1.9378
2.2577
1.6097
2.1176
1.7754
2.0034
1.9004
1.8945
2.1248
2.2304
1.9723
1.7674
2.1585
1.912
2.0761
1.9111
2.1859
1.5297
2.4484
1.9134
1.9211
2.0128
1.9226
2.3172
1.923
1.7702
2.0055
1.6277
2.2345
1.6911
2.1594
1.7738
2.0033
1.9878
1.7695
1.9233
2.1362
2.1031
1.7433
2.0952
1.8747
2.3759
1.8696
1.9184
1.9356
2.2783
1.5817
2.3611
2.162
2.0121
2.018
2.1082
2.0107
1.6841
2.0478
2.0569
1.5552
2.3493
1.853
1.879
2.031
1.9652
2.0276
2.5776
1.8163
2.073
2.0691
2.1121
2.4014
2.0466
2.2269
1.5859
1.8393
1.8403
2.3415
1.7505
1.9785
1.8074
1.8484
1.9552
2.4039
1.9745
1.6896
2.1717
1.7786
1.6726
2.2524
2.0152
1.9442
2.2737
2.0385
2.0764
2.3332
2.0177
1.8911
2.2701
2.2684
1.9674
2.2151
1.8245
2.1601
2.0269
1.7689
2.0053
2.0968
1.9533
1.8342
1.6492
2.2958
1.8905
2.0751
1.623
1.7593
1.9263
1.7554
2.0003
1.5134
2.5656
1.7982
2.0598
1.9919
1.9055
1.8581
2.0387
2.0917
2.0767
1.9079
1.8729
1.9215
1.936
2.0642
2.4204
1.8779
2.2713
1.7254
2.3233
1.9381
1.8338
1.9506
1.795
2.3621
1.9936
1.8918
1.7717
1.8664
2.446
1.9316
1.9896
1.8344
1.996
2.1842
1.9075
2.0768
1.8742
2.0282
1.8325
1.8393
2.1808
2.1892
1.7908
1.8435
2.034
2.1057
2.0866
1.8633
2.0526
1.6176
2.1274
1.9711
2.1614
1.7872
1.8919
1.8647
1.864
2.1726
1.4935
1.9548
1.8959
2.3998
1.8144
1.7139
2.0104
2.1859
2.4252
1.9905
2.266
1.8413
2.0471
1.8177
2.382
1.7617
2.3995
1.637
2.3059
2.3559
1.9592
1.9166
2.0035
1.931
1.7179
2.0322
1.6032
1.9253
2.1067
1.6311
2.3054
1.5652
1.835
2.1324
1.7791
2.1577
2.4421
2.3738
1.3991
1.8372
2.3039
2.0327
2.0101
1.7374
2.0921
2.3066
2.0404
1.5996
2.1293
2.3157
1.8005
2.0163
1.6953
2.0658
1.6981
2.0907
1.9441
2.0316
2.0672
1.9077
2.0127
1.9772
2.083
2.272
2.0972
1.6961
2.2861
1.8312
1.85
1.8856
1.8782
2.0653
2.109
1.7665
1.814
2.2035
1.9301
2.0269
2.0184
1.7434
1.8988
1.713
2.4954
1.9611
2.0566
1.9918
1.7987
2.0932
2.1821
1.8729
1.7393
2.3189
1.8578
1.9518
2.0986
1.871
2.0612
2.0976
1.5986
2.1976
1.9541
1.9493
