0.3528
0.4064
0.7516
0.5189
0.6701
1.4246
0.4209
0.7557
0.4502
1.1068
0.3965
0.4088
0.5988
0.6914
0.6096
0.6817
0.8529
0.97
0.2093
0.6636
0.8594
0.4597
0.737
0.3176
0.3628
1.1476
0.4845
1.4765
0.5043
0.5297
0.6884
0.8012
0.5193
0.7266
0.7103
0.7191
0.3678
0.634
0.7253
0.8624
0.8021
0.296
0.6051
0.8215
0.45
0.5545
0.5558
0.5965
0.6003
1.176
0.7855
0.3354
0.851
0.4048
0.7637
0.2845
0.8617
1.1183
0.8105
0.5023
1.2484
0.5642
0.278
0.5884
0.8162
0.3068
0.341
0.4772
1.3442
0.9706
0.3593
0.4461
0.3144
0.3662
0.8552
0.7616
0.6728
0.7822
0.3885
0.9117
0.5129
0.4587
1.0792
0.3148
0.5222
0.489
1.1118
0.3957
0.8597
0.5359
1.074
0.6392
0.562
0.632
0.4559
1.0516
0.5634
0.4867
1.2018
0.7263
0.6252
0.5543
0.2977
0.555
0.6068
0.7543
0.5564
0.6953
0.8918
0.4642
0.2953
0.6495
0.5146
0.6115
0.8658
0.33
0.8487
1.0993
0.454
0.4026
0.6156
0.8469
1.1159
0.435
0.7923
0.9291
0.4999
0.6091
1.0016
0.6066
0.6352
0.6064
0.6229
0.9402
0.6477
0.6494
0.4683
0.4462
0.5753
1.2771
0.6636
0.4234
0.5997
1.2051
0.8939
0.3077
0.786
0.7171
0.3952
0.6804
0.4843
0.5886
0.5769
0.7849
1.0446
0.7064
0.6307
0.5314
0.7562
0.7313
0.9197
0.2576
0.6601
0.7376
0.9692
0.7053
0.3161
0.7216
0.6164
0.6595
0.8654
0.5435
0.6251
0.5372
0.3559
0.6661
0.3345
1.122
0.7024
0.7874
0.4511
0.6545
0.4098
0.5405
0.4782
0.5349
0.7556
0.7901
0.9387
0.3868
1.0515
0.4314
0.6839
0.5901
1.0029
0.3484
0.5575
0.3824
0.8725
0.8784
0.3446
0.6179
0.9554
0.3206
0.6662
0.8464
0.796
0.5392
0.6061
0.6285
0.5171
0.6551
0.5659
0.9096
0.871
0.371
0.5205
1.0813
0.6524
0.6585
1.1308
0.8575
0.2008
1.0734
0.3986
0.7056
0.6912
0.5692
0.3508
0.6921
0.7009
0.8458
0.354
0.608
0.8797
0.7561
0.3472
0.5923
0.9496
0.6205
0.3803
0.2726
1.165
0.5279
1.0271
0.2906
0.7937
0.369
0.5759
0.6222
0.6488
0.4665
0.5917
1.1686
0.4273
0.7364
0.8935
0.6312
0.4165
0.8957
0.3398
1.0457
0.3301
0.8674
0.784
0.3678
0.536
0.5477
0.707
0.7851
0.873
0.8291
0.381
0.7344
0.9545
0.9191
0.4382
0.5753
0.3942
0.2422
0.6158
0.4214
0.7785
0.4564
0.9776
0.6958
0.9267
0.8667
0.4753
0.5846
0.8502
0.6892
0.5551
0.4205
1.0593
0.7308
0.7649
0.5327
0.9953
0.7683
0.1799
0.3136
1.2476
0.5848
0.3416
0.6604
0.5166
0.2558
0.7628
0.9285
0.6125
0.637
0.5371
0.8972
0.6262
0.8757
0.4545
1.1004
0.4782
0.6366
0.6904
0.1946
0.7644
0.6285
0.4848
0.4998
0.7673
0.4802
0.5384
0.924
0.8765
0.4563
0.5823
0.3259
0.9975
0.2747
0.7048
0.808
0.3728
0.5164
1.0952
0.3817
0.5731
0.4381
0.5619
0.9694
0.9345
0.4477
0.891
1.1289
0.8265
0.3609
0.7896
0.3588
0.4784
0.8669
0.5304
0.6327
0.6154
0.3796
0.9159
0.5884
0.5965
0.7805
0.3568
1.0087
0.3208
0.8927
0.6523
0.9171
0.3642
0.601
0.7954
1.0446
0.4454
0.6092
0.7087
0.5016
0.2632
0.7164
0.9968
0.4742
0.468
0.6808
0.4859
1.1496
0.196
0.6518
0.5671
0.5161
0.7158
0.4424
1.2303
0.3456
0.5045
1.2843
0.5903
0.9432
0.4399
0.3828
0.6717
0.4353
0.9661
0.7118
0.6789
0.5831
0.8254
1.169
0.4795
0.5976
0.655
0.6485
0.4687
0.5316
0.3472
0.5439
1.2569
0.4709
0.6899
0.4086
0.6194
0.7429
0.7257
0.6384
0.9948
0.5343
0.7655
0.755
0.2289
0.3972
0.6801
0.8283
0.3575
1.1097
0.3772
0.5889
0.5374
0.9629
0.6098
0.3761
0.8569
0.8129
0.5563
0.7195
0.6017
0.7593
0.3539
0.7786
0.6107
0.7963
1.1494
0.2535
0.627
0.9408
0.5398
0.5381
0.526
0.6478
1.2814
0.7655
0.5004
0.7083
0.4284
0.6492
0.5125
0.9991
0.6291
0.984
0.8
0.2499
0.6719
0.5255
0.41
0.7432
0.4637
0.4397
0.7506
0.3667
0.8432
0.4102
1.1136
1.135
0.3709
0.7571
0.5219
0.7381
0.5152
0.4063
0.4376
1.2556
0.2579
0.6944
0.4101
0.6034
0.5612
0.6688
0.5169
0.5625
0.6877
0.5388
0.5819
0.5665
1.4749
0.5107
0.5318
0.8565
0.4724
0.4993
0.5964
0.8107
0.2579
0.9246
0.4844
0.8689
0.422
0.5855
0.4388
0.9693
0.5801
0.9512
0.6222
0.7285
1.0457
0.3731
0.4726
0.5017
0.382
0.3597
1.2629
0.549
0.5418
0.4425
0.2605
0.7829
1.0216
0.3725
0.7254
0.7027
0.3025
0.5655
0.818
0.5627
0.3737
0.7883
0.8185
0.5113
0.3438
1.5373
0.6179
0.3277
0.8442
0.5059
0.638
0.8897
0.4534
0.8879
0.3232
0.8434
0.5967
0.8404
0.9515
0.5806
0.8095
0.351
1.0964
0.5467
0.6269
0.7104
0.3464
1.0152
0.4005
0.2458
0.9755
0.6295
0.7283
0.3832
0.7534
0.4914
0.7334
0.7387
0.4612
0.8795
0.5093
0.2862
0.9195
0.3727
0.9881
0.372
0.9385
0.5287
0.5134
0.5332
0.786
0.5505
0.5307
0.8431
0.6365
0.3069
0.6307
0.5175
0.8395
0.4728
0.811
0.44
0.8749
0.3422
0.6004
1.0076
0.4629
0.4655
1.2713
0.5167
0.6674
0.5466
0.4024
1.0774
0.4981
0.4904
0.5227
0.7837
0.8893
0.6594
0.9877
0.5369
0.597
0.6695
1.1358
0.4633
0.5747
0.6034
0.5329
0.7226
0.7959
0.5356
0.86
0.286
1.1882
0.245
0.6232
0.574
0.4257
0.4407
0.8576
0.7485
0.7655
0.7278
0.5021
0.5684
0.5377
0.8382
0.3851
0.6152
1.2631
0.6679
0.6906
0.5266
1.0303
0.6661
0.3462
0.5334
0.5583
0.5382
0.3906
0.8854
0.3423
0.482
0.4023
1.2042
0.9205
0.6937
0.4778
0.4523
0.429
0.8878
0.9747
0.5252
0.8336
0.521
0.538
0.8106
0.5433
1.2005
0.4494
0.2925
1.157
0.2935
0.2376
0.4341
1.0132
0.6187
0.3849
0.3877
0.909
0.75
0.7865
1.1822
0.2857
0.4646
0.5757
0.7032
0.5115
0.376
1.0831
0.4709
0.5489
0.7214
0.6444
0.7553
0.5069
0.7181
1.0818
1.0233
0.6759
0.5639
0.5224
0.6388
0.4144
0.4728
1.1808
0.3875
0.6787
0.7066
0.9679
0.5137
1.0368
0.7212
0.4098
0.6626
1.2091
0.6097
0.2658
1.0434
0.6016
0.9325
0.6794
0.5605
0.5111
0.8235
1.2165
0.4053
0.3975
0.5395
0.6961
0.6279
0.4243
0.733
0.3771
0.3174
1.0736
0.535
0.7815
0.587
0.6726
0.6132
0.5588
0.8239
0.625
1.0343
0.353
0.6249
0.3999
0.7733
0.7926
0.5826
0.4817
0.8566
0.3615
0.8927
0.5404
0.9631
0.3667
0.8696
0.713
0.9305
0.5372
0.3686
0.5766
1.0375
0.4249
0.7664
0.8644
0.6845
0.6248
0.5362
0.5028
0.311
1.018
0.6469
0.3619
0.2765
0.4013
0.8688
1.2096
0.3626
0.9741
0.3569
0.4818
0.7399
0.7981
0.681
0.4909
0.8126
0.7951
0.7602
0.3478
0.3029
0.5176
0.769
0.7142
0.8897
1.0113
0.352
0.7551
0.6951
0.8655
0.672
0.5671
0.5358
0.4819
0.703
0.4881
0.6853
0.8829
0.6568
0.553
0.496
0.6136
0.7024
0.8194
0.436
0.7643
0.5739
0.557
0.5676
0.9805
0.5814
0.492
0.5026
0.8787
0.8549
0.6555
0.3986
0.8112
0.385
0.7999
0.5704
0.3546
0.3895
0.7054
1.015
0.5575
0.8319
0.6339
0.575
1.4319
0.403
0.6475
0.363
0.6272
0.8725
0.6315
0.2972
0.6872
0.8875
0.6166
0.4604
0.9064
0.7833
0.4799
0.531
1.0037
0.5546
0.4252
0.5238
0.5911
0.5485
0.6293
0.6169
0.6608
0.6887
0.6305
0.584
0.5395
0.9049
0.3978
0.7515
0.3794
1.1661
0.4988
0.5728
1.0492
0.793
0.5233
0.4383
0.7831
0.4399
0.9141
0.9352
0.48
0.6838
0.7432
0.5091
0.6845
0.496
0.5327
0.864
0.5086
0.487
0.7548
0.6652
0.9433
0.3805
0.5129
0.9693
0.4843
1.0304
0.5532
0.6563
0.6287
0.2794
0.731
0.396
1.2491
0.3682
0.4677
0.6367
0.9307
0.5752
0.4131
0.9471
0.4301
0.8318
0.8703
0.4463
0.4141
0.9277
0.6456
0.6953
0.4999
0.3869
0.7814
0.7126
0.7713
0.2434
0.7008
0.9681
0.6835
0.8437
0.3755
0.8441
0.7397
0.4287
0.3292
0.6059
0.5251
0.6656
0.864
0.4246
1.3841
0.2981
0.6347
0.4617
0.8022
0.535
0.9106
0.4131
0.3174
1.2503
0.4233
0.5167
0.3673
0.6528
0.782
0.5452
0.6948
0.5931
0.5278
0.5464
1.334
0.4702
0.4822
0.9878
0.4522
0.4351
0.5689
0.8769
0.4086
0.5687
0.8966
0.7229
0.2735
0.7694
0.7553
1.0804
0.408
0.2188
0.8733
0.3135
0.309
0.6141
