0.1458
0.6409
1.4023
0.4597
1.4463
0.5354
1.089
0.7898
0.1783
1.304
1.286
0.4243
0.7474
0.6376
0.8764
0.0328
2.1496
0.118
2.0652
0.1447
1.5652
2.489
0.6422
0.8226
0.1898
1.9578
2.2424
0.1622
0.6312
0.4397
2.4556
0.0915
3.9332
1.309
0.8472
1.0802
1.4239
0.1409
1.921
0.8355
2.3578
2.3082
0.0719
0.7181
1.6059
0.2697
4.9332
0.5485
1.9595
0.6608
1.5029
1.157
1.9553
0.7434
0.2945
0.1183
3.2831
0.8802
0.9077
1.3925
1.4907
1.1988
1.2004
1.5355
0.6009
0.1404
0.3964
1.6955
1.8975
0.3484
0.2356
1.5318
1.5734
0.9205
1.9169
0.7231
0.0753
0.2285
0.0679
2.0461
0.2704
0.1477
3.9482
0.7987
1.3976
0.1955
0.2126
3.4158
0.0978
2.4346
0.1806
0.1896
0.3834
1.1301
2.9181
1.4941
2.0094
0.6307
0.2933
0.8546
0.0711
3.8267
0.4062
1.1934
2.058
4.3955
2.167
4.159
0.203
0.3294
2.2798
0.3036
1.5925
0.2306
0.3235
1.0421
0.9469
0.1322
2.5884
0.4872
0.9958
2.5162
0.5087
0.4925
2.5532
0.4255
0.4704
1.6742
1.316
0.6451
0.0734
3.7101
1.1631
0.4414
0.3332
1.7907
0.3805
0.3605
3.6437
0.163
1.8698
1.8136
1.8268
0.3869
1.7617
1.5391
1.3794
0.5031
0.6063
2.2787
0.4593
3.5006
0.1555
0.312
0.3741
3.2213
1.6038
0.2163
0.2516
3.3711
1.6269
2.1254
0.5602
0.5017
1.179
1.5433
0.1627
3.04
1.2589
0.1483
2.8154
0.5072
0.0982
4.1136
0.2542
0.1743
1.3625
1.7977
0.6913
1.2633
1.6731
3.2941
1.1034
1.3243
1.5927
1.4658
0.4953
0.1579
0.385
1.8876
0.9255
2.984
1.8047
0.6652
0.2342
0.6087
2.2569
1.3632
1.2333
0.8559
0.1749
3.4662
1.0394
0.4238
1.8114
0.7739
0.9338
1.2943
1.6806
0.3386
1.1166
1.1422
0.4258
1.3768
0.1063
1.0032
1.7969
0.7563
2.1391
0.4214
4.5678
1.0393
2.4653
3.1123
0.1388
0.244
0.5094
0.0573
2.4477
2.2465
1.6026
4.6369
0.306
0.1938
1.5287
0.1188
0.6029
0.1328
2.6194
1.5805
0.3585
1.8525
0.3463
1.7609
0.2907
0.2507
0.929
0.1708
2.9674
1.3418
0.0315
0.2605
0.5231
2.9636
1.0195
0.0983
2.7156
0.6768
1.1237
0.1948
1.303
2.6965
0.8666
1.3967
0.9546
0.3055
2.1344
0.4729
3.0101
2.5301
0.1059
2.6979
2.9749
0.062
1.8463
0.7723
0.6426
1.4101
0.0957
0.3961
2.109
0.1427
0.3586
1.5791
1.6266
0.0738
3.4622
0.1941
0.2233
3.4332
0.8861
0.0777
0.2045
2.6942
0.059
0.0687
0.6293
0.0712
0.3706
2.7185
2.0122
0.5672
0.7991
0.9319
2.6945
0.162
0.3234
0.5054
2.3597
0.206
1.3672
1.7874
0.6255
2.08
0.2376
1.0907
2.9996
0.3642
5.0828
0.8559
0.3088
0.4896
1.3015
2.5383
1.0417
1.2196
0.769
2.2286
0.1857
0.1687
4.3561
0.2917
0.9902
0.3661
0.9881
0.5235
2.6135
0.3931
0.8973
0.8011
2.4851
0.5902
0.5178
0.4069
0.7628
1.8128
1.4345
1.1489
0.856
0.3288
0.1542
2.786
1.3526
0.597
0.7187
1.7658
2.8891
0.2735
0.1014
1.0013
0.1347
1.0802
1.3664
0.1551
3.3246
1.1168
0.0953
1.1232
4.4364
2.0404
0.1203
0.9057
0.1208
1.4288
1.1319
0.5597
0.3038
2.8147
0.3389
0.1266
2.0579
2.8008
0.613
0.6757
0.7811
0.4373
0.0818
3.624
1.3616
0.7237
0.5869
2.4837
1.2332
0.3932
2.8794
0.1094
3.4499
0.7734
0.5495
3.3752
2.4022
1.3288
1.7798
0.4028
0.4975
0.7116
2.4235
1.1053
0.6754
0.5111
1.282
0.1187
0.9091
5.1412
0.2279
0.5112
0.5339
0.1264
2.9222
0.6375
1.3663
0.2326
0.0391
2.0709
0.8739
1.4016
0.8031
0.4888
0.82
0.9164
1.1625
0.7147
0.4733
1.0265
1.4813
1.9108
1.9773
0.1273
1.4664
1.6019
0.3882
1.2286
0.0261
3.5383
0.5632
1.3126
0.2845
0.0714
3.1456
1.0658
1.9699
0.0724
1.2669
0.4189
2.5587
0.1004
0.523
0.2025
0.3256
1.3111
0.6868
0.0891
0.718
3.7552
0.8781
0.8354
0.1618
0.1321
0.9276
2.1005
0.4184
0.6782
0.2582
0.3801
2.4258
3.1648
3.0194
0.157
1.7118
1.0375
1.1205
0.3278
0.072
0.457
1.3799
0.2529
3.0709
3.3452
1.2286
1.1239
0.1407
1.1899
2.6578
1.9631
0.5892
0.5546
1.576
1.218
2.4117
0.6651
0.911
2.3926
2.3361
0.0615
0.3817
0.1957
4.0816
0.7987
3.3404
0.654
0.1684
1.9299
0.2117
2.3713
0.7827
0.0383
1.4704
0.6169
1.1627
1.0379
0.2425
0.0827
1.5674
0.9444
0.0541
1.3032
0.0658
0.241
3.792
0.9049
0.8764
0.8815
1.8345
0.0975
0.8449
0.1497
3.7695
0.6555
0.0524
2.9235
0.2793
0.7203
0.5247
1.5421
0.9744
1.3114
1.6822
0.0439
0.5626
2.6631
0.3589
2.4298
0.1905
0.0986
0.3104
3.1877
0.1086
0.443
2.4324
2.1266
0.5106
1.2117
0.1408
1.8627
1.312
0.1227
1.7843
0.1963
1.0823
0.8014
2.8575
0.4675
1.2418
0.4858
2.0974
1.2768
0.0499
1.0757
0.6691
4.7086
0.2862
0.8484
1.2475
1.8456
1.515
0.8422
0.1576
3.1844
0.4302
1.4665
1.4851
2.1867
0.0753
2.5385
0.2482
1.7422
2.7925
1.6812
1.9319
0.5177
0.8317
0.2966
1.209
0.4579
0.229
0.2015
3.425
0.995
1.6098
0.5417
0.7394
0.3152
2.8834
5.1255
0.3886
0.2753
2.1434
0.0572
0.0229
2.5923
0.3271
0.4892
0.1582
0.5854
1.2459
0.9019
1.2417
0.1136
1.5756
0.7963
2.0606
2.1883
0.6338
2.7553
2.8256
0.0565
3.1258
0.2335
0.4024
1.9245
1.5906
0.1332
3.5605
0.1423
0.048
1.377
0.3058
0.2914
2.7776
0.1316
2.0624
0.2454
1.1602
3.0992
0.3689
0.1696
2.4586
0.1274
1.5199
0.9406
2.7708
0.7159
0.7576
1.1412
2.0826
0.3356
1.2451
1.1655
1.5782
0.3308
1.9438
2.3667
2.4889
1.5238
0.115
1.3936
0.4028
0.8886
0.9411
0.8569
1.8446
1.9434
0.7024
2.6576
0.1707
1.4761
2.1639
1.552
1.9399
0.0685
1.4359
0.0794
0.9767
0.5403
1.2843
1.8568
0.5133
0.4847
2.1976
0.7098
0.1331
0.3124
5.0671
0.885
0.4276
0.2724
1.8336
1.4087
0.6219
0.1969
0.6833
0.9932
0.0838
0.3299
2.0993
0.9973
2.4013
0.8543
0.1465
1.9769
2.1226
0.2641
1.6302
2.2459
1.9598
0.0581
2.7546
0.7535
0.4153
1.0323
0.566
2.1566
1.4866
2.4259
1.7935
0.4359
0.2778
0.7924
2.2709
0.143
0.919
2.131
2.1206
0.1984
1.3521
0.2877
0.8201
0.8826
1.1809
2.3852
0.2815
2.5715
0.0836
0.4182
0.7931
4.0541
0.222
1.6208
1.2354
0.8839
0.6834
0.8477
0.6254
2.392
0.5978
0.8382
0.2081
0.0448
4.4553
0.3623
0.5734
2.6037
1.2898
0.169
2.383
0.2677
2.631
0.3528
1.1121
0.6954
1.6914
2.5464
0.2603
0.1761
0.8972
2.0959
1.2193
0.1587
0.7291
0.1676
3.1619
1.0122
0.7996
1.1272
3.2246
0.31
1.5829
0.2681
0.0782
1.7968
0.8384
3.1085
0.2224
0.2089
2.5356
0.2532
0.7798
1.8579
0.8844
1.3899
0.8728
0.3453
2.7259
0.1623
2.8074
0.3175
0.0692
1.0774
0.8793
1.1618
0.5664
3.6303
0.1393
0.1506
2.8546
0.1922
0.3594
0.18
0.1322
3.1078
0.0632
0.1286
1.5181
1.5924
0.7076
0.0495
0.2292
0.5934
1.9845
1.7761
0.3014
1.748
0.7988
0.3908
4.5154
0.6233
1.4055
0.137
0.3245
1.3978
0.7946
1.2674
1.8628
0.8236
0.5776
1.3587
0.7422
0.6768
0.1003
0.0583
1.9577
0.3745
0.9368
2.1381
0.4934
1.2496
1.9205
0.4595
2.1667
0.1861
1.0726
0.4931
0.0776
3.1639
2.8258
0.3928
0.1046
2.3255
1.8734
0.8478
0.1528
0.5667
1.6804
1.3276
2.4933
5.3666
0.3407
1.1509
2.5771
0.6618
0.4104
1.0134
0.1425
5.339
0.1126
1.9191
1.2528
1.8683
0.2084
0.058
0.2938
1.6669
0.328
1.0902
0.7136
2.4647
0.6692
0.3732
0.0741
4.1029
1.4215
0.8889
0.286
0.7616
2.079
0.569
0.6429
0.2072
0.2163
2.0221
1.9251
1.7964
0.1658
2.3455
0.2212
0.8222
0.3659
0.9309
1.5608
0.8175
0.0881
2.6942
0.2299
1.2098
0.3362
1.0313
2.0615
1.783
0.0349
0.7804
0.8594
1.4517
1.0345
0.5086
0.29
0.9895
0.1154
0.6113
2.0521
2.4335
0.6787
1.9373
0.4542
0.6649
0.2085
1.4857
0.0859
2.9331
1.3931
2.4926
1.8954
0.1547
1.1961
1.6101
0.9379
4.7125
0.1651
2.0153
0.4658
0.0927
1.887
0.3497
0.2344
0.4738
3.4764
1.6248
0.1344
0.2461
1.3898
0.3978
0.0762
1.3851
3.3125
0.385
1.8183
0.6438
0.5724
0.2393
1.9996
0.7687
1.1207
0.1087
2.0459
2.8651
0.3995
0.3931
2.1176
0.3744
1.0356
1.9228
1.0765
0.8506
0.2312
4.3747
0.3518
0.3058
2.26
1.4258
2.25
1.2402
0.2869
2.0308
2.523
0.6559
1.1367
0.3412
0.0511
2.8336
2.8852
0.2608
1.3884
2.3779
0.1274
1.2169
2.0112
2.0954
0.9372
2.2951
1.8355
3.3577
0.8306
0.4119
0.1584
2.0356
1.0413
0.1998
0.2323
2.3867
0.7585
2.0444
0.1137
3.3469
0.6184
0.2329
1.0899
0.0984
2.2196
0.1667
0.4151
2.774
0.3362
1.2498
0.2302
2.2937
0.0783
0.0916
0.0579
2.3329
2.5381
0.2502
0.6826
3.8677
0.9681
3.8765
0.8212
1.4759
0.2276
0.4992
2.8704
0.6389
0.452
0.442
2.8526
0.5367
2.6321
0.1013
0.4094
0.2647
1.8545
1.2761
0.5738
1.4251
2.7027
0.062
0.5016
0.5224
0.1496
1.7496
2.0733
2.8262
0.2576
0.842
0.7131
4.4164
0.3244
0.5776
1.6845
0.5369
1.9061
1.004
1.8867
0.5082
0.3236
1.9995
0.8006
4.2096
2.0391
2.116
0.1343
0.2722
1.563
1.7904
0.1649
0.5511
0.3054
3.4317
0.8422
0.3222
0.4758
2.2287
0.6122
4.5232
0.145
0.1801
3.1958
0.5172
1.0456
0.3637
0.1783
0.7164
3.5073
1.1533
0.2667
1.0404
1.4642
2.8775
2.383
0.0662
1.0523
0.3927
3.908
0.3651
1.2585
1.1908
1.9681
1.0242
1.2441
1.8067
0.4935
0.9435
0.4252
1.1503
2.1321
1.4992
0.1794
2.916
3.8287
2.3436
0.1503
2.7349
1.2676
0.3546
0.4131
3.8298
0.845
3.3426
0.4981
0.2556
3.8253
0.1293
3.1776
0.5757
1.596
0.9041
0.1127
2.1186
1.3374
0.2158
0.2866
1.4351
1.6433
2.7466
0.4863
1.4177
2.2521
2.5913
0.5185
0.1016
3.3946
0.5228
0.7988
0.7374
4.3547
0.4418
0.5138
1.231
0.5116
0.2259
1.6883
0.1883
0.476
2.634
0.4827
0.4323
3.1836
0.4035
1.8429
0.3222
0.4311
0.148
0.5683
5.2229
0.5913
0.6509
1.7615
1.4362
0.6539
1.6432
0.2726
0.3886
0.3791
0.2908
0.6042
0.1838
0.5058
3.6223
1.0423
0.2596
0.1822
3.4428
0.9472
1.6399
2.0777
0.2224
1.0244
0.5528
2.249
0.5938
0.2637
2.4174
1.0897
0.7753
3.1938
0.126
1.2492
0.3603
0.2369
0.3009
6.8321
0.3738
0.4775
0.4484
0.7678
1.4203
2.6333
0.4874
0.4392
2.3421
0.5753
1.7885
0.0794
0.1687
2.5625
1.7867
0.0326
5.0289
0.7039
2.1104
2.2074
2.1782
0.8556
0.424
0.3514
0.413
1.9616
0.5714
0.3487
1.6572
0.1576
0.1456
0.8324
2.2964
1.7806
0.1107
1.4491
1.0772
0.2694
3.093
0.5265
1.9389
0.2003
3.4289
1.0698
2.5491
0.3639
0.7354
2.6683
1.1049
0.5514
1.5173
0.8938
0.5551
1.2056
2.9261
0.4755
0.5263
0.1572
0.7928
0.203
1.0027
5.1378
0.8888
0.9077
0.1228
2.6493
0.1163
3.0539
0.3917
0.6607
0.1502
0.7826
3.1105
0.3227
0.3834
3.036
1.6173
0.3861
3.2743
1.2952
0.4527
0.1778
2.0855
0.2986
1.0124
0.9734
1.6279
1.5622
0.4221
0.1809
3.3741
0.5254
0.5046
1.1095
0.3883
1.6078
0.0399
0.2504
0.7853
1.7779
0.9347
0.129
1.9017
0.1403
2.2716
0.803
0.2512
2.3651
0.4388
1.7581
0.916
3.5018
0.8069
5.054
0.7467
0.1248
0.1986
0.4007
2.4035
0.8244
0.1857
2.4658
0.3794
1.1176
1.7269
0.0677
0.5523
0.4608
0.3375
0.44
0.5284
4.2705
0.2844
2.1084
0.1846
0.2786
2.5898
2.2401
0.4069
0.0802
2.4229
1.3027
4.3402
0.4544
1.0376
1.1726
2.8944
0.1596
1.1543
0.062
1.8652
0.1207
2.5522
0.4262
3.2507
0.1969
0.2437
1.9985
0.372
2.7251
0.0959
2.5688
3.2071
0.2974
0.1744
1.3242
2.0875
0.1007
2.6462
2.4814
2.6761
0.0482
0.3374
0.3434
0.1106
1.6038
2.8715
0.305
0.3266
0.3168
0.2414
3.3689
0.5197
1.4973
0.4399
0.5994
3.3978
1.7724
0.2474
0.0985
1.7477
0.4899
0.1411
2.7549
1.958
0.1353
0.7863
3.1078
0.5353
0.483
0.1433
0.2289
3.4172
0.4113
1.8876
0.1528
4.5375
0.4828
1.189
2.3643
0.0951
0.2748
3.0987
2.8389
0.7817
0.7903
0.8533
1.6821
0.1598
0.6204
1.299
2.178
1.6734
0.3719
0.3801
2.8108
0.1888
1.1076
1.5799
0.3939
2.1227
0.4323
2.6487
0.2415
2.234
0.1051
0.9957
0.6856
1.6183
0.5282
1.7518
0.2815
0.7275
0.5868
0.1493
1.6474
1.4013
0.1151
1.8879
0.3719
0.0882
2.2829
1.1058
0.3108
2.04
2.951
2.8563
0.3171
2.3257
0.7258
0.0784
0.8734
4.9129
0.2217
0.8486
0.7243
0.1134
0.7221
3.825
1.6286
0.0718
0.7685
0.1276
2.0625
0.5811
3.1152
0.0743
1.6991
1.3175
0.4222
0.1593
0.367
4.0795
0.2178
0.3299
0.6854
0.5817
2.2171
1.3828
1.3499
1.7177
0.1942
1.9745
0.2109
2.8498
1.8647
0.5164
0.1912
0.9323
1.4567
2.4197
1.8682
0.0962
4.1691
0.2814
0.3957
2.7227
1.1707
2.7016
1.1357
1.2536
0.1493
1.379
1.0805
0.3317
2.9394
0.2454
0.3512
0.5842
3.9865
0.8574
1.374
0.3014
1.1781
1.4429
0.7507
1.1091
0.0818
0.3137
3.459
1.3134
0.1025
0.2294
0.8463
0.6351
1.4591
3.1722
0.6826
0.1292
0.5823
0.655
2.3798
0.9075
1.447
0.3263
0.7502
4.5586
0.347
0.2716
0.8713
0.2176
1.1444
1.5454
1.3183
1.3655
1.2806
0.4807
0.1843
1.8338
0.4039
0.1861
1.376
1.6181
0.7346
0.3011
2.7471
0.0495
0.9044
0.1922
0.1563
0.662
3.0901
0.3031
2.5225
0.3829
0.205
1.3057
0.5588
1.9879
0.0861
1.2747
1.7775
2.105
0.8353
0.2848
0.3281
3.4397
4.5461
0.5034
2.0262
0.7798
0.6707
0.1839
1.727
0.1077
1.3242
3.9031
0.2602
0.0732
1.7521
0.1429
1.0497
1.9706
0.3195
0.0596
1.2555
0.201
1.7674
2.9507
0.7965
2.4502
0.1991
1.6082
0.0936
0.9665
2.4935
0.7834
0.7329
0.3005
0.2577
2.4816
0.1516
2.9176
2.297
0.8903
0.7737
0.1455
0.2179
3.2982
0.3049
4.0715
0.4512
0.6816
4.0552
2.4695
1.892
0.2505
3.205
0.1655
2.8891
0.8907
0.288
0.6333
0.4603
1.6252
0.3372
1.6845
1.8125
2.0465
0.6209
0.0559
2.758
0.0437
0.1614
2.1022
0.6915
0.3738
2.2627
0.1996
0.2577
2.5725
0.1247
0.3827
1.3288
0.1734
3.6242
2.0615
0.2426
0.3071
0.2368
1.4037
0.2251
3.8744
0.9261
0.0463
0.0748
1.7283
1.6965
3.9902
1.1579
0.9633
0.8647
1.3901
0.106
2.4773
0.076
0.3252
2.6091
0.1586
0.4237
1.4067
2.3912
1.7538
0.1543
0.5616
0.1444
2.6147
1.6229
1.9624
0.5636
3.4886
0.0863
0.4061
1.0418
0.0612
0.0648
2.7648
0.1387
0.7036
0.3345
1.145
0.3082
2.5813
0.7246
1.3148
1.3159
0.45
0.4381
2.369
0.0591
2.4207
0.0814
1.2111
0.1791
0.8356
0.4148
3.9459
0.1378
2.1287
0.0901
0.2489
3.8303
0.952
1.0514
0.7958
0.2242
4.5822
1.9118
0.7144
2.286
0.4485
1.8278
1.5225
2.4953
0.1698
0.9148
2.1121
0.0962
0.3743
0.1705
0.5157
0.6724
0.543
2.5693
1.891
0.1485
1.6088
0.7419
0.241
1.4465
1.0728
0.7542
0.6111
0.4889
2.2759
0.1668
0.41
3.2351
0.2577
2.8969
0.3744
2.4869
1.2081
0.1773
1.4146
0.0575
0.3422
3.1136
1.8614
0.1538
0.1524
2.936
2.2594
0.0878
0.1229
1.17
1.1416
0.6533
2.1027
0.2702
1.3925
0.8997
1.7091
2.3581
2.1057
1.2743
1.3415
1.1023
0.4569
0.49
1.3609
3.0829
3.1385
0.3197
3.447
0.0727
2.1063
0.2446
2.5908
0.0807
0.1225
2.968
1.3305
0.2084
1.5511
0.5085
0.4758
0.3663
1.7775
1.6202
0.2399
0.4156
1.1873
2.1782
0.1261
0.9796
0.4956
1.3712
0.4299
0.0964
1.4647
0.5272
0.1459
4.9709
0.6246
0.0931
0.9959
0.356
3.2467
0.7281
0.4197
0.7934
0.5433
3.8446
0.3426
0.2968
0.2537
7.2123
0.9567
0.4575
0.1502
1.0484
0.3551
1.6525
0.6314
2.6289
0.1744
1.7685
3.0271
0.3032
1.6444
1.0111
0.6373
0.5012
1.5893
3.3765
1.3443
0.4667
2.2766
0.9835
1.8204
0.7746
0.4559
0.2618
1.4159
2.2534
1.6517
0.793
2.7231
0.4601
0.1065
0.0791
1.1245
0.6286
2.685
3.754
1.146
0.0622
0.2448
0.8455
0.383
1.024
1.8043
0.2455
2.9909
2.6894
0.1334
1.8767
0.9231
0.7378
3.9549
0.3296
1.3382
2.5425
1.238
0.2088
1.7773
0.2247
2.9276
0.5595
0.6464
3.5804
0.1734
2.96
0.8506
0.1877
1.5085
2.505
0.1546
0.3901
0.1487
1.9135
2.7911
1.0378
0.3278
0.3111
1.4469
0.4559
0.1021
3.1831
1.0514
0.6576
1.2831
0.7793
1.3757
0.7939
1.6858
0.1368
0.3053
0.1287
2.0584
2.0925
0.249
0.8147
1.0134
2.5526
0.0866
0.6259
1.4686
0.2413
0.6639
2.3309
0.0624
0.9863
2.1677
0.6932
0.343
3.3857
0.4438
0.5703
1.8588
1.6966
0.887
1.2919
1.0522
0.1092
0.1758
1.8475
1.9491
1.4946
0.5435
0.6268
2.7585
0.7465
2.4723
0.4232
0.1017
0.2534
3.9695
1.0759
1.2764
0.1309
2.5943
0.9211
1.392
0.5535
1.4619
0.3
0.1297
0.9183
2.4897
0.3018
3.6585
0.1635
0.1794
1.9221
0.3546
0.3233
3.8353
0.2045
1.1538
0.2342
0.4113
1.9332
1.1979
1.2552
0.1578
1.8682
0.5294
0.3509
0.2534
3.0522
1.4393
3.9946
1.8676
0.2655
0.0482
1.6952
0.0473
1.9663
0.9341
2.0871
0.064
0.3418
3.0823
0.5853
0.8012
0.0767
0.9241
0.9442
4.2505
0.3614
0.3532
1.1233
0.1413
1.7271
0.4065
1.1777
1.2966
1.5252
0.5925
0.2488
0.902
2.2716
2.86
0.6868
0.9909
3.4877
0.1412
0.5212
0.2966
1.3754
0.3503
1.4969
0.4304
0.1806
3.0541
0.3412
0.8397
1.806
0.3193
1.3222
0.2083
0.5863
0.286
2.0016
1.7508
2.7853
0.5352
0.3831
0.8262
1.1529
1.918
1.3548
0.106
2.1716
0.4009
0.4326
1.1401
1.7483
0.1418
0.4939
0.4154
2.8591
0.5125
0.3687
2.3253
2.1949
0.0954
0.08
4.6839
0.1044
0.1945
1.584
0.2213
0.0487
0.4934
2.334
0.475
0.8717
0.4727
0.109
0.184
0.0941
0.8104
3.0062
1.7965
0.5919
1.1081
2.2715
0.4181
2.7084
1.0019
0.2265
1.0545
1.6848
0.266
0.4864
2.8954
0.0755
1.5429
0.4366
1.1153
1.8504
0.0914
0.5752
2.0203
0.0838
1.2193
0.7549
0.2575
1.8657
0.2211
2.8044
2.1173
0.1957
0.1348
0.1885
0.6674
4.236
0.573
0.8485
1.3182
0.1239
1.3373
0.7216
3.2048
0.1086
0.3401
0.4011
1.6032
0.366
1.1138
1.187
0.605
0.1148
0.5265
4.3576
0.1474
0.1413
1.5337
1.0863
1.5695
3.2815
0.8942
2.2474
0.7641
0.6378
1.3713
0.3094
0.9925
0.1446
0.2831
1.6077
0.4249
0.2609
2.4256
0.1054
1.8421
0.9953
1.8864
0.2695
0.1112
1.9699
0.9289
3.0703
0.9015
0.2297
0.9651
1.1162
3.0147
0.1937
4.224
0.9237
0.2428
2.1135
0.9064
0.0674
0.1623
0.3835
1.0585
0.1213
0.2864
6.2791
0.4039
0.3907
1.9592
0.1139
3.9703
0.5541
0.2146
2.9019
0.3085
0.1828
1.0297
0.6166
0.191
0.6104
0.5036
1.3317
0.6584
2.1263
0.8406
2.1252
0.1013
2.6147
2.0427
0.7894
1.0087
1.6111
1.4386
1.0082
0.6184
1.722
0.3986
0.9592
0.21
1.7744
0.4743
1.6927
1.7447
0.4399
1.3232
3.1378
0.5705
0.1623
0.6541
1.0599
1.3589
0.5494
1.107
0.5655
0.4236
1.9792
1.8404
0.1351
3.1262
0.4814
3.09
0.9354
0.0579
1.7231
0.5866
0.5003
0.302
1.3826
0.5072
0.2351
0.3801
2.8593
0.824
0.1618
0.5447
0.3782
2.306
0.2965
0.5331
0.468
0.1881
1.8891
2.5726
1.1161
0.7718
0.577
3.4486
1.8283
1.1416
0.095
0.3405
1.289
0.1928
2.2927
0.325
0.7625
3.2716
2.034
0.1986
1.1255
0.4604
0.1545
4.5416
0.1111
1.6619
2.4543
0.5815
0.7072
1.589
0.1147
0.8152
0.2179
1.7467
1.8638
0.6814
1.3246
1.6288
0.8899
0.3022
3.6792
1.4232
2.2819
2.7232
1.0182
1.3219
1.7867
0.1117
0.6776
0.3015
1.6461
2.4015
0.917
0.698
1.6177
3.1392
1.6855
2.7531
0.4171
0.2548
1.074
0.4217
3.1674
0.1152
0.3181
1.5886
1.0522
0.7126
2.7967
0.3861
0.3233
0.132
0.4653
0.5164
3.63
0.5497
0.1283
0.8628
2.8769
1.8565
2.5611
0.4268
0.5979
0.3912
1.6226
0.3411
1.6676
0.3074
1.3429
0.57
3.2543
0.0524
0.9687
2.0425
1.011
1.9984
0.3724
1.0949
0.8124
0.3237
0.0798
0.6235
1.8968
0.107
0.8333
1.8441
0.4048
0.9944
1.5772
0.607
1.0175
1.6718
0.1746
0.9683
0.6435
0.9087
3.8687
0.5221
0.2926
0.3715
1.155
0.3802
0.5952
0.9197
0.4951
0.7848
1.229
0.7258
2.8649
2.4989
0.1975
1.7109
1.4374
2.1974
0.568
0.9152
1.1053
1.2215
1.4989
1.1359
0.1405
1.7608
0.7679
0.1394
4.5546
0.2956
0.6587
0.966
0.233
1.6079
0.4534
0.1097
0.122
2.436
0.6832
1.3084
1.8313
0.5929
3.1813
0.1869
0.2494
2.7353
0.2425
2.2833
0.1725
2.8572
1.7055
0.1054
1.5241
1.0353
0.9715
1.2388
1.3875
0.3315
0.5563
0.106
0.3671
2.5111
0.3052
0.1586
0.5164
0.8996
0.1461
1.8372
0.0626
2.6576
0.1733
1.1818
0.0748
4.1494
1.6964
0.7762
2.2759
0.9505
1.4968
3.9355
0.9444
1.723
0.1178
2.1267
1.1705
2.761
0.1673
2.2828
3.3994
0.2369
0.8422
0.1719
1.67
2.3271
1.5944
1.7259
0.8206
0.5794
1.9672
2.2463
1.2797
2.8269
0.5789
0.3518
0.3683
1.5119
2.1847
0.1075
2.3433
4.0163
0.048
0.6952
0.0671
1.5769
0.364
0.1684
0.3746
4.5113
0.7274
0.1423
0.1717
2.4528
0.2907
0.1591
0.5122
0.6938
2.2495
0.9375
1.3442
1.8744
1.4796
0.4275
0.4511
1.5466
0.2282
3.4187
0.1375
0.116
0.8549
0.4685
0.1188
0.4737
4.6381
0.818
0.1449
3.0757
0.2928
3.0718
1.4681
2.441
0.3371
0.7052
2.7413
0.7566
1.2827
0.1256
1.8624
1.2485
0.1299
0.7704
0.0746
2.122
1.163
1.6388
0.9483
0.7541
0.4069
1.9966
2.0002
0.8933
0.6297
1.5232
0.1398
1.9318
2.4588
0.0478
0.2996
0.3753
1.6007
0.6028
1.171
0.2773
1.6675
0.3795
0.8501
0.7085
1.5254
0.1077
0.0981
0.3206
1.3424
3.1542
0.3114
0.6798
1.1354
0.6486
0.0876
0.8115
0.3068
0.4159
1.4853
1.8032
0.1067
2.1583
1.0366
0.1806
3.733
0.2583
1.2133
2.3946
0.5622
2.8085
1.723
0.108
1.0971
0.11
0.0571
2.4684
2.9824
0.5321
1.2654
0.859
3.0193
0.141
0.47
1.9138
1.7378
0.1168
1.4384
0.323
2.1093
0.5991
1.8873
0.4234
0.2606
1.9238
0.1188
1.1534
1.5906
1.8219
1.0297
1.0613
0.294
0.5112
0.1493
2.5867
1.9483
0.5686
0.8193
0.6418
0.2056
3.8979
2.2321
1.7704
2.0959
1.2997
0.1799
0.2331
0.3734
2.3001
0.7394
1.0153
1.3423
0.3326
3.7287
2.0876
0.1534
1.4002
0.1744
0.879
1.2902
2.0985
0.2472
0.1086
0.7261
2.6834
0.5063
0.5981
0.9052
0.4176
2.1591
1.0759
1.0561
1.482
1.4421
1.8057
0.5962
0.3661
1.9689
0.1565
0.1759
0.3238
1.1011
3.3268
1.8551
0.4357
0.1699
2.2158
2.2167
0.7882
0.1911
1.449
0.4322
0.434
1.6968
0.8262
0.2802
1.9066
2.7252
0.1203
0.9788
0.7193
0.3598
2.8799
2.0146
0.5546
0.5048
0.1002
0.048
3.1121
1.829
0.2598
1.2587
1.7077
1.0372
0.3099
0.0694
1.3734
0.9865
0.1808
0.1885
1.4298
0.8284
0.6325
1.3586
2.6596
0.2722
1.2546
2.135
0.1806
1.1013
0.8874
0.417
4.2154
0.6672
0.5135
0.7508
1.9468
1.2822
1.0437
0.7756
1.5108
0.5614
1.2168
0.129
2.1935
0.1522
0.0435
0.08
0.2066
2.8277
0.6109
0.9274
1.7349
0.3207
0.3722
0.411
0.2755
1.6354
2.7606
1.1656
0.2816
0.5273
0.0414
3.9006
0.8833
0.5779
0.9267
0.2357
3.1881
1.6902
0.3608
0.0837
4.1959
0.5904
0.2417
0.4781
0.8035
0.0577
5.3783
0.1075
1.0787
0.0474
3.3877
1.4786
0.5781
0.1574
1.1718
1.0432
1.4852
0.1215
0.2914
0.6778
2.0509
1.225
0.9673
0.27
2.6353
0.4237
0.3972
2.5301
2.6152
0.9318
0.1491
1.2613
0.5125
1.6293
4.2295
0.1277
3.8892
2.797
2.3273
0.3047
0.6309
1.3891
1.8383
0.4168
0.5071
2.5698
1.3107
0.1525
1.4273
0.3996
2.7788
0.59
0.4904
1.084
0.7479
0.3097
2.5577
0.5102
0.2603
2.9544
2.1324
2.4437
0.8198
0.1541
1.5473
0.514
2.2693
1.9964
0.5367
0.1997
3.363
2.252
0.2079
1.1942
0.2402
3.1234
1.1539
0.1227
3.1887
0.2411
3.749
0.3649
0.305
0.1463
0.1461
2.5978
0.2825
0.1819
2.2934
1.8497
2.1225
0.2827
1.4289
3.1912
0.2917
1.1791
0.0812
3.8256
4.1814
0.6369
0.5395
1.6104
1.5981
0.1063
0.9073
0.1911
0.347
4.8697
0.3078
0.1439
0.1991
0.1664
4.3445
1.0384
0.7029
3.0346
1.3031
0.2843
1.4296
1.8256
0.1847
0.1457
0.2576
0.372
1.6122
0.2778
0.7408
3.9527
0.1469
2.0348
5.4688
0.3905
0.1196
3.1286
0.3918
2.8992
0.4335
1.3941
1.8188
0.8778
0.0919
2.4919
0.5741
0.3028
1.9581
0.0998
2.6921
0.5342
0.7989
0.5825
0.6079
1.0464
0.3984
0.1013
0.2461
3.0997
0.1345
0.1703
1.2232
1.5743
3.3603
0.4541
1.2058
0.8751
2.0906
0.4076
1.3876
0.3679
3.9793
1.1934
0.3517
1.0198
0.3176
1.8083
0.4259
0.1844
1.6542
1.4048
0.4782
0.5017
0.1364
2.1404
0.1393
1.3851
0.3907
3.4196
1.6609
1.7521
0.2578
1.9057
0.2307
2.1116
0.3351
3.673
0.1162
2.2816
2.0353
1.0226
3.2846
0.3672
0.4247
0.7635
0.1011
3.866
0.5807
0.8649
5.295
0.3189
0.132
4.7039
1.3162
0.0984
0.4937
4.3882
0.7048
0.9353
0.6722
0.5734
3.728
0.0761
1.0947
0.3138
0.3179
2.3971
0.9304
0.3816
0.7012
0.3411
2.2875
1.8961
1.7416
0.0563
0.0764
4.3029
0.2586
1.6335
0.8331
2.3099
0.6444
3.9399
1.4624
0.5524
1.7631
0.7645
0.4829
2.4888
0.4024
0.8637
2.0815
0.2761
0.6156
0.7075
1.0496
0.8442
4.72
0.8407
1.0107
0.6456
0.2288
0.8498
0.9871
1.6136
2.2156
1.0664
0.846
1.4631
0.275
1.9745
0.6391
0.2766
0.1987
1.258
1.9663
0.9115
2.3771
0.2891
0.5576
0.8254
0.0722
3.0341
0.6143
2.3323
2.7847
0.4296
0.0881
3.3873
0.7761
1.1614
1.0156
0.215
0.9529
3.8872
0.8139
1.7105
0.2791
1.1829
0.4261
0.4229
1.5961
0.3306
0.4228
1.8408
0.2044
3.4034
0.2746
3.4289
0.2916
1.6749
2.4803
0.5577
0.1426
0.9071
0.8097
0.0525
2.5809
3.0814
1.6795
1.4184
1.2384
1.7157
0.568
1.5123
0.4206
2.3152
0.6738
4.3905
1.8943
0.2125
0.8155
0.526
0.7007
0.3906
3.5683
0.1397
1.5634
0.3457
1.1081
1.6021
1.292
0.1952
3.0262
0.207
1.6468
2.9192
1.0185
0.0729
0.2908
2.756
0.0766
2.8073
0.1565
0.1757
1.1742
3.4005
0.4043
3.087
0.365
2.2819
0.0713
2.7508
0.6796
1.3658
2.3194
0.1258
3.8259
1.1411
0.926
0.2091
0.1433
2.9498
1.4996
0.1426
2.4853
1.7636
0.1323
0.8267
2.9391
0.5675
0.476
1.87
1.9776
0.3271
1.1538
0.2311
1.4487
0.278
0.3556
2.8539
0.2627
0.1805
0.4478
2.1825
0.9502
1.3811
0.3687
0.2376
2.7484
0.7076
0.0657
1.9652
0.3192
3.3738
0.3233
1.6679
0.1758
0.9137
2.1681
0.0706
0.2046
3.6321
0.1709
2.2858
1.5011
1.8084
0.1342
0.7433
2.4087
2.2251
0.3486
1.1692
1.3661
0.1201
0.8013
1.8547
0.1207
3.0766
0.7095
0.5564
0.2729
0.222
3.2585
0.3339
0.3803
0.3289
1.7039
0.0756
0.2245
1.98
2.2928
1.2682
0.2861
0.3794
3.707
0.6129
3.0087
0.1665
3.1425
2.766
0.1887
2.3501
0.0927
2.9205
0.3512
2.2085
0.3712
1.9363
0.1649
1.6431
2.0141
0.1456
3.0716
2.022
0.1779
0.3115
0.0823
0.9539
3.5962
0.8369
0.8497
0.8456
1.8535
1.6039
0.5627
2.6116
1.9514
1.9903
2.098
1.4196
0.7909
0.1641
0.887
4.0479
1.6527
0.6113
1.0196
0.5839
0.0783
2.6061
0.262
1.933
0.9614
1.0801
0.8401
0.3331
0.109
0.638
0.3171
1.1697
0.8686
1.6405
0.4268
1.3659
1.9801
1.388
2.6663
0.9469
1.5044
0.6448
0.6536
1.8973
2.549
2.5409
0.6582
0.4437
0.1982
1.8176
0.8156
1.4062
0.2554
2.0084
1.1153
2.9188
0.036
1.3899
2.1438
0.1102
1.1606
1.0848
1.9672
0.4997
0.5167
1.3393
0.0545
3.6538
0.0726
2.2845
1.153
0.2337
0.1994
2.6634
0.1704
1.8824
0.7805
2.7709
0.2526
2.9941
1.4548
0.0653
0.9088
1.2144
0.9845
0.873
1.7352
0.1665
0.0987
2.9511
1.1991
0.6194
0.3857
1.2468
1.2861
0.5508
0.8362
0.3669
0.2806
0.6799
2.3389
0.5371
0.7489
0.979
0.1106
0.3385
4.7325
1.0397
0.1362
0.612
0.0649
0.3661
3.032
0.349
2.82
1.318
0.391
3.452
1.1569
0.7573
1.9448
2.908
1.54
0.4642
0.626
0.5803
0.2789
1.0807
0.5152
3.4311
0.7007
0.6335
1.4301
0.5426
0.3238
2.1074
1.5978
0.9916
1.441
0.6947
0.2491
2.2565
0.4428
0.8694
0.8027
3.5289
0.2448
0.0855
0.0877
2.9024
2.8648
0.3534
0.0735
3.9146
0.1451
0.6248
2.8095
2.2738
1.1729
1.2541
0.7817
0.3465
0.9042
1.7456
1.0938
1.8365
4.2046
0.2699
1.4236
1.2449
1.8438
0.3666
2.3546
3.5564
1.4326
1.9423
2.9323
0.665
0.1001
2.4587
0.5469
0.5423
2.5449
0.1931
4.3828
0.0762
0.4044
4.958
1.1516
0.0699
0.3345
1.3993
0.5808
0.1524
0.7634
0.2692
0.5459
0.4297
0.2173
2.0551
1.3058
1.9239
0.3562
1.3274
0.2591
1.6059
0.3235
0.8367
1.662
0.904
0.153
0.8614
0.9884
1.2245
0.0959
2.4969
1.5697
0.2288
1.2451
0.3918
1.1967
0.8962
0.6091
0.2814
3.6213
1.3912
0.2282
0.0965
1.8522
0.2944
1.7419
0.2019
1.0907
4.2503
2.2524
0.7129
0.1317
2.3618
1.2612
0.6002
0.1401
0.8306
0.1643
0.2702
1.4006
3.2904
0.3301
3.2963
1.094
0.4139
0.4995
0.2081
3.2425
0.4683
0.9578
3.1316
0.1365
0.0501
1.0902
0.8273
0.118
4.6161
2.2289
1.2421
0.5821
0.2747
5.2996
0.7135
1.3497
0.9021
0.7927
1.7078
0.9481
0.6371
1.8379
2.3537
0.1192
0.3617
0.1112
3.2529
0.1112
0.121
0.1931
1.6256
0.4712
0.8508
1.6847
2.8035
1.0632
1.1185
1.2334
0.9561
1.2484
1.5285
0.515
1.4725
0.1889
2.7305
3.9068
0.8466
1.5077
0.4683
2.5444
0.8594
0.0976
0.3275
0.9517
3.753
1.8325
0.1929
2.7505
0.5503
2.1216
0.6036
2.1059
0.8961
0.0466
0.5128
1.2713
1.2664
1.4003
1.1387
1.6247
1.2755
0.2284
5.0537
1.6696
0.4394
2.591
0.3312
3.3171
0.0711
0.6007
0.2069
4.2004
1.4407
0.8162
0.4008
1.5023
0.7223
0.1355
1.4556
1.0237
0.8219
1.6155
0.7882
0.0794
0.5233
1.6899
0.4241
1.0425
0.2387
1.7514
2.0164
0.8694
1.9952
2.7032
1.778
0.0857
1.2921
0.1534
0.7199
2.8337
0.109
0.2749
0.079
2.3535
0.603
1.5226
1.1122
2.3819
1.6271
0.0529
1.6985
2.4165
0.5011
0.2394
4.2287
0.4032
3.7377
0.2292
0.8356
0.224
1.746
3.4493
1.0042
0.1395
0.9865
2.3882
0.3716
0.5903
3.3671
2.6004
0.7169
0.607
1.5626
0.1389
2.3353
0.4997
0.5599
2.3094
0.5386
0.5264
1.9139
0.6814
3.0316
1.2647
0.1046
0.0559
0.5632
1.8603
1.0282
0.201
0.9144
2.2918
0.0605
1.1556
0.1211
3.4837
0.368
2.8165
0.072
0.0611
3.9512
0.9655
0.6022
1.2438
1.1219
0.6096
1.4489
0.6884
3.1054
0.1601
0.3294
2.0431
2.1081
0.419
3.5373
1.6223
0.1771
0.1507
0.1417
4.0895
0.2437
0.8188
0.1915
1.4303
1.3625
2.3913
2.7265
2.3942
0.149
0.2168
0.1668
0.6595
1.8335
0.716
1.9438
0.5228
1.9823
0.347
0.718
1.8702
2.3995
0.7391
0.5272
1.5296
0.318
5.9264
0.2753
0.791
0.5844
2.0291
0.444
1.325
0.4798
0.9277
2.2272
1.0518
0.5855
0.5829
0.1467
3.2255
2.3267
1.0059
1.0089
0.1105
0.3694
0.3835
3.9666
0.7187
2.6075
2.3388
0.121
3.8911
0.7394
0.7608
2.0407
0.3421
0.0477
0.3752
2.3485
0.3984
1.702
0.5848
0.1023
2.2624
2.78
0.083
2.4297
0.1551
1.7105
2.4278
0.1369
0.7212
2.2231
1.6675
0.5819
0.6722
0.4815
0.4436
1.0461
1.0468
0.2379
2.0278
1.7238
1.3319
0.1818
0.2533
0.9961
2.6187
0.2557
1.8163
1.5523
0.1864
0.349
0.1634
1.6568
2.6666
0.8427
0.0738
1.6426
3.4645
1.7728
0.6783
0.1438
0.3818
1.3205
1.7215
2.1663
0.116
0.1807
0.1819
1.7642
1.2259
0.096
2.2318
2.0984
4.2007
0.8056
0.2423
0.8013
3.075
1.1075
1.1139
0.121
4.0931
0.4093
0.5599
1.9365
1.1061
0.6382
0.1453
3.8133
0.7176
0.4392
3.5266
0.4097
1.109
0.4931
0.5392
0.3592
2.4571
0.3927
1.1352
2.3862
0.0533
2.1424
0.7763
0.3381
0.0972
1.5096
0.4832
1.1864
0.2379
2.8174
0.1903
0.823
0.5208
4.3411
0.2902
0.5813
1.4308
0.8532
0.1432
1.4402
1.145
0.6009
0.3569
0.2791
1.6123
1.073
0.4898
3.4043
0.5954
1.3179
1.8572
1.6023
0.144
1.4719
1.5276
1.9177
2.4015
1.0681
0.3033
0.1783
2.8997
0.1435
1.0568
1.5195
1.2603
1.1231
3.8344
0.099
3.615
0.2111
0.2895
0.7577
0.1844
0.8124
0.2964
1.4116
0.8145
2.4738
0.5599
2.596
0.2975
2.2845
1.3351
0.3337
1.6237
2.0517
0.1085
0.2922
1.3543
3.3565
2.8187
0.083
1.6693
1.175
0.4532
0.7792
0.0831
0.1718
0.9934
0.1743
1.3162
0.1409
1.9945
0.2577
1.4777
0.712
1.999
0.6261
0.2232
2.5247
0.6563
1.1725
0.2553
1.9301
4.1792
0.2222
3.961
0.2958
2.0318
0.2172
0.3779
4.4916
1.7591
0.244
0.0795
0.5624
4.0605
0.0904
0.6425
0.8026
0.7182
3.7248
0.1783
1.339
1.2551
0.1723
2.246
2.2155
4.8756
1.7905
1.5104
0.3847
2.002
0.0768
1.38
0.4932
0.5904
0.1317
0.1852
1.7687
0.1948
1.8448
0.2885
0.3046
0.4534
2.2898
0.7557
0.4237
0.613
2.942
0.2491
0.1055
2.5035
0.0951
2.247
0.4127
0.5306
0.3053
2.0692
0.2318
2.1406
0.8641
0.2571
2.1943
1.4588
0.1314
1.6493
4.5525
1.2827
1.5034
0.3122
0.0929
0.3145
3.4095
0.3198
0.2895
1.4434
2.682
0.5543
3.8797
2.96
0.2258
0.6588
1.1407
2.2794
1.5393
1.2122
0.9144
0.8593
1.1772
0.6152
0.9021
0.1266
1.0843
0.1733
3.6157
0.7258
0.4665
1.3521
1.98
1.5251
0.5316
0.1817
0.1706
1.8729
0.9164
0.422
1.2836
0.1377
0.7513
2.14
0.0795
2.7519
1.0052
0.7016
0.4847
1.4801
1.1952
0.2522
0.572
3.4796
0.1913
0.8444
1.2716
1.1384
0.1568
5.0892
0.8114
0.3212
1.8802
0.0957
1.0081
0.4619
1.0049
0.991
0.8212
1.4396
0.1023
2.1652
1.6673
0.1467
0.1153
1.3512
0.3266
0.2982
0.3201
0.7877
0.1955
2.9547
0.9236
1.1157
0.1928
2.7159
1.1737
0.4451
0.5169
0.736
0.9194
0.5164
2.404
0.9096
1.3402
0.2207
1.8309
0.5853
1.5582
0.0748
0.3937
0.123
3.2221
0.5572
0.2693
0.9107
1.9265
0.6273
0.2155
0.5727
0.7159
1.3432
0.1951
0.2941
2.7307
1.0773
0.407
1.2005
0.4318
0.0828
3.2688
0.4105
1.0939
1.314
0.4681
1.766
0.1485
1.5938
0.37
3.5088
0.6897
1.0144
0.2342
0.8969
0.1706
3.2548
0.0414
0.2265
1.3188
1.0743
0.3808
0.764
0.5082
1.708
3.1737
0.2683
0.9091
0.7829
0.9788
0.4738
2.2217
1.9758
0.3833
1.2094
0.6882
2.9206
1.4985
0.6312
0.9887
0.2618
0.6828
2.2895
0.3103
1.4281
0.4089
1.083
0.4752
0.5882
0.4168
1.9914
0.3131
2.0325
3.2866
0.5753
0.1907
1.1956
0.4556
1.7497
0.7924
0.6305
1.3925
0.9321
0.2922
0.5263
0.5386
0.3614
2.8772
0.9218
0.1471
0.3285
2.1316
0.2946
0.1642
0.1206
0.7564
3.1637
0.466
3.0583
0.3001
2.3554
0.3606
1.0393
0.5391
1.8681
1.8145
2.762
0.5131
0.3688
3.0649
0.1361
1.8914
1.2799
0.241
0.1235
4.3496
0.2733
0.6926
2.956
0.0603
1.4321
1.4002
0.1365
0.139
0.4421
2.988
0.4319
0.9644
3.7344
0.3525
0.3276
0.5841
2.345
0.7435
0.875
0.4818
0.6511
1.0305
1.6332
1.3935
1.7523
0.165
2.3347
0.4495
1.2855
1.3843
3.7947
1.7388
0.4594
0.3305
0.3032
0.4765
1.0348
1.7434
0.5732
0.3375
2.6219
1.2616
0.9114
1.0686
1.1661
0.6667
1.2152
0.1061
0.2616
0.6431
0.2675
2.8331
1.322
0.1735
0.8035
0.3665
0.8212
1.8029
2.5276
0.1662
1.2032
0.4174
2.1399
0.9186
0.1234
2.2734
2.095
0.1243
0.0952
3.3042
0.1046
0.9171
3.2022
1.4552
0.3262
3.5587
1.4451
1.3298
0.7108
0.3201
2.1935
0.2724
0.3671
1.705
0.5899
0.9217
0.2073
4.5047
2.111
0.1284
0.4268
0.1953
1.6236
0.4937
1.6713
0.8964
0.4228
2.7302
0.0897
0.1722
3.5551
0.5099
0.1877
0.6295
1.3907
1.7784
1.2304
0.6547
0.9639
1.2766
0.2053
2.5238
0.1944
2.4465
0.654
0.3163
1.3618
0.2854
1.1974
0.1633
1.0109
0.7474
2.7063
0.1827
1.4062
0.5334
3.8665
2.1392
0.542
1.2223
1.9497
0.7611
1.1859
3.2425
1.4286
0.6287
0.2426
3.6158
0.2391
1.3816
1.865
0.9572
0.0895
2.1953
0.3955
0.2328
0.0951
0.9905
0.1632
0.9934
1.6449
0.8777
0.447
0.872
2.6342
0.2729
1.1512
3.1401
1.4751
0.5326
0.2022
1.4853
0.4365
0.9155
2.9264
1.3044
1.2712
2.6691
0.2837
2.159
0.2097
0.3659
2.3483
2.0401
0.2644
0.1538
0.3857
0.4219
2.478
0.5023
0.3958
0.7479
0.1585
2.4223
0.3107
1.9305
1.4927
0.3676
0.3743
0.3803
1.4983
2.0913
0.275
0.8754
1.4324
0.7754
0.1673
2.971
0.134
0.4766
0.9798
1.0889
0.4095
1.2119
1.3268
3.6702
1.1468
0.4084
0.156
2.5622
0.0632
1.9597
0.475
1.1138
2.284
1.847
0.3723
2.7886
3.3473
3.1405
1.6727
2.19
0.6525
2.2567
2.0258
2.4692
0.1996
0.1581
0.0468
1.8267
1.072
2.5347
1.0094
0.1376
0.8558
3.0754
0.0837
0.6158
0.4765
2.1801
0.0444
1.7251
0.1199
2.1691
0.288
3.4282
0.2087
1.1497
2.3938
3.8632
0.3858
0.5338
1.9466
0.1434
0.4342
0.1456
2.0399
0.4723
0.3449
1.4813
1.808
0.3941
2.2418
2.1186
2.4811
0.1522
2.6527
1.5307
0.1196
1.2081
1.633
0.9028
0.358
0.1269
0.6151
1.3743
0.1174
0.1898
0.1973
2.5584
0.5015
2.9339
0.0762
0.0766
3.5381
1.4829
0.1257
1.275
1.1426
1.3129
4.2962
0.0811
0.82
0.1559
3.6628
1.9232
0.7783
0.4158
0.1206
0.7382
2.8992
1.5434
0.0997
0.3112
1.4162
1.2461
0.4693
1.9252
0.1918
0.6222
2.8368
1.0068
1.1206
1.5862
3.1229
2.3235
0.0768
1.9682
0.155
0.5367
2.0862
1.0674
0.7615
0.669
0.8499
1.4283
0.3024
1.9674
2.9189
0.4404
0.8638
0.0651
2.4226
0.851
0.7608
0.1222
1.081
2.868
0.6236
0.7767
0.1651
0.6821
0.7532
0.5419
0.202
2.6811
0.0448
0.6929
1.7364
0.962
0.8529
0.6498
0.3539
0.3975
3.361
0.1077
1.3467
0.1519
1.5717
1.8774
0.6444
0.7246
0.3172
3.0674
3.9402
0.2701
0.5577
0.3421
0.3236
2.2223
2.473
1.1478
0.2056
0.1889
2.9864
0.2008
1.4372
0.3866
0.4205
0.6173
1.1225
2.3496
0.1914
1.9067
0.304
1.1254
0.3655
0.1787
3.917
1.2108
0.1241
2.1579
0.5108
0.0855
0.6012
1.7285
0.235
1.8594
0.66
0.1818
3.4821
1.6133
0.8288
1.6958
1.6605
0.96
1.5053
0.1073
2.5241
0.0675
0.5224
0.8421
3.0537
0.5767
0.8395
1.3607
5.6552
0.2314
0.1281
3.7681
2.775
1.1342
0.1971
0.6666
0.6404
0.271
1.4773
0.4212
0.3066
2.416
0.3713
2.1674
0.23
1.2663
3.561
0.5057
0.1474
1.6329
4.0079
2.6393
0.7581
0.8009
2.7804
1.261
0.4261
3.0486
0.4547
1.1609
0.4813
3.4954
2.7426
0.1686
0.2394
4.5636
1.1288
0.3096
1.1146
2.5458
0.1914
0.1198
0.8529
1.4071
4.4859
1.4937
1.2142
0.032
0.8782
1.4432
0.195
3.9602
0.2511
1.8684
0.1258
1.3305
0.8386
1.0384
1.5765
3.5251
0.1395
0.0327
2.6195
1.373
2.0003
0.3028
0.6841
0.1951
2.4763
1.117
0.1074
0.1229
1.7714
0.0548
2.4844
0.3644
0.6663
0.4968
2.0928
0.1369
2.0047
1.7338
0.3273
1.5572
3.149
0.1624
0.3228
3.216
1.4777
2.2589
0.9567
0.4274
2.1941
0.8787
0.8015
3.4572
0.2761
1.4776
0.5637
0.6884
0.206
2.6009
0.0693
1.2767
0.9879
0.702
0.8774
3.688
1.3625
0.3785
3.3022
0.2185
0.6907
0.0853
0.7393
1.8274
1.0683
0.6168
0.6791
0.3852
0.0712
1.2579
0.165
0.8332
0.158
1.9237
2.5874
0.6594
0.4948
1.4475
0.2606
0.2424
0.6248
2.0995
0.2876
0.587
1.5015
1.8584
1.6592
0.1302
1.0887
0.8186
3.0385
1.3457
0.9628
1.6967
1.947
0.1895
0.6222
0.1703
1.8807
3.7101
0.2912
0.2475
2.0808
2.6404
0.0921
0.9296
1.469
1.2738
0.2347
1.2492
0.1051
1.7915
0.1198
0.8443
0.1013
1.6136
1.3528
1.594
0.235
2.1958
0.3547
0.8405
1.7517
0.9999
0.0763
1.4955
0.5991
1.5305
0.932
1.9704
0.7363
0.6739
0.0899
0.1328
4.3354
0.1433
0.2802
1.8705
0.737
1.4624
0.5756
0.1441
0.4322
3.0218
0.454
0.4134
2.4661
2.5808
0.9202
1.9294
0.1921
1.4981
1.1227
0.0549
0.1828
2.9305
0.1498
0.7243
2.7192
0.852
2.2765
0.7882
0.4357
0.7285
1.7032
1.374
2.2231
0.7045
3.4768
0.2169
0.4211
1.3107
1.6923
1.3172
0.3816
2.4826
0.1529
4.2272
0.3198
0.2907
0.4533
3.6872
1.0178
0.3014
0.2687
0.0989
1.7311
0.9258
1.3831
0.5561
0.126
1.2903
1.714
3.8309
0.1159
0.8998
3.0779
0.9856
0.2069
0.1343
1.8286
0.155
0.1322
4.0626
1.8269
4.1959
0.7884
0.8997
1.1774
0.5528
2.6808
1.2036
0.7782
2.4265
0.1539
0.5608
0.9883
0.0669
2.017
1.4611
0.1849
0.5932
0.0967
3.725
2.1505
2.4287
1.6232
0.2485
0.3274
0.384
1.056
1.7551
3.1688
0.3689
3.3732
0.0774
3.4349
1.9837
0.3092
0.6845
3.3579
0.7482
0.1769
1.4743
1.3957
1.6161
0.4581
1.7573
0.1391
0.7959
0.8401
2.5358
0.2086
2.3554
0.2086
0.1391
1.3092
2.7831
2.2868
1.1009
0.1405
3.6937
0.9448
0.4896
0.2337
2.3777
0.2039
4.132
0.1972
0.5126
0.4636
0.5862
3.2073
0.9169
1.5278
0.5529
1.1571
0.2921
2.5414
2.1944
0.2088
1.9788
0.2789
0.4508
2.5925
2.3814
1.4034
1.1178
2.4713
0.272
0.1462
0.7762
0.1162
4.0385
0.0614
0.2187
1.2728
2.9409
0.7319
2.0168
1.6028
0.481
4.2618
0.2177
0.1706
0.1352
2.9287
0.1898
2.4794
0.4005
2.824
0.6724
0.1169
1.4379
0.326
1.5531
3.0547
0.1643
0.4504
2.5082
0.1857
0.6292
2.1791
2.3104
2.7648
0.5015
0.1853
1.5214
0.3389
0.086
1.5906
0.4985
1.331
2.1776
0.3803
2.5514
0.3431
0.5544
1.2122
0.2175
2.6451
1.2485
1.8258
0.6726
2.4834
0.3475
1.0761
1.941
0.6437
0.6559
0.3372
1.8851
0.1204
3.3924
1.537
1.0947
0.1662
0.1849
1.8464
0.2774
4.472
0.1317
0.9695
0.7331
0.2403
0.4144
2.5709
1.9354
1.0812
0.0565
2.1324
0.8279
2.3652
0.5159
0.5736
0.1883
0.9827
0.9463
0.1341
0.5783
0.1864
3.4501
0.2903
2.5707
0.8143
0.8385
3.0245
2.1022
0.8156
0.4705
0.0437
2.9455
1.336
1.334
1.4451
0.921
1.109
0.2394
3.6768
1.323
2.0564
2.9653
1.1662
0.2677
2.4862
0.0479
0.1551
6.0069
0.4215
0.1292
2.6039
0.1602
0.0973
3.6055
0.5728
0.9872
0.5992
0.1882
2.3416
0.0437
0.155
3.4241
0.3472
0.3153
0.5322
3.0256
0.9532
0.2582
0.1976
1.5876
0.9663
0.485
0.0903
1.082
0.2533
0.5075
0.3361
0.0776
2.0281
0.093
0.3281
3.635
1.2664
0.3388
0.3875
1.6929
2.7648
0.7421
2.3628
1.4152
1.5308
2.7232
0.1499
2.2445
2.5472
1.0579
0.45
0.2675
1.4815
1.986
0.2633
3.769
0.0681
0.9129
0.0867
2.238
0.322
2.9198
0.2529
1.1264
1.0498
1.1147
1.2803
0.3404
1.2193
2.0187
1.5338
0.6304
0.402
2.7083
0.1231
2.4395
0.2627
0.4434
0.7525
0.9014
2.9845
1.8258
2.6507
1.8341
0.7052
0.2886
0.5812
0.5803
0.3481
1.3559
0.1567
0.076
4.2508
0.1889
3.1121
0.1414
0.3668
0.3767
4.235
0.0816
0.4197
0.3311
1.0325
0.2058
0.5413
2.9098
0.1463
1.1684
0.6788
1.0003
0.1114
0.32
3.8901
0.1744
3.3037
0.7664
1.3014
0.3302
0.0513
2.026
1.2315
1.3574
3.3241
0.8844
0.1493
1.7227
0.6933
0.2776
0.0528
0.154
3.2381
2.5644
0.5116
1.9966
0.124
0.9188
0.595
2.0929
1.0039
0.6371
0.4357
0.367
0.3456
4.3204
0.5318
1.8487
0.1479
1.4769
1.265
0.119
0.2419
1.8085
0.4882
0.2909
0.7333
2.8461
0.3938
3.2329
2.4117
0.7579
1.2841
2.1147
0.1584
0.4762
1.4158
0.393
2.173
0.1828
1.3099
1.4712
0.5982
0.7055
2.7105
0.6343
0.3252
0.13
3.7612
0.2554
0.17
1.2853
0.2517
3.0435
0.6564
0.1049
0.9871
0.1968
0.2985
6.0377
0.0687
2.6826
0.3263
0.9417
2.1066
0.4237
1.4211
1.2521
0.0582
3.2737
0.2931
1.013
2.6266
0.0956
0.2786
1.4872
0.2275
1.8362
0.7655
0.3566
0.0768
1.2038
3.323
0.5168
0.5229
3.2182
0.5347
0.6817
0.0871
0.4666
1.1153
0.3384
2.7506
0.1056
1.6247
4.3601
1.0188
0.308
3.4364
1.8644
0.3494
0.3406
2.7427
0.0404
1.6474
0.28
0.4705
0.8783
0.9817
0.2737
1.3842
0.4406
0.9234
1.5229
1.5923
0.8981
0.4801
1.4432
2.244
0.6939
1.9596
0.0865
0.2884
2.5588
1.9515
0.6252
0.6209
2.563
0.3836
0.5105
1.0888
0.0907
2.3141
0.0944
5.9962
2.136
2.6463
0.2096
1.7863
3.5539
0.5234
0.5877
2.9069
1.4016
0.0573
0.2923
1.8656
0.781
3.8497
0.7086
1.2718
0.5917
0.9323
0.1281
2.2899
0.176
1.3502
0.9359
0.5171
0.8557
0.323
2.8007
3.2654
0.3609
2.9851
0.2014
1.1194
0.2527
0.5726
3.2351
0.3363
2.464
2.6853
0.1591
0.5002
2.2306
0.6966
0.0449
0.5165
0.7626
3.4973
0.7619
0.8625
1.3431
1.0357
2.3048
0.1367
0.4761
0.6384
0.9863
0.3093
2.9275
2.2305
0.1754
1.6324
0.6272
0.4874
1.2916
3.7271
0.5713
0.2455
0.2645
0.6505
0.7303
0.2202
0.0622
0.1751
4.2838
0.126
1.2154
1.0184
3.2548
0.2559
2.1252
1.1315
1.4175
0.5645
3.5056
1.6131
0.7762
0.1479
0.8216
2.4254
0.0469
0.7763
0.1335
5.0359
0.9784
0.2128
2.0628
0.5218
0.0968
2.1794
0.6806
1.4527
0.1111
0.2623
0.5067
1.485
1.7728
0.451
2.638
0.9148
0.0872
0.0889
1.5044
0.5359
0.0941
1.6589
1.0085
0.2601
3.2319
4.0354
1.293
2.9562
0.151
0.3837
0.1885
0.304
0.949
4.2167
3.116
1.1388
0.3811
1.3186
0.2039
3.45
0.1766
1.0926
0.085
4.3594
0.2545
1.5875
0.3467
0.5333
0.0829
1.1277
1.4445
0.1661
1.7431
4.4856
0.371
0.0519
0.5
1.0808
1.8276
0.2607
1.0655
2.2264
0.0967
0.8577
1.1798
2.7131
0.1238
0.3053
0.7275
1.6382
0.1522
1.9403
0.1156
2.1998
2.4492
3.0486
0.0772
1.0236
1.3174
0.6519
0.5737
1.6228
1.4179
0.5991
1.2293
0.1633
1.3707
0.2129
1.2056
0.8145
1.6677
2.2578
0.1249
2.3285
3.4209
0.3191
1.3005
0.1361
4.4374
1.6767
1.3905
1.3442
1.6763
1.5046
0.2157
0.2987
0.4833
1.5716
0.468
0.5109
0.0968
1.9552
1.0811
2.9034
0.5483
1.2038
0.0609
0.3356
0.3759
4.3259
0.6123
1.5257
0.1584
1.3055
0.7577
0.4909
0.3771
1.6371
0.3819
0.8494
1.6043
1.1666
0.8489
2.607
0.5353
0.1488
0.1223
1.4188
0.3106
3.1192
0.8279
1.5967
0.0987
1.4704
1.6939
0.3881
1.393
0.6593
1.9117
1.2126
0.4936
0.9054
0.1483
2.9568
0.6647
1.1935
0.5529
0.5781
2.4219
0.6342
1.8282
0.5211
0.5339
0.351
1.7874
0.8677
0.124
0.1309
4.4063
0.7113
0.821
1.2925
0.6486
0.419
0.5441
1.0925
1.7478
1.425
0.175
0.3688
0.2036
0.4574
3.0725
1.213
0.3115
0.125
0.5104
1.5528
0.1804
0.2058
1.2006
1.1186
2.6979
2.3154
0.3384
0.1278
2.0271
0.8866
0.4521
1.8447
2.9104
0.2755
0.1701
1.5297
1.9333
2.2938
1.7454
1.1484
1.9047
0.7827
0.035
0.4701
0.1878
0.1535
2.3469
0.1055
0.0544
0.7082
0.0798
2.2464
3.7718
0.3349
0.5178
0.6398
2.4325
1.9422
1.3347
0.6449
3.1161
0.3862
0.8898
0.6634
3.165
0.2876
1.8862
1.5033
0.4626
3.8033
1.8384
0.4952
0.5489
0.6706
3.4763
0.0686
0.1389
0.7173
3.1708
1.0918
0.9617
0.4801
2.9933
0.9138
0.6395
0.2981
2.2478
0.7497
3.0576
0.0411
1.0494
0.725
0.0705
0.2932
0.3092
4.0251
0.2708
2.3951
0.3541
0.2642
4.0812
2.8636
0.4057
0.325
0.8108
0.1356
4.6143
1.3281
1.6617
0.6122
2.2944
1.0841
0.6041
0.4304
3.5813
4.14
2.1302
2.1725
1.2545
1.4935
0.0999
0.4884
0.704
0.2052
0.6473
2.5532
1.1445
0.115
2.8719
0.0527
0.8093
0.4914
0.1214
1.5096
1.674
0.5201
3.1331
0.3483
0.406
1.3355
0.1568
3.7076
0.185
0.3284
0.5586
0.2014
0.4859
2.347
0.2582
1.5408
2.054
0.5386
0.1892
0.2608
2.2592
1.7272
0.6231
0.6605
3.3783
0.5082
0.736
1.7396
0.8283
0.2109
0.7663
2.6037
0.5262
0.8933
0.2185
0.2506
1.5223
0.9878
1.3071
0.4917
0.4786
0.3594
0.819
2.613
0.297
0.256
0.3041
1.4489
2.2168
0.7099
1.3496
0.9731
0.3208
1.649
1.2265
0.7654
0.39
0.1866
0.2555
2.9196
0.977
1.0443
0.0767
0.1427
0.1078
0.5607
1.5982
1.4365
0.0827
1.4898
1.699
0.7642
2.0743
0.0462
1.9414
0.8315
1.0568
0.4273
0.2757
1.6094
0.1312
0.2211
2.6412
3.3917
0.2049
2.361
0.0777
0.2207
3.4272
0.209
1.4285
1.4628
1.1955
1.0765
2.2345
0.9473
0.9138
0.1489
2.0631
0.2578
0.9642
0.9819
1.9386
0.5423
2.259
0.1193
0.3068
0.3869
2.2127
0.4559
0.1543
0.8737
0.9761
0.3088
1.3556
0.4363
1.1556
1.0731
0.4933
0.1743
0.5981
4.9127
0.1747
1.7642
0.3166
2.815
0.6644
1.1474
0.1677
1.2261
1.3333
0.2778
0.4349
4.2844
0.2452
1.0264
1.6445
3.0292
0.1638
0.4598
1.2582
3.9109
0.251
1.3485
1.3684
0.3885
2.2133
1.0559
0.2007
0.5189
0.2338
2.881
3.0243
0.9736
0.2821
0.571
1.8332
0.0955
1.1976
1.4713
0.1709
2.1515
0.7986
1.7192
0.1127
4.7
0.7696
2.2121
0.2299
0.6584
0.6505
0.9414
2.0627
1.3255
2.9163
0.2498
0.1431
2.6637
1.9374
0.6051
0.2979
0.2609
1.8055
0.2488
2.2902
0.1656
0.7105
0.6376
0.1956
3.7781
0.2225
1.0895
0.1452
3.3726
0.0758
2.2053
0.7104
0.1187
3.2443
0.2775
0.3095
1.4469
1.1617
0.1651
4.9207
0.8796
0.0482
0.7113
1.3805
0.3344
1.4905
0.3007
0.2052
1.6741
0.104
2.0033
0.7046
0.0789
2.3574
0.1266
0.85
2.868
0.134
0.8173
0.3602
1.9864
1.3752
2.1924
1.9346
0.9926
0.4138
0.3122
3.7175
1.3139
0.3488
1.2115
1.0486
0.3989
2.3181
2.0973
0.292
0.9793
0.9591
0.2338
0.8591
0.7357
0.3919
5.6781
2.913
0.7257
1.0163
2.4356
1.6178
0.0736
4.6642
0.17
1.657
0.1079
4.0593
1.0421
0.8705
2.903
1.0359
1.4098
1.9652
1.3574
0.733
0.3302
0.4224
1.2859
4.2362
0.4519
0.0728
1.9079
1.3313
1.093
0.5083
2.1914
0.4075
2.7276
1.7907
0.3441
0.2101
2.7639
0.4597
0.0959
2.7022
1.1491
0.1376
2.1639
1.2903
0.1276
0.1522
2.8431
2.0717
1.8905
1.3542
0.346
0.9106
1.9274
2.3466
0.9921
0.3308
3.7396
0.2518
0.0725
0.4982
0.717
0.146
2.9909
0.8866
2.0606
0.2575
1.4813
1.7948
1.7272
2.1984
0.4901
0.8319
0.2589
1.3206
2.081
0.1238
1.9872
0.3933
0.0903
4.9646
2.3431
2.0483
0.2733
0.092
4.0725
0.1223
0.3445
0.9801
1.0323
1.4521
4.6572
0.0896
0.1055
0.151
3.1524
0.4059
3.4512
1.0985
0.2683
0.4265
3.1279
0.2675
3.1988
0.4691
3.1331
0.2212
2.218
0.4416
1.1764
0.7803
3.2693
0.4231
0.4165
0.163
0.0727
4.4211
0.5399
1.1622
0.6431
0.5017
0.7049
0.0673
1.9186
0.9213
0.2662
2.7963
1.2703
0.0654
0.5691
0.6284
3.0773
0.3988
3.5632
1.1629
1.1809
0.1085
1.8604
0.1835
2.409
3.394
0.6056
0.6377
0.1456
0.0867
0.6938
2.0233
1.0925
0.4494
1.0715
0.4987
1.0979
1.4467
0.4418
0.219
4.4974
0.8358
0.1327
4.507
0.1786
2.315
0.969
1.8707
0.5286
0.681
1.5487
0.5295
0.1897
0.2644
2.7609
0.4828
2.8161
0.2436
0.6187
2.6764
0.2489
0.9962
2.9252
2.5016
1.9318
0.9193
2.7892
0.3195
0.1433
0.387
0.2571
2.8605
0.8082
0.3066
0.111
1.1218
1.4179
1.3142
0.5475
0.5732
2.6932
0.2155
0.9587
1.8506
1.5633
0.8836
3.1936
0.3745
0.3763
1.0475
1.8862
0.1348
1.5092
1.5576
0.8173
1.6208
1.3388
0.5063
0.3671
0.5666
0.6179
0.7022
2.5585
2.2079
1.7077
1.0624
1.6531
0.1084
2.0792
0.0891
1.2236
2.5115
0.7508
2.2596
0.1338
0.2779
0.3242
1.6456
2.5192
0.2969
2.3218
0.2882
0.5272
3.3164
0.2568
0.1612
0.4965
1.0172
1.9113
0.4075
2.6093
0.4537
0.8596
0.0947
0.4962
6.0616
0.0411
0.6493
2.3179
0.1203
2.3242
0.1347
1.1374
0.1594
0.1112
1.498
1.0963
3.253
1.2265
0.1291
0.3346
1.2446
0.5646
2.4062
0.8833
1.9182
3.2036
0.1248
1.8624
0.5966
2.1731
3.5889
1.8914
0.543
1.5657
0.7266
0.1984
0.1739
1.8572
0.1639
0.1446
2.829
0.3082
1.1243
2.9642
0.5148
0.646
1.2005
3.8786
0.1414
0.2185
3.5921
1.5185
0.0915
2.5509
0.1242
0.429
3.8041
1.2735
1.883
0.517
2.7054
0.8628
0.6775
3.5982
0.2415
0.861
0.1993
4.036
1.8214
1.801
0.6122
0.4469
0.5762
0.5869
2.3752
0.3179
1.5925
0.653
3.501
0.7042
1.3621
0.2491
2.7853
0.3959
0.3078
0.5474
0.1137
0.3775
1.1745
0.1853
3.3941
0.471
1.3192
1.1028
2.757
0.4697
1.5186
0.3447
0.7959
1.96
0.422
2.6479
0.0923
0.0896
0.8781
4.1417
0.5943
0.1109
2.1665
1.0665
0.1047
1.3555
0.3399
0.3143
1.5649
0.1769
0.0955
0.2246
1.4224
0.6278
1.2104
1.2015
0.8509
0.7596
0.3673
2.3302
0.8064
1.1069
0.7568
2.401
0.193
0.603
2.8713
0.6129
0.0649
0.373
0.3644
2.7668
0.7358
0.1601
1.9944
1.4591
2.0747
0.7552
0.1671
3.3001
0.313
0.1834
1.4967
1.6986
0.9776
0.0616
0.2878
4.731
0.2159
1.6222
1.4863
0.1729
0.7771
0.422
0.6012
0.6982
1.2552
0.5678
1.2415
1.3943
1.378
1.1617
3.3815
0.6571
0.586
0.3393
0.2832
3.392
1.2033
0.855
0.2291
0.1393
2.3689
2.1746
1.6726
0.4599
0.3189
0.3981
0.158
1.5406
0.9085
1.152
1.2067
2.9997
1.7256
0.9083
0.482
1.3228
1.1937
0.7224
0.3597
0.0602
0.511
2.1454
0.6784
1.6665
1.398
0.4527
0.756
4.76
2.5109
0.0498
1.5819
1.4624
3.7479
0.5754
1.6933
0.5558
2.0786
0.8332
0.426
0.1186
0.8201
2.3058
0.8542
0.1312
0.306
0.1858
0.2517
2.456
0.0628
0.2893
1.5312
3.3852
2.9015
0.3981
0.3785
1.2495
0.5938
0.0418
0.5184
2.3547
2.7175
0.0656
3.3532
0.1395
0.2084
1.8736
0.1085
3.4586
1.1012
0.6633
3.844
0.0758
0.0597
0.677
0.3445
2.3437
0.767
0.8289
2.3163
2.1253
1.161
1.2592
1.2696
3.1925
0.2725
0.5878
0.1585
2.8034
0.1766
1.5982
1.6841
0.1954
0.7408
0.6621
0.0902
0.8673
2.4016
1.4114
0.3047
0.2727
0.3049
2.3975
0.7521
0.8751
0.5988
1.7478
0.4513
0.2929
0.9664
1.7845
1.2625
0.2568
0.5923
0.4717
4.0588
1.8744
1.924
0.1879
0.121
3.8825
0.5693
0.2249
1.5201
0.0408
0.7651
2.9908
0.2234
0.9973
2.9773
1.3654
2.3901
0.1605
1.4529
1.8092
0.9213
0.8995
1.8733
0.1035
0.5576
0.4187
0.8725
1.2729
0.1591
2.1592
0.1214
2.8101
0.304
1.7048
3.83
0.3387
0.4997
1.5007
2.2703
0.195
0.2511
0.7702
1.7884
0.092
0.1958
2.896
0.5049
0.8866
0.1811
3.5486
0.9794
0.1432
0.8033
0.1721
1.8173
0.3005
5.8581
0.1498
2.1703
1.2569
0.6791
0.1325
1.1895
2.8555
0.1484
1.5179
0.1775
1.04
3.3435
0.4029
0.4444
0.9431
0.8315
0.498
0.199
0.2539
3.6549
0.2897
4.3019
0.8927
0.357
1.7003
0.1092
0.2113
2.9422
1.2012
0.4947
2.8333
4.1064
0.4815
0.8467
0.153
0.3416
2.7067
0.6913
1.6228
0.3247
0.7316
2.0665
0.4317
2.4548
0.7984
1.3249
0.3209
1.0065
1.7888
0.5253
0.3583
0.4572
0.2294
0.1811
3.9386
0.1351
0.697
0.0893
1.5126
1.2728
0.509
0.6411
0.2312
3.403
2.2726
2.4204
0.4559
2.0467
1.7742
0.945
2.2429
0.2269
2.2647
1.236
0.9572
1.3831
0.799
0.4741
2.0776
0.2439
2.4123
1.217
0.6368
1.4834
1.9099
1.8836
0.3376
0.1415
3.3356
0.7142
3.3456
0.1933
1.5069
1.091
0.1699
0.0931
3.7174
1.0477
0.2196
1.1274
0.1374
0.4623
0.0859
0.9373
1.7004
2.2533
0.0998
0.3451
0.5595
2.1312
0.1076
1.6216
0.141
0.7045
3.0486
1.119
0.4443
0.3808
1.9291
0.213
3.6338
0.0386
0.1539
2.1575
1.2401
1.5648
1.7292
3.5761
1.8068
1.8576
1.0594
0.8404
1.2639
0.3546
0.1315
0.7063
1.7796
0.0982
3.1605
0.9737
0.1411
2.3033
0.7034
0.1608
1.4966
1.5182
2.0811
2.8205
1.9528
0.7105
0.1326
3.7595
0.3659
0.4358
2.5066
0.2138
2.9429
0.7646
0.5635
0.4627
0.4364
3.1249
1.1334
1.2878
1.4701
1.9502
1.4496
1.1911
1.4939
1.6475
0.1754
0.8515
1.763
0.3322
1.6333
0.3262
0.611
0.2624
4.6301
0.1549
0.2918
1.582
0.1362
0.9642
1.1163
1.3729
0.3256
2.017
0.985
0.079
0.1296
1.3521
2.0796
0.1493
3.1105
0.873
0.0578
0.7298
0.0597
4.9928
0.276
2.3946
0.1116
1.4607
1.1886
0.8596
1.0581
0.5822
0.1329
0.5137
4.8086
2.3438
2.2208
0.3747
0.2808
4.0624
0.0579
1.8842
1.0146
1.2848
1.5917
0.6497
1.8267
0.4281
1.3757
2.9143
2.1909
0.991
0.7397
2.3314
0.4127
0.173
1.9117
0.0464
0.1047
2.749
2.4953
0.183
0.2081
0.29
1.5965
2.7563
0.2649
0.4211
1.7571
0.1712
0.5989
1.0162
3.9024
0.4067
0.0743
0.3529
2.3226
3.1785
0.161
0.5196
0.5198
0.0553
2.3567
0.1299
1.695
1.5499
0.8774
0.6439
1.5894
0.1372
0.2359
0.5024
3.6758
2.1059
0.1231
2.6922
0.7395
2.0265
2.2375
1.0978
0.8798
1.4367
0.1203
1.6182
4.283
0.1154
0.8431
0.4138
0.9752
0.1249
2.5928
0.2378
0.1172
2.3177
1.3375
0.5378
0.5728
1.2525
0.0711
5.3653
0.8434
0.9939
0.1838
0.1135
0.9933
2.9573
0.3353
3.1235
0.6698
0.5452
0.6565
0.8244
1.2489
0.1635
3.0282
1.2256
0.5396
3.2819
0.365
0.908
3.4429
0.2065
5.1698
0.1566
0.2385
2.6041
1.9547
0.9076
1.2718
0.1482
4.3252
1.0989
1.0574
1.6526
1.1476
1.3716
0.676
0.3161
0.3638
0.0648
1.7548
0.2777
2.7659
4.153
0.254
3.6096
0.8145
0.2187
0.6278
0.0838
1.3584
2.4997
0.96
2.6715
0.3112
0.3648
1.7618
0.1179
0.266
0.7274
2.152
1.1398
0.6026
2.0268
1.2171
0.4084
0.7975
0.1402
2.5446
2.2862
0.0807
1.1225
2.3009
0.212
0.1408
1.7994
0.2908
3.3279
0.1088
0.0848
0.3019
0.3405
2.9209
0.2437
0.8332
0.3715
1.5251
1.7449
0.1241
0.9179
0.1895
0.0347
1.548
0.1897
0.3257
0.1769
3.3627
1.6205
0.1776
2.3623
0.3712
1.3406
1.4067
1.2189
0.2943
0.6989
0.2556
1.5178
0.2448
2.8116
0.2084
2.6297
0.6002
2.0883
0.1385
1.8077
0.6653
2.2293
1.2274
0.8415
0.0905
0.9022
1.777
0.5083
1.6661
0.2625
1.0394
2.2495
0.5274
1.4683
2.4779
0.051
3.1423
0.9453
0.9991
0.8978
2.6356
0.2078
0.0582
2.2539
0.1142
1.1778
2.8192
0.4815
0.2505
0.0585
0.9706
2.1296
1.7949
1.4494
1.6023
0.6018
0.6001
3.1241
2.3456
0.8259
0.915
1.4632
2.1144
1.2531
1.08
0.27
0.9212
2.0027
0.2759
0.7601
0.0486
2.9044
0.2116
2.1771
0.9227
1.43
0.1097
1.5695
0.5908
1.5462
0.9493
0.1595
0.7583
1.7957
1.9581
3.1236
0.7157
1.429
0.3985
0.2443
2.0129
0.2332
2.6125
0.4942
0.3993
0.2587
2.2407
1.684
1.2319
0.0969
1.4023
0.4318
0.7974
3.7027
1.988
0.0948
1.1785
1.0293
0.3531
3.1684
1.0828
1.0951
0.2408
0.1302
2.3778
0.1749
0.7706
3.4675
0.4878
2.0329
0.9473
0.7421
1.5708
0.6011
0.1201
0.9081
4.6686
0.8792
1.6602
0.193
2.8548
0.135
1.4076
0.7645
3.9809
0.1777
1.2135
0.7117
0.2849
2.7727
2.4092
0.6808
2.7626
0.9606
0.2391
1.5041
3.0546
0.2995
2.7498
2.8282
0.6767
0.7612
0.3927
3.4951
1.3491
2.5065
0.1856
0.7257
0.1382
0.6861
1.222
4.0869
0.5135
2.2573
0.9468
1.5014
0.1823
1.4533
0.4438
1.7281
1.3527
2.2474
0.5439
0.1644
1.1836
0.2682
3.715
1.9885
0.1947
0.1639
0.1146
3.5865
1.2367
0.9124
0.2024
0.7821
2.3977
1.251
1.4151
1.9355
1.5869
0.128
0.1186
4.3895
0.4348
1.8088
0.2213
1.3683
0.3999
2.5784
2.2158
0.1302
2.283
1.0481
0.7136
1.1603
1.3207
2.6945
0.9446
1.7846
0.442
1.6945
0.98
0.2036
1.1663
2.3749
0.58
2.5746
3.3692
0.1768
0.3829
0.7567
0.2765
0.4377
0.2202
2.8111
0.055
1.2163
2.266
0.4822
0.1506
1.9429
0.1807
0.2196
1.2609
2.6229
2.9366
1.1406
0.0676
0.2546
2.4317
0.6048
1.9858
0.8861
0.7963
0.3017
4.8178
2.7009
0.0586
0.224
0.0682
0.8703
0.1822
0.9867
3.6634
1.7574
0.0906
0.9387
2.2095
0.3471
1.1841
0.5063
0.1543
1.6768
0.4977
3.1334
0.3715
2.5857
2.5771
0.1997
3.9494
1.0947
0.4664
0.5734
0.1962
3.0607
1.7318
1.0597
0.0854
0.1879
0.5499
1.4634
0.2696
1.0137
1.9347
0.5896
2.3729
0.9166
0.3469
0.7488
0.4314
0.4025
1.9706
1.1768
2.5142
2.2194
0.6846
0.13
4.8615
0.6253
0.5318
0.4164
0.5546
0.6182
2.4903
0.8114
1.8869
1.7038
1.0559
0.2091
0.7883
0.9408
1.1903
2.5242
1.3277
1.9599
2.4242
0.0938
1.6447
1.5029
2.4359
0.0344
1.6225
1.824
2.0073
3.569
0.6866
0.1043
0.0713
0.7
1.1817
0.5007
0.4977
3.7595
0.2696
0.4231
0.2218
2.3615
0.8161
0.1249
1.3913
0.7098
1.7275
1.7321
0.6943
0.8609
0.2996
1.9247
0.2144
2.3455
1.8284
0.3132
2.9532
1.173
1.5034
1.8985
0.179
0.0597
2.1841
1.2059
0.0915
3.0348
1.1695
0.1504
0.8026
1.2681
0.3936
1.2494
0.2548
0.2239
2.0979
1.7023
1.4209
0.1087
0.1465
0.2079
1.9446
0.292
3.4384
0.5334
2.1382
0.3305
1.9458
0.9223
2.0574
1.6757
1.3688
1.3754
0.2016
1.9671
0.6887
0.7243
0.0938
0.2327
0.1764
3.3481
0.0855
0.1975
1.4131
0.1288
0.3066
0.9418
0.2364
2.0834
0.6343
0.0491
0.1013
3.4871
0.6612
2.4094
0.3066
0.124
0.1686
3.6015
0.1436
3.0145
0.8258
0.4046
1.0278
0.5576
0.2399
0.1026
1.4577
1.1546
0.8619
1.8786
2.117
0.2114
0.4525
0.4891
2.2032
0.1419
1.9033
0.2713
1.8061
2.2361
0.4843
2.6294
1.1606
1.695
0.4554
1.5763
0.159
0.3789
0.2045
1.2075
1.312
2.1719
1.4784
1.9309
0.4147
1.6622
1.4396
2.1917
2.0519
2.0594
0.2383
1.4457
0.3663
1.0286
0.1622
2.6042
0.1172
0.8203
0.3149
2.2038
1.6282
1.2017
0.7005
0.9868
0.1177
3.2903
0.0931
1.6024
0.2792
0.1636
1.2188
0.139
5.4771
0.6368
0.4157
1.6078
0.5202
0.2591
0.8484
0.0788
1.4158
1.3487
1.8571
0.1533
1.0783
0.1551
4.9609
0.1737
0.2992
0.7791
0.4139
2.7621
0.5748
2.3176
0.2361
0.2054
3.8183
0.0459
0.6468
0.5659
1.6451
1.5519
0.0337
3.0112
0.0855
2.099
0.5775
0.2111
0.1656
0.4317
0.5842
1.9613
2.6478
1.6647
1.4933
1.2794
2.6741
0.6749
0.1157
0.436
1.3324
0.7817
0.7295
2.4909
0.1655
0.6847
0.3808
3.8017
0.5204
0.6088
0.7579
0.4296
0.2369
1.4788
4.2621
2.0902
0.3174
0.3828
0.4687
2.4284
0.996
2.9256
0.1885
0.4894
1.4936
0.1974
0.9091
1.3449
0.3955
1.4226
0.4916
0.114
3.2239
0.6229
2.6267
0.9199
1.6577
1.7068
0.29
1.7291
0.2885
0.9529
2.5363
0.2312
2.0181
2.0754
5.0966
0.5427
0.0747
0.9021
2.5682
1.1007
4.8137
1.2568
0.4076
0.8242
0.4133
0.767
3.5229
0.195
1.228
0.1332
1.4036
1.1021
0.112
0.4648
0.1032
3.3835
1.8158
0.0423
1.2647
1.219
0.1788
2.1766
2.6746
1.35
1.3428
2.2804
0.3329
1.0829
2.0332
0.2567
2.5927
0.6102
1.1938
1.0982
0.1566
2.2559
0.6126
0.0511
0.2707
3.1912
0.3903
3.9986
0.8002
0.0448
1.9032
1.6277
0.5529
0.7106
1.1553
0.125
2.2304
0.2237
0.1836
1.6429
0.5058
0.4239
2.46
0.4808
1.6622
3.711
5.1602
0.4907
0.1018
0.0394
2.9999
0.6984
1.1944
0.081
2.7167
0.3265
0.9434
1.4986
2.3446
0.2411
0.1408
2.6015
0.5103
0.2412
2.9104
0.2464
0.2834
0.6865
0.5619
0.2724
4.4131
1.2437
0.5629
2.0321
2.6815
0.4892
0.4465
0.178
4.7105
0.3588
0.9677
0.3256
0.5832
1.0902
2.056
0.4852
1.0445
0.1448
2.1665
0.9128
0.3869
1.5704
1.9622
3.6342
0.5136
0.2407
0.3586
0.3835
0.3419
0.7446
0.1772
2.8623
2.1702
0.3774
0.0823
2.5127
0.8338
0.5561
0.9213
0.5472
2.6524
0.2673
0.2789
0.134
3.075
0.2169
0.2774
0.4611
2.9724
1.3403
1.5141
0.3909
2.8706
0.2464
0.1176
1.9811
0.1221
0.1574
2.0637
1.4244
1.3791
0.4855
0.8041
1.7679
0.2903
1.9205
2.2649
1.8058
0.1766
1.4606
0.0592
2.3347
0.7883
0.4333
2.6832
0.0666
0.3704
0.3227
0.6387
3.486
1.0496
0.4493
0.1743
1.6942
0.2614
0.2945
0.1206
3.029
1.9113
1.4895
1.3274
1.1425
0.846
0.5193
1.5141
1.1321
0.952
1.0735
1.8894
0.9637
0.2267
3.5295
0.7041
0.3792
0.2384
0.8465
2.378
0.0862
0.4324
0.0758
0.3351
0.4587
0.5661
0.2612
4.4189
0.2346
0.869
1.4457
1.728
0.1983
0.0762
2.5638
0.1128
1.5184
0.218
2.249
1.3111
0.6653
0.2715
1.9979
0.2908
0.0668
2.4442
0.0741
4.6895
0.1652
0.2534
1.0101
1.5703
0.6279
0.8039
0.3963
2.6572
1.2447
0.198
2.3332
0.4692
1.4482
3.365
1.247
0.1095
1.0017
2.4121
0.1501
0.2657
4.3915
0.4072
0.2254
1.0757
0.6373
0.9877
1.6439
0.2754
1.0524
0.9548
0.6677
0.7627
0.1846
3.7325
0.6881
3.1473
0.2792
1.981
2.2392
0.1226
0.4481
4.9561
0.0695
0.6119
0.7591
1.1129
1.9671
2.6686
1.7835
0.5668
0.6051
2.9301
0.1721
0.9118
2.327
0.6368
0.1674
0.1609
0.6939
1.5482
3.4627
1.3928
0.6148
0.8391
0.8024
2.8985
0.4802
0.2451
1.2295
0.3165
1.5444
2.0606
0.3518
1.4601
0.727
3.2715
2.2886
0.5283
0.1618
0.6918
3.0251
0.0665
0.1811
5.652
0.0539
0.1783
2.9371
1.3835
0.2771
1.4679
1.057
1.3634
1.7016
0.0919
1.6769
1.6142
3.3291
0.2063
0.4133
0.1863
1.0582
0.8484
0.2836
2.3552
0.7415
1.4654
0.4081
0.1811
2.6153
2.6502
0.398
3.4492
0.4989
0.5534
0.265
0.4506
2.7067
2.4546
0.2991
0.2222
0.9698
1.6478
0.1557
1.936
0.5184
1.4709
1.0646
0.0898
0.6515
1.2473
0.4317
0.4258
2.1891
0.101
1.7864
2.1468
1.3426
3.3553
1.3466
0.3222
2.754
0.2901
1.1251
2.6264
0.1836
1.4327
1.1525
0.315
1.622
0.1745
0.7326
2.3605
0.1852
0.174
0.1961
1.832
0.7381
0.3206
2.2227
0.0902
2.2382
0.7787
0.3235
2.5183
0.6839
1.7652
1.8375
0.3656
0.3312
0.294
1.7038
0.2131
0.5638
2.7241
1.6638
1.2571
2.4171
0.0987
1.0945
3.3279
2.5597
0.3922
0.3352
1.9951
1.5787
0.3576
1.6931
0.5388
2.0126
1.0541
0.7906
0.711
1.0186
1.9435
0.1622
1.3135
0.6847
0.2024
0.193
1.5575
0.9648
4.6647
2.299
1.4451
1.9125
0.1366
0.8971
0.5977
0.9855
0.301
0.5375
0.7263
1.493
1.86
0.5251
0.1799
0.4264
1.2852
1.092
0.4366
3.4046
1.0217
0.1301
0.3895
1.7386
0.7948
0.9689
0.7248
0.0338
2.1756
0.2262
1.71
0.4153
1.0147
0.7696
0.066
0.7565
0.2016
4.9167
0.1234
0.0719
0.2049
2.728
0.709
1.9178
0.4917
0.0965
1.983
3.3589
0.324
2.4658
0.2051
0.2148
2.5801
0.1841
0.6196
5.6328
0.3423
0.4645
1.0377
0.3622
0.1995
3.0476
0.7422
1.1163
2.3955
1.8591
0.452
1.9029
2.4505
0.9665
1.826
0.7435
1.0222
1.8087
2.4257
0.1992
1.1462
0.6958
0.1818
4.3699
1.0363
1.3947
0.1025
2.6592
2.5343
0.1781
0.1389
1.4785
3.375
0.3931
0.0876
2.531
0.8202
0.1859
1.6935
1.2996
0.3194
1.0152
0.1795
0.2931
1.4333
0.2248
2.0496
0.993
0.3358
1.9647
0.2092
4.2855
2.1592
0.1395
1.5862
1.2427
2.0054
3.0168
0.1451
2.8611
0.4294
1.7279
2.3791
0.0644
0.2903
1.2214
2.9178
0.0347
1.4151
1.3534
2.0743
0.5933
1.1938
1.9143
1.1905
1.1135
2.0668
0.4574
0.4993
1.1151
1.3048
0.2319
0.3744
3.3134
0.6795
0.7432
0.4696
0.3917
1.1399
0.2884
0.1437
1.1984
0.5266
1.8556
0.1707
1.3097
1.8114
0.4546
0.2302
0.2764
2.9178
0.1449
1.733
0.2198
1.2345
2.4544
1.171
1.2392
1.3012
0.0654
2.8031
0.2202
0.3341
1.2878
2.5567
0.2382
0.1184
0.7703
2.72
0.9186
0.6934
0.1548
0.9304
0.2565
0.1738
1.7119
1.6549
1.3701
0.2413
1.1449
0.72
0.3187
0.187
1.2918
0.0949
0.0485
1.7445
0.2081
0.6227
0.115
2.8623
0.6473
1.7169
0.1736
1.3303
0.1291
3.5495
0.0809
4.621
0.5812
0.1301
0.4182
2.1222
1.1923
2.1588
0.9464
0.1444
0.2801
2.4048
1.6579
0.9152
0.3804
1.5868
2.3002
0.1987
0.7567
0.2761
0.6164
0.1031
2.5636
2.0394
0.1317
0.3021
3.5461
1.6855
1.9792
0.1187
3.0652
0.0951
2.032
0.2772
1.582
1.308
1.7466
0.3643
0.2734
1.8673
0.4618
4.1401
0.445
0.5545
0.4878
3.2755
0.2295
0.5792
0.9563
1.296
1.281
1.8692
1.0042
0.3288
0.7158
2.3646
0.8927
1.7269
0.8068
0.8857
1.503
1.5903
0.639
0.2792
0.6529
0.3433
2.4788
1.3959
0.248
0.236
1.1392
3.5374
1.0285
2.1447
0.8263
1.6778
0.3053
0.0385
0.4634
0.6784
1.3605
1.9191
0.2462
3.9798
0.6628
0.5796
0.5207
0.9093
0.6643
1.6171
0.5956
3.7437
1.5781
0.1704
1.2396
2.622
0.4162
1.175
0.2547
0.2717
4.2075
0.8117
3.693
0.5527
1.3955
0.5838
0.1909
1.4315
0.1651
0.6839
0.6375
0.2593
3.7242
0.9162
2.131
0.1248
1.6756
0.1193
0.3049
1.7979
0.1637
2.0812
1.9372
1.4953
0.3507
2.5859
0.187
0.6433
1.3691
0.1764
3.6689
0.2075
1.5805
2.2832
0.1399
0.2558
1.6874
0.9281
0.2351
0.1675
0.2691
4.3113
0.6433
0.1409
0.9488
1.645
0.8168
0.6237
0.0417
1.2838
0.1879
1.5766
2.2148
1.13
0.5928
1.4257
0.5235
0.6413
0.1508
1.6547
2.0467
0.1764
1.2294
0.3844
1.4539
1.9693
0.4686
2.0152
1.1372
0.5953
0.0908
2.8519
1.0641
0.3734
1.4556
0.096
0.3651
3.8263
0.3648
0.9328
0.7766
1.7376
1.1775
0.216
0.1771
4.598
0.2759
0.1684
0.7104
4.3531
0.869
0.6968
2.3251
0.2619
2.5379
1.4162
1.2548
2.1532
1.1815
0.7365
0.302
0.7135
2.1726
1.2117
0.2183
3.3628
1.5039
2.5268
1.4666
3.633
0.9039
3.1855
0.3984
3.0728
0.1042
0.2126
2.9632
1.0191
1.8886
0.5464
1.193
0.0867
0.9087
1.6018
0.0922
2.3968
1.3123
2.5561
0.1737
0.4133
2.708
0.179
0.3577
1.0266
0.8082
0.6474
1.6067
2.8214
0.2254
0.6228
2.2318
3.6952
0.0965
0.8861
0.3146
0.134
0.1039
1.0261
3.528
0.1218
0.0929
0.073
3.7143
0.5695
2.7046
1.3553
0.4015
3.3306
0.0746
1.6218
1.564
1.905
0.4567
0.0528
3.8662
0.1424
1.4102
0.6519
0.0794
0.7551
0.4743
2.5213
0.3045
1.9888
0.7373
2.1536
1.5613
0.7695
0.2046
1.318
1.2665
1.4423
1.5088
0.416
0.3795
0.2394
0.8813
0.5672
1.7003
1.2051
3.4367
0.6684
0.2423
0.0673
0.1666
2.7504
2.7113
0.0835
0.0938
0.158
1.4514
0.041
2.4531
1.6234
0.3946
2.4072
2.6225
0.5265
0.2368
0.5708
2.2656
0.5136
0.7808
4.7473
4.1082
0.2597
1.1467
0.4118
0.1389
0.5275
1.606
0.4782
1.9764
0.8376
0.085
2.515
0.2155
2.4137
0.3731
0.1795
4.9417
1.6963
0.8044
1.8381
0.1731
0.2479
2.5913
1.2411
0.1977
0.5665
0.2547
5.0368
0.3355
2.2399
1.0988
0.631
1.3592
1.4266
0.3842
0.2408
1.7916
0.4057
0.2436
0.7311
1.5365
3.3656
0.3404
3.2381
0.1093
0.2072
0.2961
0.3663
2.5155
0.5334
2.7933
0.0357
3.4624
0.7786
1.4441
0.4532
1.1031
0.4265
0.781
2.4526
0.1391
2.2859
0.2172
1.3549
0.2407
0.0958
1.1072
0.3722
0.1263
0.9584
0.431
0.5927
0.3297
2.1507
2.2481
2.4081
1.1909
0.4802
0.8276
1.8029
2.0336
0.9116
0.4965
0.4657
2.415
0.101
1.8474
3.0935
2.1143
0.4616
0.9197
1.3517
1.9156
0.132
0.1339
3.2827
0.4847
0.205
0.9512
0.1623
1.8916
2.4845
0.7515
1.9619
0.6695
0.1313
0.5397
0.8132
0.301
4.6077
0.4771
0.5338
2.8766
0.5431
1.6549
0.7452
0.5055
1.8675
1.5121
2.6565
0.5561
2.2337
1.7997
0.3354
1.5287
0.1064
0.5352
3.4133
0.6915
0.2285
1.608
1.4298
1.1927
0.0808
2.4604
0.6774
0.0988
0.2761
0.5986
2.1292
1.0697
0.4233
0.0673
0.4594
1.6976
0.1331
0.2346
0.495
2.1483
2.3429
0.401
1.1888
1.2677
3.8284
0.3336
1.465
2.2008
1.119
1.6327
0.0553
3.1599
0.0851
0.84
3.064
1.6875
0.7034
0.436
0.8851
0.1545
3.4107
0.2405
1.3149
1.2489
0.0669
2.5256
0.2507
0.2042
0.5737
0.4736
1.1982
0.6308
2.0256
4.0962
0.9143
2.6941
0.267
1.987
0.673
2.0907
0.1388
0.4522
0.9761
1.5961
1.0363
1.9186
2.2432
0.3124
0.5607
0.0923
0.7504
1.6708
0.3719
0.4595
0.2395
3.2725
0.1322
2.057
0.1283
2.3965
0.6669
0.4587
0.059
1.2542
0.2014
1.9215
0.3442
0.9897
0.1507
2.2742
1.9212
2.383
0.2536
0.2768
0.3321
0.522
2.472
1.0422
0.3946
1.5976
0.1234
0.1988
0.3669
0.1688
4.0286
2.4831
0.0721
0.6202
0.3035
4.9878
0.2362
0.4269
0.2774
2.7078
0.2696
2.2042
0.7376
0.6036
0.5062
0.375
1.2198
1.2751
0.3366
4.9897
1.3903
0.5854
1.006
1.5267
0.2452
2.1055
0.9096
1.456
0.2205
0.571
0.4312
1.7752
1.3068
0.7548
0.5017
1.3468
0.1265
3.0312
0.1363
1.6563
2.8787
0.1557
0.8484
3.2793
1.5776
0.4325
2.5095
2.9566
3.0304
0.1193
0.1657
1.768
0.7855
1.6543
3.3015
1.6502
0.0973
1.0416
2.8308
0.0562
0.1408
0.1738
3.847
2.6498
0.253
0.1435
2.2656
1.7945
0.045
2.9526
0.7003
0.4814
0.3436
4.5758
0.5923
1.4825
1.2381
0.0573
2.5964
0.6245
0.4229
1.2156
1.1019
0.1964
0.8051
3.4983
0.0385
2.131
1.866
0.1005
0.6654
0.1825
0.9833
0.3076
1.2112
2.3514
0.3386
1.7767
2.425
0.3962
1.1329
1.1886
0.0262
3.9074
0.1321
3.0826
0.1972
0.1044
3.0846
0.8167
0.1894
2.1909
0.2332
1.9279
0.2099
1.2575
0.5822
2.4808
0.0833
2.3244
1.4771
0.1192
3.2509
0.2309
1.421
1.7716
0.1174
1.3056
2.237
0.083
1.7418
0.1114
0.3291
0.37
0.2931
2.4968
2.6095
0.2588
0.1944
1.6364
0.1046
0.8798
1.4655
0.0804
0.484
1.8662
1.4989
3.439
0.2455
2.358
0.4325
0.9478
0.1038
0.426
3.6638
0.624
0.7795
0.4823
2.3359
1.3868
0.972
0.7462
0.1436
2.2212
0.2002
0.7711
0.217
0.2272
1.5528
1.7933
2.0182
0.3486
0.6029
2.1539
1.4361
0.3522
2.08
0.6687
1.8322
0.7615
0.9701
1.4659
5.4901
1.2026
0.2133
0.1114
3.7109
1.3197
0.5487
0.6637
0.5839
2.5956
0.8463
3.7094
0.7523
3.8853
0.1121
0.5909
1.5411
0.6139
0.5966
1.2592
0.3119
1.5995
0.1208
1.3076
0.1633
0.8447
1.6676
0.8023
1.3498
1.2689
0.2495
0.2482
2.302
0.4397
0.2194
1.4542
0.1077
3.5554
0.7624
0.6743
1.1707
2.7133
0.7459
0.0688
0.1389
2.1169
0.3774
0.3663
0.1218
1.1302
0.0588
4.317
0.2494
0.4615
3.926
0.9609
0.5507
0.769
1.4512
1.1277
1.8792
0.0726
0.1634
0.8988
1.8575
0.2025
0.0548
2.8626
0.4327
0.3829
0.2659
2.0537
1.0557
0.0625
1.8237
0.3273
2.7073
2.6731
0.3452
2.0512
0.4633
0.8938
0.5597
0.7249
0.5921
0.7752
0.1818
0.7287
0.0863
1.8465
0.1378
2.1266
1.5331
1.2598
2.4286
0.4354
2.5648
2.3876
1.522
0.1853
1.5982
2.1052
0.0644
1.5153
0.2919
0.3338
0.2822
2.2299
0.8401
0.6321
0.8509
0.9426
1.0619
0.3385
5.1746
2.5722
0.0677
0.2407
0.4586
1.5371
0.3858
1.355
0.6657
2.4999
3.4798
0.3186
0.3505
0.3505
0.3917
1.6315
0.9713
2.8884
3.0509
2.2452
0.1228
3.521
0.0976
0.5362
1.4122
1.1962
0.0464
3.2225
0.8034
0.0889
3.754
2.3127
0.4395
1.2333
0.106
0.1949
0.8247
3.248
1.1753
1.356
0.7102
0.4442
2.7756
2.8626
0.2728
0.7847
0.0861
1.2861
1.6898
0.8623
1.1118
0.1094
0.1514
2.818
1.2555
0.4633
2.2709
0.2921
0.2974
0.6634
2.0139
1.0221
0.8144
0.5802
2.657
0.3338
0.625
0.8133
0.4913
0.093
3.6864
0.0765
0.2207
0.8049
2.7156
0.0377
2.1844
0.4382
0.527
2.7751
0.527
1.2408
0.7135
0.9505
1.4718
0.7825
0.9406
1.6052
0.5867
0.8514
0.3054
2.0174
0.0752
0.1165
0.3017
0.4145
0.1941
0.1803
1.9897
0.2111
0.7295
1.9067
0.672
0.1893
0.5552
2.1547
1.5395
0.9529
0.1406
0.9438
0.647
1.9582
0.1266
0.0884
1.935
0.7506
1.4091
0.8373
2.3656
0.0932
4.5329
1.3271
0.1651
0.1674
1.9638
2.0977
0.1297
4.062
1.2607
0.6699
0.1301
2.4193
0.6074
0.1269
0.489
2.2337
0.172
0.8991
0.1433
2.1827
0.7187
0.724
6.6557
0.1719
0.3388
2.974
1.5786
0.7217
1.0476
2.1808
0.4436
1.5189
0.663
2.3133
0.4291
0.2948
2.5964
0.7642
2.5938
0.428
0.9818
0.7128
2.3878
0.1756
0.993
0.1037
1.795
0.2761
2.4504
0.4544
1.5725
0.5907
1.0952
1.2154
2.8501
0.1131
2.251
0.239
1.2286
1.132
1.3493
0.5418
0.2778
2.3668
2.1431
0.652
0.3247
1.7979
0.5108
3.9966
0.2077
0.4758
1.1327
3.7889
0.1858
0.1899
0.1059
3.287
2.4326
3.5835
0.0595
1.6298
0.1427
1.6528
3.1873
1.5464
0.7735
1.5044
0.9938
0.8498
2.1723
2.0744
0.2519
1.6621
4.1368
0.8809
1.2119
0.6213
0.4521
1.1143
1.2725
0.1924
1.6897
0.387
2.878
0.3003
1.1011
0.794
0.501
2.7672
1.4878
0.4127
2.7218
0.1734
1.9205
1.1511
0.6411
2.963
1.1745
0.0634
1.8593
0.08
0.5341
1.9865
0.318
1.601
0.21
0.3521
2.9052
0.3026
3.219
0.7805
2.281
0.0811
1.0118
3.5766
0.4804
1.9224
0.8961
2.7712
0.8865
0.5066
0.6123
1.1802
0.1693
0.4748
0.7141
3.9238
0.1039
0.7087
0.7666
0.3062
1.9424
1.5804
0.2805
0.4752
2.0902
1.3416
0.1234
1.6623
1.2409
0.1767
0.9396
1.8419
1.7791
0.7176
1.4235
0.3792
0.9181
0.088
2.7788
0.4831
0.3035
0.6715
1.599
0.0845
1.0994
0.4293
0.4069
3.7363
0.3185
0.1785
0.3918
0.4483
3.6834
0.0926
1.4966
0.7271
0.8745
0.487
3.3763
0.7019
0.7315
0.0405
4.529
0.2451
0.107
0.8969
0.7956
0.2411
0.0733
3.1922
0.3736
2.938
0.7677
0.2251
2.0217
1.2605
1.3945
1.7136
0.4977
0.7012
0.5763
1.8457
0.312
2.6539
0.6813
3.085
0.4816
0.4985
0.7025
0.4977
0.152
2.9257
0.4003
1.2257
0.8025
0.1809
2.2519
0.1299
0.7472
0.1579
0.16
1.8284
2.0396
0.1297
0.9601
0.6089
0.3801
0.6453
1.9237
1.7847
0.3004
0.4782
2.2883
0.1507
0.9537
1.4742
0.2326
5.5357
0.4825
1.7734
0.2314
1.6348
1.9923
1.4368
2.0266
0.7443
0.6612
0.1643
3.4846
1.3788
0.4418
0.363
0.0895
0.3912
2.056
1.3194
3.5098
0.9268
1.7135
1.6059
1.9603
0.1267
1.2629
1.6082
0.1579
0.8206
1.9339
1.893
0.1261
0.9601
1.004
1.6087
1.1779
0.0814
0.3044
0.6583
2.1845
0.2955
0.0535
1.7964
2.8018
0.6919
0.4861
0.996
3.1489
0.7319
0.349
1.7995
2.2785
0.1316
0.1715
0.1979
1.3062
3.6165
0.6881
0.3805
1.5761
0.2015
1.2263
0.1433
3.7322
0.9121
1.1269
0.3933
0.0748
0.0914
0.1053
1.1719
0.3569
0.401
3.4771
1.2638
1.4562
1.2585
0.3413
0.6424
3.6467
0.7062
0.5201
1.9987
0.4204
0.8431
1.278