1.8605
1.9274
1.9841
1.8249
2.0852
1.6863
2.7129
1.7108
1.9388
2.0115
1.9185
2.0781
1.8488
1.9715
1.8731
2.1019
1.5021
1.9682
2.1312
1.9076
1.8225
1.9464
1.7555
2.1479
1.8713
1.7618
2.1464
1.9903
1.7454
1.9267
2.3853
2.405
1.4548
2.15
1.8208
1.8589
2.3427
2.1862
1.8202
1.9019
1.6173
2.1692
1.9925
2.1692
2.1041
1.9892
1.8741
1.9626
2.1704
1.9051
2.1141
1.5405
1.9823
1.9664
2.0757
1.7646
2.2321
2.104
2.432
1.9384
1.8323
2.1333
1.6326
2.6178
1.9441
2.0736
1.8664
2.2463
1.688
2.1389
1.9665
1.8255
2.18
1.945
2.0497
1.9472
2.0064
1.8422
1.8255
2.1514
2.0074
2.0229
2.1306
2.0341
1.687
2.0177
1.7717
2.1823
1.9651
2.4101
1.9584
1.6573
2.0261
1.9666
2.3688
1.6977
1.6224
2.0205
1.8138
2.0388
1.8092
1.9702
2.1531
1.8604
2.0683
2.2446
1.7699
1.6211
1.6568
2.5444
1.9868
1.793
2.5499
2.0784
1.6939
1.7532
1.8643
2.3121
1.9504
2.1933
2.0557
1.8493
2.2197
1.8784
1.919
1.8213
2.1152
2.297
2.22
1.8711
2.0455
1.6593
1.9212
1.9503
2.2703
1.9852
1.9911
2.142
2.2142
1.7457
2.0676
1.7434
1.858
1.9845
1.8695
2.2702
2.2854
1.9028
1.9903
2.1627
1.6622
2.0601
1.8664
2.2389
1.9779
1.953
2.5801
1.5011
2.0984
1.9964
2.0286
1.8511
1.9207
2.2628
1.8947
2.0234
1.8321
2.4498
1.8504
1.7414
2.0386
1.7608
1.978
1.7467
2.3209
2.2258
1.9461
1.9066
1.8358
1.7163
2.064
2.2585
2.0498
1.6326
1.9904
1.8107
2.2378
2.0736
1.9365
1.8635
1.8733
2.0789
2.0147
1.6521
2.0505
1.7654
2.1973
2.1463
1.9835
1.9757
2.2635
1.8607
2.1493
2.2512
1.6123
1.8216
1.9684
1.5635
2.1468
2.3379
1.6787
1.8765
2.3991
2.0082
2.3623
1.5068
2.1227
1.779
2.1234
1.8282
1.8808
2.1161
2.0258
1.7784
2.2165
1.6858
2.106
1.921
2.1926
2.0109
2.1697
1.6232
2.0343
2.2826
1.7841
1.6826
2.1874
1.9587
1.7676
2.3132
1.5916
2.1026
2.0345
2.2426
1.536
2.5718
1.7606
2.3812
1.762
2.0941
2.1089
1.9854
1.7016
2.2676
2.018
1.6062
1.8469
2.0826
2.2328
2.1039
2.0078
2.3816
1.9759
1.8865
2.1099
2.5398
1.81
2.0163
2.4543
1.8166
1.9433
1.7681
2.0925
1.8621
2.0731
1.9181
2.2866
1.9512
2.1141
2.3889
1.5454
2.001
1.8372
1.9791
2.2259
2.0382
1.4832
2.1594
2.1456
1.7879
1.8834
1.9266
1.9399
2.385
1.9539
2.234
1.7968
1.8188
2.2346
2.1458
2.241
1.6497
1.8526
1.9927
1.7744
2.5682
1.6803
2.0731
1.781
2.1111
2.1344
1.7499
1.9246
2.4189
2.0196
1.9499
2.2293
1.7375
1.89
1.9005
1.519
1.6427
2.1367
1.8211
2.1359
1.6742
2.3018
2.1226
1.8766
2.1704
1.975
2.0027
1.6407
2.1713
2.1679
1.8924
1.6598
1.865
2.4901
1.8071
2.0973
2.0455
1.913
1.9713
2.0579
1.8937
1.8858
2.172
2.032
1.7276
1.981
2.0291
1.8908
1.8051
1.9324
2.1495
2.0959
1.8975
2.4059
2.1066
1.8855
2.137
2.1608
1.6765
2.0762
2.1124
2.0744
1.8323
2.4703
2.0113
1.9447
1.8502
2.2986
1.6428
1.8879
2.0595
1.7803
2.2667
1.8546
2.0195
2.146
2.4372
2.0824
2.3335
2.358
1.9234
1.7343
1.8108
2.2623
2.2302
2.0035
1.9353
1.8951
1.9453
2.1782
2.0074
2.2468
1.7711
1.8969
1.9496
2.189
1.8764
2.1254
2.0089
1.587
2.1403
1.6102
2.4264
1.8902
1.9181
1.8737
2.3844
1.6799
2.2384
1.7788
1.8523
2.0909
1.8175
1.6194
2.035
1.9037
1.8473
2.3618
1.8572
2.1677
2.1026
1.6511
1.9643
1.7564
2.223
2.2127
2.124
2.0598
1.6255
2.1487
2.3048
1.9855
1.9431
2.2821
2.1792
1.9456
2.1056
2.5152
1.7162
2.0982
1.3484
2.3312
1.6397
2.7642
1.3764
2.1419
1.8435
2.5381
1.4073
2.0623
1.8426
1.8032
1.9084
1.6255
2.0877
2.2003
1.6939
2.0098
2.3764
2.0259
1.8156
2.4126
1.7893
2.0201
1.8478
2.0533
2.1819
1.9234
1.3583
2.3431
2.3234
1.5276
2.2516
1.8845
2.5232
1.8871
2.1544
1.9141
1.6882
1.9003
2.0818
1.6096
1.9715
2.3789
1.9527
2.1352
1.7397
2.1827
2.0433
1.9395
2.1243
1.8044
2.2511
1.9355
1.8438
2.0288
2.1687
1.7677
2.1094
2.145
1.9571
1.9448
1.8613
2.132
1.8705
1.8679
1.8149
1.7845
2.4751
1.3915
2.2786
1.8139
2.101
1.7479
2.1516
1.6041
2.2297
2.2246
1.6656
1.6293
2.4256
1.9458
1.9494
2.1009
1.9
1.8361
1.9043
1.8711
2.1722
2.4937
1.7186
1.8535
2.2512
1.5478
1.8294
2.1682
2.0993
1.7197
1.6322
2.0898
2.2535
1.9469
2.1566
2.2421
1.7481
2.0733
2.2046
2.2724
1.6828
1.6412
1.9033
2.0738
1.8286
2.1242
1.7952
2.022
2.3666
1.7794
2.3221
2.2095
1.7462
2.2065
1.7846
2.0222
2.0784
2.1338
1.3773
2.1994
2.183
1.8211
1.6272
2.148
1.49
2.5697
1.8265
1.9715
2.2066
1.885
1.7696
2.0377
2.0016
2.5718
1.7954
2.3309
1.6538
2.177
1.935
1.7475
2.1551
2.062
1.8334
2.3028
2.0947
1.9559
2.1558
2.5398
1.6743
2.0975
1.6376
2.0522
1.9181
2.3913
2.0647
1.8528
1.5365
1.9514
1.9696
2.287
1.7293
2.1323
1.8715
2.0803
2.3353
2.2172
1.9441
2.0956
1.729
2.2395
1.9172
2.1631
2.0609
2.0855
1.9885
1.8598
1.6418
1.9316
2.0507
2.0225
2.289
2.2348
1.934
1.8609
1.7752
2.0744
1.943
2.0603
1.7077
2.134
1.8677
1.5895
1.8093
1.877
2.6189
1.5532
2.5967
1.6199
1.9281
2.0671
2.0954
1.9971
1.657
1.728
2.4995
2.0278
2.1133
1.9905
1.9618
2.114
1.5476
2.0976
1.9598
2.0813
2.0959
2.3083
1.5545
2.0558
1.7431
1.9345
2.2059
1.9608
1.7637
2.1094
1.9459
1.9587
2.0494
1.5125
1.8408
2.5013
2.3813
1.8331
1.9422
1.7691
1.9562
2.6629
2.0232
1.9574
2.1574
2.0732
1.8877
2.0807
1.9266
2.411
2.123
1.8863
1.998
1.9305
1.992
1.8302
1.8744
1.8526
1.7235
2.2711
1.8911
1.844
1.7555
2.1771
2.1561
1.9704
1.8564
1.9692
1.9585
1.9402
1.5955
2.1761
1.6103
2.2686
1.4786
1.9379
1.7089
2.4976
1.6093
2.0736
2.0974
1.8624
1.9667
2.086
2.15
1.7433
2.26
2.1057
2.2116
1.6634
2.2549
1.987
2.1122
2.4957
1.5094
1.8861
2.0192
2.1623
2.0274
1.958
1.8329
1.5421
2.1894
1.5354
1.9303
2.0093
1.7667
1.8474
2.509
1.7031
2.2024
2.1798
1.7224
1.917
1.7149
2.2474
1.8883
2.0486
1.5744
1.7915
1.9704
1.5844
1.8696
2.0882
2.0087
1.9482
1.7631
2.366
2.076
1.8125
2.2957
1.9436
1.844
1.9273
2.2078
2.1693
1.649
2.1096
2.3601
2.0339
2.3116
1.6024
1.887
2.0821
1.5381
1.9415
2.1064
1.905
1.7407
1.9657
2.119
1.9168
1.6717
2.6148
2.3886
2.0187
2.1376
1.9472
2.2425
1.2624
2.4112
1.7209
2.214
2.4837
1.4823
2.2044
1.9855
2.0738
2.2089
1.7835
1.7451
2.6731
1.7194
2.0344
1.9554
2.0778
1.4439
2.1449
1.7209
1.7381
2.1473
1.7429
2.4448
1.9823
2.0337
2.1345
1.712
1.785
1.7313
2.0656
2.0919
1.6904
2.3209
1.8009
1.9508
2.0624
1.6569
2.0798
1.744
1.8574
1.716
1.9966
2.0241
2.2721
1.7565
2.0073
1.9056
2.0287
2.2639
1.7815
1.9031
2.2401
2.1633
1.7181
2.1107
1.6008
2.3424
1.9665
2.2416
2.2552
1.8835
1.7264
2.2389
1.4862
1.9651
2.4708
1.7116
1.867
1.9924
1.9867
1.7859
2.148
1.9384
2.3182
1.3593
2.5217
1.8199
1.7512
2.0396
1.9927
1.915
2.0261
1.9786
1.7583
2.0451
1.9719
2.0327
2.2274
1.9669
2.2087
2.0645
2.0714
1.5317
2.1409
1.9652
2.1012
1.7624
2.1576
1.8314
2.364
1.9695
1.9934
2.2957
1.6866
1.8747
2.0423
1.3422
2.3428
1.6157
2.2443
2.0867
2.1567
2.1028
2.0579
1.8629
2.2997
2.04
1.6664
2.091
2.1675
1.8683
1.9427
2.099
1.8184
1.8872
2.1002
1.6812
2.0795
2.1273
1.79
2.3782
1.5982
2.1892
2.1488
1.9666
2.1499
2.2115
2.012
2.0571
1.7597
1.7816
1.9399
2.0833
1.9453
1.6117
1.7158
2.0219
2.0983
2.0801
1.9532
1.7928
2.2417
1.8816
2.0493
1.7756
1.5964
2.1385
2.0121
2.2198
1.7599
2.152
1.8992
2.0795
1.9312
2.1023
2.0048
1.5657
2.4448
1.958
2.0492
1.7001
2.3535
1.6436
2.1163
1.8055
2.2207
2.2116
2.089
2.2179
1.6785
2.0357
2.1206
1.8987
2.2373
1.9655
1.8099
2.228
2.0982
2.2682
1.5583
2.0109
1.997
1.9726
2.1749
1.9736
1.857
1.9075
1.9142
1.9625
2.2154
1.9155
2.0194
2.384
1.9074
1.843
2.0514
2.092
2.2383
1.7699
2.2836
1.992
1.4342
2.4465
2.0189
1.8204
1.9315
1.6973
1.8616
2.2666
1.9678
2.1002
2.1437
1.7524
1.7581
2.0585
2.0331
2.5496
1.8585
1.7451
1.9583
1.9827
2.0714
1.9047
2.1163
1.9905
2.2335
2.2573
1.7839
1.9375
1.895
1.6972
2.1223
1.5705
2.1444
1.8735
2.313
1.9882
2.1437
1.8197
2.457
1.8177
1.8467
1.7748
1.9379
2.127
1.8998
1.8333
2.1844
2.0525
1.791
2.2524
2.1811
1.6981
2.0969
2.1986
1.4884
1.8152
2.0531
1.8597
1.9195
1.995
2.003
2.0263
2.2262
2.0298
2.3217
2.0248
1.7392
2.1572
1.9764
2.0656
1.7167
1.88
2.1815
1.8426
2.1395
2.2637
1.6404
2.1878
1.8682
1.6916
2.2422
2.1179
1.6864
1.781
2.2934
2.1458
1.6559
1.637
2.4829
2.0195
1.7671
2.285
1.964
2.2731
1.454
1.9622
2.1106
2.1894
1.9889
1.9454
1.776
1.8114
1.9876
1.8919
2.4827
2.0259
2.0555
1.5293
2.1404
1.7611
1.8597
1.7968
1.9987
2.0779
1.8179
2.1177
2.2255
1.8485
2.1216
1.8497
2.1738
1.8169
1.6575
1.8604
2.3355
2.109
1.9004
1.6328
2.0446
2.0194
2.221
1.8936
1.8853
1.9533
2.2285
1.8768
1.7003
1.9958
1.8051
2.2541
1.9189
1.5787
2.1103
1.5983
2.3054
1.6672
2.1236
2.7284
1.6556
1.777
1.8948
2.496
1.449
2.6894
2.0808
2.107
1.7714
2.6434
1.4901
2.2569
1.9145
1.3187
2.3529
1.9106
1.6889
2.1112
1.7684
2.0138
1.8517
1.8408
1.7023
2.1979
2.0619
1.9831
1.803
2.0214
1.6895
1.713
1.9883
2.2633
1.7857
2.5053
1.5784
1.8077
2.2062
1.6607
1.9026
1.7096
2.4468
1.7919
2.0686
2.015
1.72
2.2088
2.1305
1.817
2.0491
1.9219
1.5885
2.0668
1.9339
1.9365
2.5318
1.7469
2.0453
2.3863
2.0099
1.9688
2.2924
1.8301
2.3319
1.9273
1.6558
2.1862
1.8748
2.4567
1.791
2.1643
2.0698
2.3296
1.4863
1.9515
2.081
1.9927
1.7852
1.9148
1.964
1.9552
1.9635
2.0642
1.9825
2.0417
2.0759
2.2784
1.6123
1.9717
2.2254
2.3104
1.8471
2.1771
1.3723
1.9482
1.9814
2.0867
2.1195
1.8593
1.9977
2.0018
1.9478
1.8174
2.3899
1.8087
2.1823
1.9391
1.6555
1.6944
1.6903
2.212
2.1434
1.7685
1.9351
1.9457
2.1875
2.0073
2.2341
2.365
1.7454
1.9938
1.5794
2.1726
1.7679
1.6852
1.9296
1.9142
2.2654
1.5514
1.9185
2.2386
1.9822
2.0857
1.7558
1.8584
2.1257
1.6988
1.9721
2.0033
1.8204
2.2767
1.6629
1.9258
2.34
2.1816
1.4118
2.6862
1.667
2.2931
2.0724
1.5946
2.3159
1.825
1.9223
1.9009
2.1003
2.0419
1.6533
1.6524
2.1217
1.9968
2.1735
1.7777
1.8221
2.4555
2.0761
1.9393
2.1036
1.9948
1.9973
1.9116
1.8998
1.9953
1.7756
2.0228
2.1795
1.7616
1.8673
2.1625
1.8048
2.1375
1.812
1.8305
2.0813
1.9188
1.8299
1.4815
2.0086
2.0282
1.6466
1.6762
2.5066
1.6416
2.291
2.0109
1.9232
1.9438
1.7935
2.1531
2.2079
2.1772
1.4182
1.9189
2.3904
1.8962
1.7083
2.4206
1.9604
2.1673
1.7334
1.9839
1.9902
1.6118
1.8311
2.2104
2.0002
1.9364
2.162
1.6483
1.7309
1.7652
2.1735
2.1057
1.8858
1.9491
1.853
2.0321
1.7882
1.6566
2.1364
2.3279
1.8325
2.1204
1.9981
1.4593
2.2858
2.2647
1.4344
1.8625
2.0298
1.7343
2.1213
2.1856
2.3904
1.644
1.7415
1.5888
2.0872
1.6437
2.6112
1.7113
2.2501
1.9274
1.5909
2.136
2.3937
1.9586
1.8497
1.6949
2.0783
1.1991
2.603
1.7989
1.9539
1.7122
1.8537
2.0836
2.0188
1.6145
2.0122
2.0682
2.0461
1.9415
1.9017
1.9457
1.9316
2.475
1.6336
1.8448
2.2959
1.7243
1.8933
2.0781
2.2616
2.3262
2.0291
1.8531
2.2009
2.0395
2.5969
1.6122
2.064
1.8355
2.0389
1.9608
1.9873
1.7807
2.4422
2.199
1.9389
2.1658
1.9195
1.8957
1.9273
1.9588
1.7039
2.7375
1.8094
2.042
1.9558
1.9413
1.6502
2.021
2.2806
1.8288
2.0943
1.7345
2.0047
1.6452
1.9799
2.255
1.7929
1.9024
1.5689
2.2073
2.382
1.5845
1.9782
1.9889
1.7158
1.7308
2.2742
1.7392
1.9826
2.4059
2.2044
1.3827
2.559
1.8878
2.1372
1.7801
1.8306
1.9215
2.1456
2.1824
1.4749
1.9431
1.8582
1.8521
2.1112
2.0032
1.8551
1.8694
1.8434
1.8886
2.014
1.9009
1.9872
1.9717
2.1284
1.694
2.1492
2.0863
2.4086
1.8693
2.0063
1.8312
1.9088
2.1185
1.912
1.6393
2.4891
2.0428
2.3804
1.7627
1.6695
2.1612
2.0595
2.1658
2.0564
2.47
1.5428
2.0521
2.1364
1.5157
2.2911
2.237
1.4924
2.2121
2.1217
1.8441
1.8584
1.9466
2.2528
2.1392
1.8848
1.9938
2.0348
2.5627
1.6114
1.7308
2.0363
1.9039
2.1675
2.0436
1.9027
2.2476
1.9036
1.8778
2.0475
2.1603
1.7921
1.8547
2.2519
1.7259
2.0057
1.9943
1.9175
2.0328
1.7076
1.7983
2.0788
1.9798
2.3281
1.8979
1.9245
1.8027
1.5054
2.577
1.917
1.7466
1.9564
2.1232
1.7486
1.9821
2.265
1.3767
2.1532
1.8541
2.3523
1.7443
1.8011
2.1821
1.962
2.0495
2.1483
1.6632
1.8864
2.1535
1.8871
1.6593
2.0684
1.7976
2.3219
1.9088
2.116
2.1079
2.0098
1.8824
2.1781
1.6559
2.2758
2.2727
1.7982
1.9793
1.5947
2.113
1.7584
1.8661
1.8995
2.0713
1.7446
1.8611
2.0592
1.9223
1.9586
1.745
2.2084
1.6351
2.3293
2.0115
1.966
1.7693
2.3123
2.2009
1.744
2.0718
1.9768
1.8365
2.2583
1.8042
2.0307
2.1148
2.1
2.1077
1.4878
2.1391
1.914
1.8494
2.1664
2.1495
1.7625
1.7611
2.1893
1.8927
2.0798
1.9624
2.1992
1.6551
1.6906
2.0188
1.9597
1.9063
1.9578
2.1179
2.0069
1.9869
1.9768
1.8564
1.978
2.1036
2.3102
1.6967
2.0763
2.4078
1.5326
2.4288
1.6002
2.0259
1.8617
2.3076
1.6558
2.1747
2.0835
1.8809
1.7693
1.9911
2.1557
2.1766
1.6912
1.9762
1.7318
1.928
1.7027
2.3676
1.6714
1.876
2.0865
2.2248
1.7321
1.7858
2.4228
2.162
1.941
2.2311
1.5313
2.0038
1.7946
2.1021
1.9415
2.2242
2.0077
1.5938
2.093
1.8398
2.2179
1.8212
1.9726
2.0162
2.0197
1.8338
1.492
2.3407
1.974
2.041
2.0976
2.2847
2.0933
1.8917
1.9729
2.6647
2.0076
2.1572
1.7819
2.5404
1.8042
1.5621
1.9809
2.1266
1.8832
2.0746
2.1399
1.9353
2.1259
1.8785
2.1037
1.9501
2.0558
2.0867
2.1565
1.9202
1.8171
2.211
1.6893
2.3601
1.4734
2.1689
1.9172
2.0166
2.0027
2.2263
2.2113
2.3181
1.9002
1.5853
2.3376
1.816
1.9146
2.5041
1.6973
1.6944
1.771
2.2328
1.9799
1.654
1.7915
1.8786
2.8309
1.6125
2.178
1.6737
1.805
1.7523
2.6667
2.1967
2.3225
2.0495
1.9269
2.1736
2.0861
2.1646
2.4229
2.0903
1.915
1.6135
1.8071
1.7948
2.2173
2.1622
1.7975
1.6617
2.0603
2.0533
1.7548
1.9422
2.3737
2.0857
2.0506
2.0072
1.9297
2.1792
1.8902
1.7724
1.8047
2.336
1.9882
2.0094
2.0275
1.6985
2.3266
1.5429
1.9776
2.3601
1.5206
2.439
2.2401
1.7289
2.4453
1.8378
2.2604
2.0685
1.8286
1.8576
2.0093
2.1224
2.0856
1.8188
2.1045
2.4159
1.9266
1.4716
1.9147
2.0648
1.93
2.0331
2.0564
2.1431
1.7859
2.1804
1.7686
1.9664
2.1324
1.843
1.8116
2.1122
1.9482
1.8927
1.7464
2.0775
2.062
2.1888
1.9618
1.5066
2.1501
2.1794
1.8235
1.6017
2.2412
1.9091
2.2084
1.7707
2.4141
2.5329
1.7122
2.2318
1.7456
2.0891
1.9197
1.8398
2.3564
1.9475
1.7896
1.7713
1.9019
2.1923
2.1828
1.8213
2.3433
2.1502
1.9703
1.9127
1.7275
1.9501
2.4658
1.6141
2.4035
2.2075
2.1789
1.8241
1.9595
1.7611
1.7953
1.9333
2.0283
1.9081
2.3555
1.9829
2.1122
2.1484
1.6865
2.1839
2.0934
1.7185
2.0814
1.9247
1.628
2.0184
2.1469
1.7249
2.4203
1.9379
2.1734
2.0445
1.9713
1.6962
2.0365
2.0466
1.7572
2.5369
1.8635
2.1952
1.7774
2.3293
1.4387
2.3282
1.7754
2.1792
1.9389
2.006
1.9439
2.1816
1.9816
1.8536
1.9847
1.7973
1.7938
1.9668
1.9729
1.7448
1.8259
2.6442
1.8417
2.1258
1.685
2.2443
2.163
1.9147
2.1865
1.9476
1.9719
1.9454
2.0876
1.9808
1.967
1.9197
1.5417
2.1496
2.1264
1.5281
2.3002
1.6923
1.8392
1.9618
1.7351
2.0088
2.4115
1.7458
2.2425
2.3381
1.6666
2.1799
2.1086
1.5711
2.1474
2.2068
1.6366
1.7834
1.8918
2.0126
2.1904
1.711
2.0678
2.2368
1.8511
2.2272
1.9544
2.0532
1.5673
1.9308
2.1522
1.8452
1.864
2.281
2.1216
1.9751
1.6637
1.9098
2.194
2.5702
1.5752
1.9313
2.1953
1.9281
2.135
1.8722
1.7292
1.9079
2.0132
1.6143
1.8554
2.2517
2.3852
1.7594
1.8292
1.8209
1.8531
2.3749
2.274
1.5274
2.1067
2.3002
1.9332
1.7784
1.8775
2.1082
2.2671
2.478
1.8604
1.5796
2.2225
1.6752
1.8988
2.2384
1.675
2.0851
1.915
2.5418
1.7571
2.5396
1.6631
2.0691
2.0494
1.8504
2.1291
1.788
1.9903
2.1709
1.9489
1.9038
1.9997
2.1588
2.0946
1.9651
2.1411
1.7642
2.1094
1.8234
2.1111
1.4487
2.2855
2.0818
1.796
1.6863
2.2782
2.0606
1.9681
2.0917
2.0113
1.9495
2.0143
2.3677
1.6196
2.2925
1.8624
2.2275
2.1253
2.0899
2.2378
1.8513
2.2998
2.0574
2.1055
2.0046
2.0511
1.8412
2.0074
1.8545
1.9094
2.1979
1.7341
2.2488
2.0381
2.0058
1.8607
1.9937
2.31
1.9663
1.9245
2.0626
1.7942
1.9212
1.7049
2.1346
2.1916
2.2178
2.9013
1.4992
1.8857
1.8257
2.1281
1.8256
1.6447
1.9232
1.634
2.1634
1.7336
2.0159
2.0196
1.8538
2.1661
1.7929
2.2039
2.0021
1.9963
2.0882
1.8346
2.1433
2.0631
1.7821
1.9843
2.4741
1.7979
2.2193
1.8366
2.1359
1.5696
2.1059
1.7198
1.9694
1.9696
2.6911
1.5748
1.7151
2.0253
2.3298
2.0001
1.5199
2.2967
1.5858
2.4066
1.9558
1.9827
1.9642
1.9669
2.0375
1.7754
1.9581
2.4537
1.6434
2.3529
1.9164
1.9897
1.7972
1.873
1.8576
2.0269
1.9943
2.0423
2.3326
2.0566
1.9883
2.2519
1.6979
2.1301
1.9606
2.5237
1.943
1.5893
2.622
1.498
2.2561
1.9706
1.972
1.8217
1.9389
1.8466
2.4601
1.9654
2.1901
1.6684
2.4883
1.7095
1.8094
1.9212
1.829
1.9805
2.0443
1.7384
1.9723
2.1474
1.7795
2.4299
2.0173
1.9449
1.5402
2.2408
1.9427
2.0124
1.7826
2.0967
1.5357
2.0763
1.6969
2.0596
2.0257
1.7926
1.3655
2.3225
1.7502
2.0019
2.1469
1.8667
2.0572
2.0175
1.8586
1.7891
2.1379
2.0066
1.724
1.8907
1.6818
2.2855
1.8625
2.2475
1.7853
2.1687
1.742
2.0792
1.9307
1.867
2.3112
1.9697
1.6399
2.1186
1.8278
2.1275
2.5448
1.4269
1.7612
1.8491
1.808
2.3138
1.7248
2.2995
1.6039
2.0541
2.2666
1.7523
2.0374
1.6298
1.6243
1.8892
2.3182
1.5714
2.279
1.9605
2.2522
1.8785
1.9114
2.079
2.0544
1.4619
1.6114
2.2203
2.0835
1.9767
2.0725
1.8
1.8071
2.0924
1.9616
2.0526
1.7992
2.3459
1.8034
2.1004
1.9253
1.8391
1.791
2.6091
1.8816
1.951
1.876
1.5981
1.9391
2.4992
1.8034
1.954
2.0435
1.89
1.8384
2.0766
2.1638
2.0107
1.834
2.0395
2.119
1.4547
2.1488
1.7801
2.5092
2.1484
1.4884
2.0258
1.8615
2.0106
1.8728
1.9745
1.8452
2.0608
2.0197
1.9516
1.4538
2.2895
1.8374
2.08
2.5919
1.4525
2.0316
1.912
1.6061
2.0201
2.1111
1.9422
2.0244
1.5889
2.2008
1.841
2.1807
1.7278
2.1177
1.9597
2.2292
1.588
1.8097
2.1114
1.595
2.3
1.6688
1.8526
2.012
2.0231
1.8685
1.8234
1.9126
2.3286
1.737
1.8321
2.3553
1.7787
1.8659
1.8091
2.3286
1.8773
2.084
1.8944
2.4047
1.7747
1.7675
2.499
1.6559
2.2063
2.187
1.5561
2.1865
1.6449
2.074
1.856
2.2069
1.9868
2.5259
1.6447
1.9318
1.5574
2.1448
1.7715
2.2763
1.9688
1.7433
2.023
2.3899
2.2146
1.7927
2.0033
2.18
2.1813
2.3841
2.1084
1.9963
1.9309
1.9639
1.7612
1.9748
1.5725
1.8749
2.1302
1.8815
2.1732
1.9936
1.9677
2.15
2.021
1.8631
2.0353
1.6664
2.4728
2.0593
1.7825
1.9594
1.9335
2.5828
1.6395
1.7198
2.0214
1.9989
2.1432
2.5014
1.84
2.0329
1.8461
1.9025
1.8507
2.1372
1.9593
2.0506
1.9218
1.8468
2.0369
2.0191
1.8123
2.0351
2.1109
2.1088
1.6758
1.9168
1.9743
2.1009
2.1293
2.0066
1.6845
2.1749
2.3152
1.9152
2.102
2.1712
2.0008
2.149
1.7932
2.1182
2.4421
2.3204
1.9146
1.9616
2.054
2.3096
1.4072
2.0984
1.7698
1.9581
1.6132
1.8619
2.2243
1.7826
2.1526
1.9528
1.9837
1.8417
2.1006
2.5552
1.5317
2.408
1.9601
1.7079
1.7967
2.0186
2.0913
1.5823
1.9379
1.794
1.755
2.0261
1.9172
2.1812
1.977
1.6326
2.2157
1.5832
2.6782
2.3512
1.6401
2.1799
1.9635
1.8903
2.2285
2.3309
1.7709
2.1605
2.291
1.8635
2.1402
1.9045
2.0526
2.416
1.7537
2.2714
1.8434
1.956
1.7805
2.1673
1.8583
1.8272
2.2194
1.8272
2.3239
1.636
1.8748
1.8999
1.9093
1.6878
1.8685
1.688
2.0227
2.0835
2.119
1.8248
1.9692
2.3064
2.0962
2.2022
1.9236
1.8673
1.91
1.8973
2.1833
2.0142
2.177
1.9139
2.1429
1.9721
2.0369
2.5033
2.0402
1.5996
2.3422
1.932
1.9271
1.7552
1.9053
2.3112
2.1477
1.8987
2.4033
2.0206
2.2115
2.2876
1.9775
2.0006
1.7001
1.8485
1.8053
2.0142
2.4604
1.734
1.8559
2.081
2.162
2.362
1.7066
1.9726
1.586
2.3055
2.3854
1.5664
2.1557
1.8949
1.5692
1.7303
2.2224
2.0488
2.4707
1.8054
1.8542
1.649
2.4279
1.746
2.4181
2.1967
1.7644
2.0224
1.8945
2.1652
1.4946
2.2226
1.7496
2.0924
2.2461
1.7216
1.5594
2.0071
1.9187
1.5827
2.2955
1.7137
2.0438
1.9485
1.8472
1.7062
2.6245
1.815
1.8969
1.547
2.3204
1.8018
2.3392
1.711
1.8852
2.0583
2.1235
2.0898
2.0121
2.0584
1.9351
1.9142
2.0729
1.9636
1.7928
1.8038
2.1314
1.831
2.4268
1.8189
1.6942
1.9114
1.9843
1.7059
1.8883
2.1489
2.2984
1.7668
2.1153
1.8889
1.6628
2.1943
1.9594
1.6773
1.7935
2.0415
2.0586
2.0517
2.282
2.2041
1.7401
1.9131
2.463
2.1591
1.931
2.0199
2.0399
2.5511
2.0289
2.0535
2.1471
2.0974
1.9675
1.8564
2.1435
1.7455
2.1033
1.8551
2.2856
1.5622
1.9381
2.2559
1.6807
1.9931
2.6182
1.8371
1.8453
1.9779
2.1889
1.7324
2.008
2.1754
2.1457
1.8601
1.9936
2.0541
1.6865
1.8309
2.3901
1.6298
2.097
1.8778
2.0798
2.2646
2.0771
1.7286
1.9862
2.4034
1.8098
1.9387
2.4767
1.9557
2.0026
1.906
1.9867
1.8917
2.2691
1.5652
2.0812
2.4695
1.7857
1.9638
2.2569
1.9549
1.9089
2.1549
2.1817
2.023
2.0881
1.6714
1.9352
1.8108
1.8884
1.9557
2.2248
2.2356
1.8779
1.9159
1.9684
1.8121
2.1505
2.0584
1.9454
1.6537
1.6102
1.7105
1.9828
2.2144
1.8266
1.7228
2.2857
1.5639
2.3226
1.8396
2.452
1.6905
2.2533
1.7694
2.3742
1.6627
1.7628
1.9503
1.8552
1.9606
1.8329
2.1908
1.8702
2.1856
1.6721
1.9636
1.5058
2.088
1.7739
2.5503
1.5375
2.0709
1.9799
2.0866
2.0369
2.2066
1.8032
2.0149
2.2181
1.7595
2.4378
1.6403
1.8127
1.9438
1.4417
2.3583
1.7398
2.1446
1.9694
1.8809
2.2045
1.8673
2.1377
1.8342
2.0606
1.8493
1.9762
1.8934
1.9964
2.4503
2.0672
1.9279
2.4752
1.7046
2.1472
2.138
2.0906
1.9445
2.084
1.8213
1.9812
2.0821
1.7648
2.1968
2.1755
1.6722
2.0913
1.7853
1.969
2.2244
1.7978
1.5861
2.1365
1.6486
1.8149
1.9649
1.9097
1.8463
1.9533
2.0878
2.0463
1.9835
1.9813
2.3661
1.8443
1.7147
2.2257
2.1459
2.3614
1.663
2.0936
1.8494
1.748
1.8179
2.163
1.7926
2.4101
1.4988
2.4296
1.9943
2.2798
1.948
1.4506
2.0005
2.026
2.0577
1.9063
1.7683
1.9374
2.2988
2.4948
1.7171
2.4568
1.5159
2.337
1.8055
2.1477
1.867
1.7796
2.1994
1.9939
1.8944
2.0878
2.1093
1.7616
1.646
2.3616
2.1418
1.614
1.8807
2.016
1.7347
2.0618
2.2805
1.794
2.0646
1.5923
1.9188
2.1862
1.7327
2.4179
1.8044
1.8937
1.9938
2.0799
2.0543
2.167
2.073
1.9466
1.6171
2.0621
1.8567
1.7219
1.5017
2.2359
1.6278
2.0733
1.9453
1.9231
2.0061
2.0869
1.9978
2.1934
2.149
1.9037
2.5818
1.5707
2.1772
2.187
1.568
2.191
1.9491
1.8018
2.0848
1.8023
2.1665
1.8949
2.1504
1.9032
1.7942
1.9373
1.8774
1.9194
1.5416
2.2014
1.7746
2.2978
1.5327
1.9809
2.0326
1.9196
1.8574
2.1382
1.7691
2.1932
1.843
2.3198
1.8877
1.9097
2.1302
1.5837
2.2508
1.765
2.0693
2.0804
2.3465
2.2341
1.7667
2.2185
2.3463
1.5018
2.267
1.8907
2.1401
2.1941
1.8389
2.084
1.8889
2.0704
2.0949
2.2282
1.798
2.4008
2.2156
1.8433
1.5536
2.4037
2.0381
2.0178
1.6901
1.9362
2.1075
1.8802
2.1757
2.1593
1.7374
1.9935
2.1743
1.8724
2.5261
1.7887
2.0403
1.9345
2.3316
2.1733
1.785
1.9498
2.0673
1.95
2.1067
1.949
1.4394
1.8456
1.9313
1.8644
2.1001
2.0956
2.1021
1.9694
2.0849
2.0221
1.7392
2.4447
1.9086
2.2777
1.8553
1.9615
1.9087
1.9139
1.9356
2.0409
1.8623
1.6409
2.2319
2.0705
2.1718
2.1465
1.6217
2.085
1.6938
2.4366
1.6829
2.3247
1.5497
1.7962
1.8144
1.8369
2.0881
1.7827
1.9813
2.0396
1.6477
2.115
2.0549
2.1175
1.8995
1.8499
1.7242
2.312
2.2668
2.1899
1.5664
2.1512
2.1357
2.1174
1.9694
1.9014
2.3122
1.7894
2.188
1.9076
1.6909
2.1754
1.6492
1.9661
2.4536
2.103
1.6269
1.6897
2.0859
1.7138
2.5219
1.5856
2.0014
1.9308
1.9883
2.3796
1.7197
2.3544
2.508
1.5087
2.0839
2.2694
1.9417
1.8047
1.9038
1.8428
1.991
2.0149
2.006
2.0665
1.6041
2.2905
2.2631
1.7905
2.0905
2.0237
2.0388
1.7526
1.9866
1.8447
2.0878
1.9385
2.3266
2.2335
2.2321
1.7224
1.9133
1.8545
1.9531
1.9391
1.7906
2.53
1.528
1.8169
2.0408
1.8643
2.1012
2.0661
1.8574
2.1757
2.196
1.9643
1.8672
2.175
2.1017
2.2151
1.5984
2.3308
1.8708
2.1237
2.3934
1.756
2.3162
1.8519
1.6867
1.9689
2.0292
2.3424
2.0224
1.7808
1.8761
2.559
1.7182
2.1216
1.8876
2.2778
2.1274
1.6954
1.8651
1.7862
2.1035
1.8318
1.7687
1.9623
2.1832
2.1928
2.1145
1.8292
1.7067
2.2634
1.7048
2.3507
1.8537
1.6279
2.6331
1.8457
1.8807
2.1535
1.8971
2.1317
2.0657
1.6588
1.8732
1.9547
1.8681
1.9735
2.0194
2.0206
1.8258
1.9709
2.4512
1.8406
2.2989
2.1387
2.0349
1.7372
1.9102
2.2799
2.0418
1.9457
1.9269
1.7183
2.2178
1.6713
2.0582
1.9869
1.8039
2.0236
1.7868
2.053
1.892
1.8305
1.8122
1.9875
2.1752
2.0698
2.0812
1.9602
2.0006
2.4077
1.9595
2.1562
1.4757
1.9964
2.0026
2.0313
1.5716
2.0239
2.171
1.7982
2.0532
2.3661
2.0526
2.2683
1.8326
1.8839
1.9662
1.9848
2.002
2.6131
2.1462
2.3249
1.9064
2.0437
2.0239
1.8115
2.1903
1.9211
2.2913
2.1617
1.2217
2.082
2.0633
1.8327
2.4157
1.7257
1.9935
1.6479
2.1836
1.7895
1.9327
1.5411
2.1208
1.7968
2.4122
1.9037
1.8916
2.5615
1.9071
2.041
1.6268
2.3804
1.8613
1.7494
2.0313
1.8937
1.758
2.0441
2.2101
1.8626
2.1383
2.0625
2.0591
1.6845
2.2189
2.1047
2.006
1.7035
2.1034
1.854
1.8307
2.1749
2.0206
2.0817
1.7639
1.7318
2.0409
2.1362
1.9095
2.2466
2.4227
1.5916
2.0753
1.9719
1.6968
2.3562
1.7207
2.6685
1.982
1.9682
1.7824
2.07
1.8369
1.7999
2.0379
2.221
2.1901
1.896
1.9123
2.0604
2.221
1.9703
1.8623
2.1218
1.9995
1.6616
2.1362
2.0767
1.7978
2.1527
1.9455
2.0177
1.8463
2.3288
1.849
2.0945
1.9471
1.8485
2.0277
1.8655
2.0001
2.1388
1.8049
1.8039
1.7903
1.7268
2.1439
2.1048
2.4517
1.643
1.6434
1.9004
2.0368
1.8235
2.2582
1.7195
1.6107
2.0833
2.1852
2.0293
2.2308
1.5844
2.3494
1.5226
2.046
2.1172
2.17
2.0121
2.0362
1.9389
1.8366
1.997
1.8588
2.0709
2.2649
2.1902
1.8388
1.9009
1.929
1.9066
1.6661
2.0937
1.9105
2.0415
1.8485
2.0154
1.9903
2.2177
1.6591
1.7913
1.6438
1.9047
2.0378
1.8425
2.3186
1.8743
1.8773
1.7832
2.051
2.0866
1.6788
2.4004
2.0471
1.9486
1.7645
1.9955
1.7149
2.247
1.9168
2.2671
2.4563
1.8793
1.8702
2.0948
1.4123
2.0354
1.9947
1.785
1.7003
2.24
1.9773
2.1162
1.9735
2.1951
1.7721
1.8656
1.837
2.1564
2.2079
1.2976
2.5526
1.5601
2.8569
1.4328
2.4741
1.7256
1.871
1.9947
1.8645
2.1954
1.6992
1.8873
2.1888
2.195
2.1924
1.6976
2.1225
2.1199
2.133
2.203
1.8286
2.1017
1.7388
2.3437
1.6466
2.2537
1.6234
2.3554
2.0884
2.0074
1.9324
1.739
1.8602
1.9222
1.9334
1.7118
2.3596
1.8901
2.3569
1.79
2.1638
1.8437
1.9653
1.8115
2.4542
1.5644
2.0792
2.2974
1.9865
1.7017
1.9294
1.8656
2.3771
1.5268
1.9504
2.349
1.7858
1.9149
2.1221
1.6582
2.1213
1.8558
2.1725
2.1621
2.2579
1.593
1.8385
2.2721
1.7062
1.7318
1.8657
2.2059
2.3749
2.0259
1.9401
1.9755
1.8286
1.5788
1.9688
2.1491
2.1041
1.7033
1.8889
1.9518
1.9579
2.5866
1.4533
1.8806
1.4852
2.4044
2.5312
1.731
2.2063
1.7625
1.6451
1.8297
2.2342
1.7698
2.042
1.8974
2.1479
1.8519
1.9465
1.8642
2.1181
1.8755
1.9056
2.0169
2.1759
2.0248
2.5688
2.2079
1.3388
2.2019
2.0568
1.8085
2.4792
1.9515
1.7287
2.1114
2.1874
1.4707
2.2945
2.0703
2.1086
1.7573
2.0755
1.6362
2.4156
2.0683
1.5856
2.2209
2.0641
1.7189
2.4997
1.9203
1.7048
1.8973
1.9717
2.2897
1.7307
1.9337
2.1005
1.9507
2.329
1.867
1.922
1.8049
2.4493
2.238
1.7444
1.7382
2.1041
2.3759
1.8151
2.0168
1.8247
2.1766
1.8814
2.4083
1.8059
1.5252
2.3476
1.9084
1.9937
1.9722
2.0222
1.9269
2.1763
2.083
1.775
2.512
1.5567
2.1381
1.9579
2.0225
1.8167
2.3326
2.0807
1.7182
2.2896
1.8853
2.0182
2.2433
1.6756
2.1556
1.8819
1.9108
2.0277
1.7759
2.0875
2.0303
2.3455
2.2176
1.6022
1.9046
2.1474
2.0838
2.3974
2.0658
2.0428
1.8393
1.8861
2.0225
1.9605
2.1776
2.1076
2.3863
2.0538
1.5189
2.1671
2.0246
2.2329
2.5588
1.8227
1.9801
1.5429
2.3261
1.7188
2.0731
1.9334
2.1915
2.4881
1.732
2.4748
2.0322
1.6262
2.097
1.6754
2.1538
1.6594
1.9445
2.1069
1.8627
2.0015
2.2074
1.8352
2.1106
1.6149
2.6147
1.7437
2.0435
1.8645
1.8776
1.6245
2.5328
2.0593
1.8521
2.4362
1.5493
2.4255
1.9877
2.1387
1.8777
2.2537
1.932
1.6011
1.9245
2.3465
1.7684
1.8806
1.7611
2.6047
1.5979
2.5384
2.0324
1.8294
1.9471
1.9552
1.7677
1.5504
2.0038
2.175
1.8227
2.1494
2.154
2.1515
1.7797
2.1007
1.796
1.7424
2.0921
1.8962
2.059
2.1185
1.6283
1.9763
2.1414
2.0082
1.8483
1.8739
2.3187
1.9357
1.6503
1.9072
1.3613
2.2178
2.2147
1.9394
2.1269
1.7001
1.6101
2.5078
1.8066
1.8876
1.7219
2.219
1.9561
1.6648
2.4853
2.2735
1.6942
1.7
1.7812
2.2104
1.9575
1.5085
2.1796
2.1182
1.7788
2.1417
1.6787
2.2185
1.9508
1.9501
2.2733
1.7531
2.2116
2.072
1.9843
1.9409
2.4667
1.7094
1.996
2.527
1.747
2.0277
1.9378
2.1132
2.1239
1.7931
1.6477
2.0733
1.7465
2.5364
2.1661
2.0839
1.8519
1.9093
1.9116
1.6298
2.1648
2.21
1.9445
1.7966
2.362
2.0068
1.4572
2.0418
2.0844
2.1068
2.0628
2.1401
2.1825
1.8552
2.0614
1.9183
1.9233
2.0619
1.6933
2.1495
2.0776
1.9739
1.9181
1.9444
2.1819
2.0037
1.5868
2.1087
1.8425
2.2579
1.5718
2.1244
1.6553
2.0674
2.2649
2.0855
2.0537
2.0451
1.5047
2.0929
2.0076
1.4429
2.2087
2.0997
1.6277
1.9522
2.4292
2.0561
1.8762
2.0449
1.9615
2.0383
1.9424
1.8554
1.9372
1.8309
1.7503
1.8994
2.1755
2.1993
1.5245
1.9168
2.2018
1.4857
2.005
2.4187
2.2041
1.5935
1.8616
1.8651
2.3548
1.6431
2.1899
1.8018
2.0713
1.8341
1.9176
1.9607
2.1001
1.7791
1.6831
2.426
1.8078
2.2047
1.7387
2.325
2.117
2.001
1.7542
2.1337
2.0669
1.6257
1.8047
2.273
1.8122
1.8454
1.9607
2.0733
2.0568
2.2534
1.7062
2.0374
1.9096
2.3686
1.6223
1.8339
1.9298
1.7349
2.265
2.3463
1.7094
2.0592
1.9747
2.2593
2.1711
2.0863
1.8674
1.9931
1.9747
1.898
1.7843
2.2922
1.9838
1.961
2.2899
1.9669
1.9403
2.0561
1.7687
2.1203
2.186
1.6237
2.0591
1.8144
2.2705
1.7373
2.2949
1.9518
1.9728
1.9423
1.9012
2.1896
2.0628
1.686
1.9778
2.1771
2.0027
1.8349
1.8356
2.3061
1.6891
2.1096
1.9013
1.948
2.295
1.5536
1.7711
2.0948
1.8599
2.1927
2.2266
1.8427
1.7858
1.9641
2.3861
1.7117
1.9655
2.1145
1.862
2.2873
1.8642
1.9568
1.8589
1.983
2.1388
1.7524
2.4109
1.7095
2.0174
2.0097
2.088
2.4218
1.6011
2.247
1.8774
1.835
2.123
1.9116
2.1207
1.679
1.8173
2.1573
2.1226
2.0601
2.0361
2.2123
1.7268
1.824
1.8747
1.8101
1.7205
1.8557
1.9198
2.1099
1.4407
1.9406
2.0603
1.6018
2.2046
1.9567
2.5355
1.7839
2.3264
2.0734
2.1081
1.8102
1.8126
1.6991
2.2556
1.6738
2.4103
1.9714
1.6845
2.0797
1.9785
1.72
1.5838
2.129
1.7971
2.1568
1.8764
1.757
2.2252
1.9583
2.1817
1.6834
2.2558
2.0016
1.7478
2.0262
1.9556
1.9098
2.0567
1.8849
1.5587
2.1285
1.637
2.0765
2.126
1.5297
1.6998
2.3104
2.4424
2.297
1.8164
2.0974
2.3059
1.5798
2.1434
1.9894
2.014
2.1833
2.0195
1.8284
1.9076
1.9616
1.7792
2.1254
1.9138
1.9417
1.6289
2.3369
2.1245
1.7488
2.116
2.0601
1.8285
2.0684
2.0645
1.8849
2.3839
1.3842
1.9235
1.86
1.9374
1.9984
1.8453
2.0526
2.0747
2.0422
2.2935
1.8239
1.9637
1.8894
2.1785
1.5701
1.8274
2.2747
1.6337
1.9675
1.7313
2.0879
1.5926
2.2906
2.2379
1.6458
1.6688
1.9451
2.057
2.0145
2.0412
2.1278
1.9797
1.9922
2.1256
2.1364
1.6297
2.4024
2.065
1.8042
2.1526
1.752
1.9045
1.9422
1.8283
2.242
1.5155
2.3672
1.772
2.1413
1.7094
1.949
2.1923
2.1369
1.5911
2.0993
1.8465
1.7636
1.9733
1.5486
1.9977
1.8132
1.906
1.8056
1.7219
1.9685
1.9308
1.6849
2.2227
2.3576
2.1151
2.2654
1.6531
2.1645
1.9337
1.8199
2.1387
1.5593
1.9542
2.1825
1.7784
1.8691
1.8362
2.2563
1.8739
2.1058
1.9759
1.5221
2.181
1.8136
2.0795
1.7846
1.8413
2.1166
2.017
1.7788
1.9065
1.6632
2.2154
1.8603
2.3211
2.1049
1.9469
1.9314
2.2584
1.629
2.0516
2.3097
2.4109
2.4416
1.8274
1.8965
1.9426
1.7248
2.0499
1.9501
2.3455
1.8705
1.9626
2.0332
1.7054
2.3063
1.8936
1.7979
2.3053
1.9367
2.0117
2.1774
2.2403
1.6623
1.8658
2.0115
1.9622
2.4661
1.7142
1.7771
2.1011
1.8846
2.006
2.1476
1.8505
2.4379
1.4323
2.1607
2.5689
2.0389
2.0579
2.0013
1.975
1.7981
2.0438
2.0911
1.7827
1.5278
2.1959
1.9348
1.7366
2.1905
2.0036
2.423
2.0588
1.9212
2.0579
1.8747
2.3646
2.1104
1.8239
2.0166
2.2237
1.785
1.8154
1.7167
2.2845
1.4517
2.2823
2.266
1.6756
2.0384
1.9633
1.9235
2.4718
1.5848
2.1537
1.7243
1.8385
1.9345
2.8413
1.9692
2.176
1.414
2.0262
2.3027
1.7436
2.3307
2.0956
2.1921
1.8774
2.0597
1.4517
2.3178
2.4424
1.8715
1.9016
1.7032
2.1717
1.6604
2.1634
2.0231
1.9239
1.9373
1.8507
2.3221
2.0246
1.6564
2.0374
2.3871
1.9314
2.1069
1.9345
1.6695
2.3555
1.9433
2.5434
1.7413
2.2052
1.7479
1.7608
2.8259
1.8693
1.928
2.0816
1.7874
1.782
2.0671
1.7275
2.3916
2.0186
1.846
2.156
1.9048
2.1407
2.0591
2.5256
1.8037
1.9527
2.2998
2.1595
1.8266
2.2173
2.1919
2.0551
2.0258
1.7117
1.8905
1.6044
2.3416
1.629
2.3035
1.7783
1.6428
2.3515
2.2797
1.8645
1.8603
2.0505
1.7598
2.4407
1.7488
2.2181
1.7103
1.8982
1.9633
2.0466
1.6301
1.923
2.1383
1.6913
2.1988
2.2662
1.6123
2.332
1.6458
1.6576
1.9601
1.9245
2.132
1.593
2.228
1.7494
2.1729
2.1976
1.5808
1.9063
1.9509
2.0263
1.7166
1.9883
2.4565
1.8466
1.6254
1.9635
2.0935
2.288
1.909
2.0243
1.6705
2.1733
1.8926
2.2031
1.8446
1.9319
1.7221
2.0974
1.9232
2.3744
1.6965
1.7002
2.0213
1.9665
1.7515
1.8117
2.3543
1.478
2.3222
1.8883
2.0331
2.2711
1.7466
1.8603
1.8808
2.3153
1.8117
1.9652
1.3653
2.2174
1.9983
1.8639
2.1095
2.087
2.0577
1.9539
1.9122
1.8914
2.2985
1.799
2.0119
2.1575
2.1462
1.7266
2.2434
1.9553
2.0857
1.807
1.8777
2.578
1.4956
2.0723
2.0684
1.8943
1.4609
2.1768
1.924
2.0239
1.7899
2.2566
1.7995
2.307
2.0673
1.5398
2.1305
2.2276
1.7677
1.8793
2.2381
2.1385
1.6877
1.9145
1.8471
1.89
2.1993
2.5094
2.2373
1.8733
1.9272
1.9038
2.1534
1.6892
1.9215
1.9637
2.1308
1.7148
2.0998
2.0606
1.5424
2.2677
2.2128
2.1699
1.7304
2.2551
1.9711
1.8856
2.0231
1.7235
2.3845
1.9262
1.7888
1.9333
2.3462
1.7457
2.3592
2.1137
2.1504
2.0983
2.3135
1.575
2.109
1.9208
1.6906
2.0398
1.6131
2.171
2.2734
2.0107
1.8777
2.258
2.0463
2.124
2.1747
1.5675
2.0826
1.9643
2.4031
1.9719
2.1737
2.0527
1.3622
2.3233
1.8886
2.0211
2.2714
1.896
1.7656
2.2738
1.8009
2.0032
2.1914
1.9541
1.7051
1.7786
1.9194
1.57
2.1893
2.0585
1.8053
1.985
1.9154
1.7674
1.8852
1.9549
1.9088
1.9623
2.4079
1.738
2.2664
1.9751
1.8262
1.9165
2.1019
2.1518
1.7197
2.139
1.9457
2.0027
1.7991
2.2316
2.1929
1.7422
2.0994
2.2403
1.662
2.1272
2.0004
2.3858
2.3369
1.8417
2.1521
1.9665
2.3403
1.629
1.849
1.9574
2.0371
2.2888
1.8026
1.8501
2.4194
2.037
1.6648
1.9536
1.8494
2.1734
1.9818
2.1422
1.6635
2.05
2.0747
2.1043
2.1595
1.8579
1.9026
1.9316
1.9562
2.0389
2.0927
1.5051
2.3915
1.797
1.899
1.9399
1.7807
2.2614
1.7175
1.82
1.883
2.2401
2.1398
1.6014
2.3543
1.8928
1.958
2.2721
1.8905
2.0475
1.7252
1.991
2.2517
2.3194
2.0286
1.5889
1.9616
2.0226
1.869
2.23
1.9818
2.0569
2.1884
1.9622
1.8323
2.1937
2.085
1.7337
2.2809
2.5127
1.8371
2.3046
2.036
1.9071
1.9426
1.9645
2.2003
2.6818
2.1043
1.8236
2.1208
2.4456
1.6932
2.0997
2.2446
1.8111
1.7928
2.2832
1.9541
2.2304
2.2695
1.506
1.87
2.273
1.814
2.166
2.0288
1.6599
2.0287
1.7847
2.2729
1.899
1.9589
1.9452
2.2036
2.3481
2.002
1.8046
2.2881
1.9501
2.0891
1.7587
2.0894
2.0968
1.6438
2.0549
1.9272
2.2484
1.435
1.9435
1.899
2.2951
1.9229
2.1795
1.9527
2.1637
2.0127
1.9671
1.8459
2.0767
1.8275
2.1782
2.0214
1.9268
2.2818
1.8649
2.2222
1.5517
2.2018
1.7107
2.336
1.8697
2.0366
2.2704
1.8468
2.5009
1.723
2.2207
1.8877
1.9082
2.1378
1.4947
2.1797
1.8203
1.9899
2.1349
2.1973
1.8416
1.9815
1.7897
1.6869
2.3282
1.9782
1.7716
2.6013
2.0436
1.9339
2.2379
1.898
1.9548
1.9479
2.4187
1.8812
1.619
2.0512
2.2826
1.695
2.0523
1.8188
2.0069
1.8179
1.918
1.8301
2.1683
1.9266
1.8937
1.9472
1.6404
2.3966
2.0966
1.7314
1.9262
2.0374
1.7023
1.8826
2.1593
1.5779
1.919
1.6273
2.2494
1.7444
2.0928
2.085
1.9526
1.5802
1.9972
2.2393
1.7157
1.8926
1.9808
2.1092
2.2862
1.8863
2.0104
2.2091
2.0935
2.0958
1.9223
2.1819
1.7584
2.1588
1.6623
2.0815
1.8479
2.3628
1.8753
2.0479
1.9478
1.8939
1.6723
1.7679
2.237
2.0383
1.7525
2.2629
1.8304
2.2045
1.9562
1.7936
2.3664
2.0831
2.4104
2.0797
1.7228
2.2685
1.9719
2.177
2.0782
2.1398
2.0024
2.3555
2.0329
2.0778
1.7326
2.5441
1.9746
1.8822
1.4254
2.3105
1.5789
2.0337
1.9447
2.4335
1.7778
2.2101
2.2777
1.6451
2.36
1.9288
2.0166
2.5393
1.6323
2.0547
2.1388
1.7636
1.9095
2.1033
2.1983
1.7921
2.378
1.8813
2.1078
1.5892
2.1093
2.2336
2.1718
1.8129
2.0696
2.2009
1.5824
1.9109
2.1261
2.0009
2.0285
1.9308
1.9691
1.8635
1.7669
2.0817
2.3043
1.7245
1.9465
1.9879
2.4649
2.1624
1.4312
1.9364
2.247
1.8858
1.7529
1.9763
1.7181
1.9926
1.8818
2.2276
1.7907
2.1873
2.03
2.234
2.3906
1.7594
2.2317
1.655
1.8062
2.08
1.9655
2.1069
2.1126
1.3623
1.9834
1.8581
1.8238
1.9259
2.6767
1.8889
1.923
2.0747
2.0117
1.6894
2.2539
1.9076
1.9382
2.129
1.8826
2.471
1.8501
1.858
1.8024
1.7355
1.8833
1.9503
2.506
1.7908
1.6676
2.1421
1.8582
1.9734
2.1603
1.6438
1.954
1.7631
2.2249
1.4075
2.2027
2.2196
1.5672
2.3158
1.8393
1.7467
1.9703
2.0418
1.8835
1.8531
1.9476
1.7904
2.1141
1.8619
2.0803
1.8835
2.1823
2.1788
1.8258
1.9972
1.8303
2.0815
1.5974
1.9808
2.2334
2.0561
2.0236
1.9332
1.783
1.9608
1.9992
1.7507
2.1755
2.3411
2.1958
1.6192
1.9782
2.0729
2.2592
1.6529
1.8007
2.1515
2.0431
2.1877
1.9625
2.235
1.878
2.1531
1.8237
2.1772
2.2281
2.278
2.0597
1.9432
1.8891
1.9132
1.6121
1.9715
2.2053
2.2192
1.8229
1.6722
1.9669
2.1316
2.1266
2.0174
1.9766
1.6633
2.2742
1.8451
2.4548
1.9295
2.0517
1.8211
1.8591
2.0323
2.2094
1.7635
2.466
1.8286
2.2605
2.014
1.8931
2.1767
1.7442
2.0887
2.0087
2.0702
1.7561
1.8921
1.8641
2.262
1.7016
1.7204
2.0493
2.0207
1.8912
2.0633
2.2356
1.7734
1.8203
2.5271
1.7608
1.5516
2.4825
2.0956
1.8914
2.0351
1.7751
1.952
2.0315
2.2012
1.9081
2.0422
2.1162
1.9461
1.9603
1.9551
2.3587
1.9766
2.0401
2.0505
2.0417
1.7356
1.7806
2.3665
1.593
2.3741
1.647
2.1573
1.8386
2.2165
2.1371
1.8601
1.8985
2.1907
2.4551
1.7694
1.8275
1.9482
2.1162
1.9668
1.6583
1.8367
1.9933
2.0269
2.0258
1.4567
1.9482
1.8054
2.1078
2.1342
1.5621
1.9973
1.452
2.1816
1.985
1.7787
2.0338
2.0606
1.4167
2.1507
1.6737
2.0624
1.9885
1.6758
1.9945
2.4174
2.0205
1.668
2.1539
2.1237
1.8726
2.1862
1.5758
2.1179
2.1472
2.0604
2.1886
1.6995
2.1926
1.584
2.0874
2.1739
1.7702
1.926
1.8259
2.0171
2.0539
1.8104
2.187
1.9574
1.5666
1.909
2.2617
1.7572
2.3263
1.8395
2.0091
2.1421
1.9595
1.8144
2.1261
2.0599
1.85
2.0952
1.6317
2.2308
2.0385
1.9713
1.811
1.7287
2.2704
1.907
2.5813
2.0217
1.8881
2.2967
1.7875
2.2721
1.7355
1.9919
1.9444
2.1715
2.0383
2.0711
1.8215
1.8552
2.2028
1.7622
1.6274
1.9145
2.2036
1.907
1.8877
2.2103
1.7106
1.8731
1.8655
1.7813
1.8868
2.3218
1.6153
2.2877
1.8834
2.1942
2.3767
1.7641
2.1614
2.1724
2.0986
1.6862
2.0665
2.1097
1.9502
1.5601
2.011
1.4941
2.0367
2.1333
2.2286
2.1812
1.9842
1.9536
1.9316
2.1034
1.9107
2.2447
1.504
2.4888
1.5242
2.1813
1.8701
1.9016
1.7525
1.7108
1.8603
1.9366
1.9581
1.9307
2.0992
1.6448
2.1767
1.9972
1.9423
1.9919
1.929
2.2802
2.1844
1.5718
1.9826
1.9859
1.8975
2.2688
2.1711
1.7504
2.2639
2.231
1.8031
1.7762
2.2568
2.3951
1.8336
1.9936
1.8658
2.2857
2.1004
1.7477
1.9334
1.7392
2.0286
2.4472
1.8616
2.4437
1.8816
2.0046
1.8653
2.0953
1.9356
1.6505
2.1739
2.0567
2.0934
2.0413
1.9874
1.6097
1.9657
1.888
2.4418
1.8926
2.2276
1.9969
2.134
1.9685
1.8229
2.0358
2.2895
2.1072
1.9159
1.6517
2.1032
1.676
1.7585
1.9621
1.8002
1.3691
1.9098
2.0632
2.2023
1.9868
1.7696
2.2343
1.7568
2.3403
2.0655
1.8557
1.8825
2.2421
1.9593
2.0567
1.853
2.1809
2.3642
1.6687
2.0958
2.1293
2.2305
1.3522
1.9922
1.8166
1.9662
1.7264
2.2799
1.7749
2.2298
1.8174
2.15
2.1278
2.2157
1.3937
1.8486
1.9775
1.9707
1.9828
2.389
1.7579
2.1905
1.9786
1.8443
2.3237
1.5726
1.948
1.8749
1.6724
2.2634
2.0252
2.1128
1.6221
2.25
1.7349
2.2067
1.8183
1.7992
2.4873
2.1571
1.6313
2.3099
2.0361
1.9147
1.6655
1.8925
1.5279
2.2062
1.7788
2.035
2.0802
2.2689
1.7771
1.8379
2.1435
2.1044
1.8901
2.0975
1.8678
2.0405
2.0544
1.7996
1.8507
1.9933
2.165
2.0235
2.2057
1.9211
1.9955
1.857
2.0972
2.0677
1.7064
2.2802
1.6956
2.3135
2.0103
1.9833
1.8838
2.2949
1.8295
2.0592
1.7098
1.8906
2.2423
1.8714
1.9452
1.8855
2.131
1.8672
1.8616
1.9423
1.4257
2.0972
2.1544
1.9686
1.6699
2.1587
1.9395
1.8663
1.927
1.8508
2.1872
2.0139
2.0679
1.8445
2.3324
1.6023
1.7344
1.899
2.6413
1.9824
1.8422
2.0421
2.0654
1.729
2.5279
1.8712
1.9752
1.69
1.9997
2.2855
1.6692
2.0137
1.9367
1.5451
1.8428
1.7905
1.8322
1.9617
2.0033
2.1287
1.5846
1.9521
1.6471
1.8967
2.1109
1.9432
1.9826
2.1864
1.7122
1.8393
1.6139
2.5252
1.6412
2.255
2.2992
1.8941
1.5938
1.9686
2.2296
2.0947
2.2051
1.9299
1.5688
2.5587
1.7828
2.0913
1.575
2.2675
1.746
2.1658
2.0339
2.2657
2.0081
1.8785
2.2964
1.9292
1.6724
1.5513
1.925
2.0022
1.6895
1.7667
1.9397
2.3602
1.8907
1.8615
1.9841
1.6914
2.3132
1.9776
1.7989
1.9657
2.078
1.8884
1.9478
2.2964
1.9715
2.074
2.0348
2.3345
1.5778
1.9556
2.2359
1.9886
1.4632
2.0109
2.3898
1.7129
1.8111
2.0834
1.9568
1.9586
1.8883
1.5469
2.3122
1.7761
2.3672
2.1226
1.9983
1.9577
1.5207
2.0417
1.7514
1.9937
2.1214
1.8266
2.3124
1.9237
1.8406
1.9794
1.7821
1.892
1.9771
2.01
1.7964
2.1657
2.06
2.1037
1.6479
1.8121
2.1876
1.8261
2.0405
1.8453
2.1813
1.8823
1.6567
2.4831
2.1484
1.9088
1.715
2.394
1.7283
1.7729
2.2379
1.8453
2.1848
1.6578
2.0672
1.7969
2.1408
2.0185
1.4908
2.0927
2.0783
2.0627
1.915
2.3436
2.3089
1.4147
2.0456
2.2199
2.5419
1.5748
2.235
1.6825
1.6037
2.2781
1.7304
2.1271
1.9901
2.3091
1.9243
1.9897
1.9318
2.1523
1.7739
1.8753
2.1159
2.1979
1.5338
1.7518
2.0625
2.1048
1.8815
2.0772
1.8329
2.0802
1.7948
2.7632
1.7277
1.7891
1.9863
1.9008
2.0884
2.2243
1.6905
1.5264
2.06
2.3261
1.8196
1.5036
2.187
2.3243
1.6322
1.9811
1.9223
2.0448
2.087
1.9381
2.1604
1.962
1.686
2.0846
1.91
1.9282
2.0975
1.5409
1.8615
2.1935
1.7457
2.0549
2.0188
1.7088
2.1883
1.778
1.8361
1.8784
2.3525
1.8919
1.6303
2.3509
1.8012
2.6178
2.0681
2.117
2.3545
1.7774
2.0563
2.2312
1.7987
1.8609
2.3139
1.9957
1.7938
2.2868
1.7985
2.1105
1.7782
2.1509
1.631
2.2123
1.7796
2.0058
2.0847
1.8164
1.9269
2.0849
2.299
1.8836
2.1705
1.9633
1.7975
2.0768
1.8781
1.841
1.7672
2.2627
1.9938
1.9552
2.2929
1.5877
2.2768
1.8261
1.9353
2.2292
1.83
2.3281
1.7837
2.2001
1.6119
1.8494
1.7764
1.5507
2.1316
2.0041
1.709
2.2969
1.8827
1.979
1.8232
1.9499
1.927
2.0437
1.9047
1.9424
2.0216
1.8395
1.9082
2.1797
2.0869
1.7044
2.0701
1.9795
2.5541
2.2192
1.8798
2.0042
1.8407
1.7622
2.0164
1.9234
2.3171
1.4699
1.9378
2.3386
1.8362
1.7403
2.2462
2.1713
1.8331
2.1284
1.6707
2.0069
1.5919
2.5154
1.8806
1.9269
1.8505
1.5949
2.2353
1.9675
1.8006
1.8046
2.2243
2.1484
1.8671
1.7788
1.9192
2.316
1.5035
2.2807
1.8553
1.8027
2.0999
1.8242
2.0228
1.9908
2.0149
1.887
2.2457
2.1247
2.6232
1.5378
1.6911
2.3391
2.0535
1.7488
2.0497
2.2587
1.7753
1.8572
2.096
1.8138
1.775
2.268
2.0544
1.7384
1.8633
1.6815
1.8743
2.0626
2.1898
2.23
2.0108
2.0552
1.9171
1.8073
1.8717
2.1389
2.366
1.9247
2.1054
1.8389
1.8078
2.0207
2.0824
1.7435
1.87
2.176
2.3962
1.808
1.807
2.1672
1.7684
1.9528
2.3252
1.9843
1.5714
2.8063
1.752
1.971
1.9078
2.1703
1.8446
1.9548
2.097
1.7922
2.3341
1.584
2.5261
1.8833
2.4032
1.4968
2.4503
2.031
2.1465
2.1202
1.8431
2.1274
1.9435
2.0353
1.6686
1.5778
2.0702
2.1952
2.0973
2.2648
2.1887
1.5472
2.1236
2.0694
1.8054
2.3629
1.7738
2.0206
1.9024
2.1411
1.9395
2.1137
1.5162
1.8104
1.6051
1.7587
1.587
1.9452
2.1973
1.4967
2.205
2.0921
1.5638
2.1006
1.9701
1.8275
1.9249
1.9432
1.8738
2.1554
1.9817
1.8417
2.079
2.1135
1.971
1.9797
1.9627
1.577
2.0893
1.8583
1.9023
2.3091
1.8737
1.8083
2.0159
2.2933
2.0713
2.1254
1.5491
2.1925
1.9491
1.7653
2.3681
1.9497
1.7163
2.1371
2.2696
1.9324
2.2121
1.7902
2.3699
2.25
1.7443
2.0743
2.3803
1.778
1.8991
2.2036
2.1298
1.9687
1.8905
1.7983
2.3563
1.8287
1.9171
2.4414
2.6216
1.452
1.874
1.6323
1.946
2.2515
1.8587
1.9048
2.0917
1.8346
2.3186
1.5126
1.8109
2.2671
2.1748
1.7358
2.278
1.9379
2.2162
2.1665
1.6053
1.9188
1.7367
1.7639
2.2854
1.9161
2.3254
1.9356
1.9411
2.1277
1.8249
1.8736
2.0842
2.5493
1.7021
2.4307
1.8179
1.7282
2.229
2.0034
1.709
1.8192
2.1526
2.1402
1.7484
1.8782
1.7556
1.9626
1.9457
1.7091
2.2559
1.994
2.1023
1.9701
1.4606
2.0267
1.8595
1.8833
1.972
2.1844
2.0244
1.9188
2.1726
1.9364
1.8812
1.8937
2.1197
1.8391
2.1836
1.8942
1.9553
1.9338
1.9215
1.9677
1.9106
1.951
2.0785
1.9966
2.1149
1.9426
2.4445
2.02
2.3832
1.9929
1.9267
2.3619
1.9561
1.6922
1.9031
1.844
2.277
1.7046
1.9694
1.9666
1.657
1.9707
2.2435
1.9805
2.0555
1.6496
1.8846
2.1175
2.0718
1.7167
1.9958
1.7374
2.2557
1.4797
1.9337
1.7806
2.0966
1.8831
1.8707
1.8065
2.0831
2.3384
2.3
1.667
2.1511
2.3881
1.9305
1.742
1.705
2.2836
2.0199
2.031
1.7352
1.4052
2.2446
1.904
1.7775
1.7668
1.7451
2.2594
2.2066
1.7775
1.4902
2.7791
1.8231
1.8919
1.8397
1.966
2.089
2.1548
1.839
2.1135
1.8046
2.3853
2.0296
1.7034
2.4003
2.1648
1.9251
1.9446
2.136
1.6871
2.1845
2.4807
1.5916
2.1472
2.1685
1.8099
1.5505
2.278
1.7532
2.2101
1.9469
1.7587
1.8958
2.3543
2.0075
2.0474
2.0932
1.7595
2.1203
2.1037
1.649
2.2124
2.4221
1.9763
1.7611
1.7441
1.9834
1.8143
1.8277
1.9956
1.9637
2.328
1.7384
2.2164
2.0139
2.2117
1.8331
2.1796
1.954
1.5678
2.0565
1.9166
2.1232
2.3796
1.9973
1.692
2.3025
2.1616
1.9792
1.8823
1.792
2.26
1.6874
2.0213
1.977
2.239
1.8045
2.0092
2.241
1.9487
1.8512
1.9144
1.9064
2.031
1.9582
1.965
1.9089
2.0578
2.0009
1.8068
2.1122
1.5339
2.032
2.246
1.93
2.1533
2.2944
1.8753
1.8853
1.9431
1.9116
1.8369
2.1973
2.0374
1.6722
2.0366
1.8553
1.697
2.3536
1.7059
1.9497
1.6963
1.9293
1.9808
1.986
2.1
1.746
2.1113
1.9842
1.9672
2.0762
2.1217
2.1557
1.5865
1.7662
2.0127
1.781
2.0771
1.9955
1.9481
1.9217
2.3104
2.289
1.9096
1.7065
2.1334
1.9587
2.5038
1.5351
2.0931
2.1065
2.1928
1.5074
2.3472
1.8782
1.9693
1.7416
2.2989
2.1472
1.7751
1.8963
2.1388
1.8485
2.3816
1.9144
1.6289
2.0172
2.1176
1.9828
1.685
2.1109
2.137
2.0737
1.9785
1.6687
1.7847
2.1304
2.2654
1.8393
2.6617
1.7224
2.3158
1.6834
2.1971
2.5032
2.2001
2.076
1.778
2.4287
2.3472
1.6809
1.8891
2.1475
1.725
2.2009
2.042
2.1858
2.1758
2.1331
1.7272
1.6673
2.2372
1.9841
2.0294
2.3727
1.7811
1.6473
2.0226
1.8384
1.9678
1.9114
1.9592
1.7206
2.1692
1.6705
2.4095
1.7569
1.9849
1.7851
1.4981
2.3965
1.9383
2.0124
1.6932
1.9365
1.8575
1.9506
1.8014
2.3482
1.8499
2.1021
2.0212
1.8417
1.9573
2.0402
1.7839
1.9849
1.8
1.8849
2.4365
1.9704
1.7829
1.8023
2.5256
1.4287
1.7217
2.1355
1.6321
2.0952
1.6815
1.9173
1.9451
2.3898
2.014
2.0457
2.1956
2.3793
1.6222
2.13
2.3431
2.0331
1.4451
1.9378
2.0387
1.9683
2.0247
1.8523
1.8787
1.8388
1.9889
2.0837
2.02
2.0886
2.1669
1.9267
1.8866
2.0198
2.0747
1.9205
2.0657
2.2909
1.6931
1.7664
1.8596
2.2434
2.1399
1.8099
2.5604
1.8699
1.6753
2.3511
2.3366
1.3749
1.7932
1.6897
2.2729
1.8229
1.7082
2.0854
1.8123
2.127
1.8736
1.9703
2.0362
1.7074
1.9103
1.996
1.8548
1.7817
2.1667
1.9117
1.6949
1.9009
1.9769
1.7931
1.6841
2.1923
1.7567
2.119
2.4809
1.8145
1.9351
2.1071
2.3922
2.0121
1.7348
2.1233
2.014
2.3167
2.011
1.8691
2.2702
1.7104
1.8938
1.8984
1.8866
1.6678
1.6381
2.3871
1.8922
1.7079
2.054
1.6993
2.1959
1.7153
2.3819
1.822
1.8931
2.1229
1.7933
2.3187
2.1119
1.5741
2.3014
1.663
2.1175
1.8917
2.5379
1.6103
1.7425
2.0685
2.0249
1.709
1.979
2.1569
2.1458
2.0338
1.5949
1.9172
1.6124
2.2454
2.0237
2.1487
1.8694
2.0812
2.1352
1.9614
1.8964
1.5609
2.7572
1.9429
1.7514
1.8011
2.275
1.758
2.3065
2.2866
2.0522
1.8277
1.7647
2.2894
1.7553
2.1551
1.8206
1.9784
1.8164
1.7894
2.6274
1.7939
2.9538
2.0657
2.095
1.7662
2.0466
1.8241
2.2357
1.8751
1.9581
2.0387
1.9852
1.9559
1.7103
2.457
2.0978
1.4853
2.523
2.2787
2.0461
1.9459
2.0684
1.8255
2.3512
1.7688
2.1102
1.7997
1.9741
1.7872
1.7865
2.1369
2.3099
1.5155
2.2619
1.9755
1.9477
2.2685
1.9177
1.7056
1.7109
1.9967
2.1854
1.94
2.3346
2.1135
2.2209
2.1882
1.7049
2.0242
2.3709
1.5707
1.949
1.9351
1.6457
2.2215
1.7572
2.0216
1.915
2.1041
1.7516
2.5107
1.7121
1.7669
2.2571
1.7918
2.1891
2.0592
2.1143
1.814
2.0984
2.1132
1.703
2.1768
1.9236
2.0257
1.7113
1.8335
2.5329
1.8086
1.7949
1.6694
2.1673
2.155
2.163
1.9642
2.3118
1.8669
2.0566
2.1082
1.9984
2.1841
1.7961
1.8162
2.0647
1.5758
2.2733
1.9055
1.7194
1.9764
1.9244
2.017
2.4618
1.5498
1.9718
2.235
2.1763
1.7242
1.9513
2.642
2.02
1.8967
1.8398
2.0536
2.0544
2.2791
1.8502
2.2374
2.0072
1.9661
2.072
1.9443
1.7791
1.9142
1.8195
2.1046
2.4315
1.9532
2.0643
2.2796
1.5928
1.8762
2.0878
1.6443
2.1688
2.4951
1.7444
1.8475
1.9767
2.1538
2.0956
2.0527
1.9485
2.0048
1.8456
2.0658
2.1239
1.8948
1.8734
2.1767
2.1195
2.1817
2.0408
1.7931
2.1132
1.9187
1.904
1.5857
1.9439
2.1304
1.9057
2.3026
1.9468
1.7125
1.7541
2.1087
1.939
1.761
1.7901
2.145
1.9809
1.9725
2.202
2.3336
1.6518
1.6678
2.078
1.6918
2.0596
1.9025
2.5281
1.6851
1.9805
1.9742
1.8277
1.6882
1.9015
1.8539
2.3264
1.5661
1.7734
1.9855
1.9316
1.9999
1.5901
2.2962
1.9804
1.5308
2.2163
1.9301
2.1773
2.1632
1.7219
1.9995
2.1179
2.2351
2.1274
2.1861
2.0253
1.5838
2.048
2.3345
2.1634
1.8426
1.9769
2.2677
1.9977
1.7204
2.0721
1.9798
1.8762
2.2281
1.6544
2.1903
1.8205
2.02
2.0299
1.917
1.9464
2.0576
1.8192
2.2534
2.125
2.0348
2.2187
1.771
1.8057
2.1498
1.8311
1.9035
1.9112
2.0426
2.1576
1.6171
1.8392
2.0433
2.0786
2.2067
1.4307
2.1799
2.1831
1.8192
2.049
2.2233
1.9674
1.9059
2.4017
1.7536
2.1316
1.8328
2.1552
1.8845
1.8575
1.3732
2.2399
2.0272
1.6571
1.809
1.9153
2.1888
1.9341
1.614
1.8397
2.3872
2.0374
1.6529
2.3615
2.1409
2.1187
2.1139
1.5275
2.0468
1.674
1.9676
1.8061
2.1451
2.2245
1.8261
2.0202
1.6174
1.6026
2.1038
2.0031
1.8137
2.1336
2.4963
1.3959
2.2954
2.0083
2.2319
1.854
1.7176
2.0245
2.01
2.1212
1.9085
1.9821
2.2582
1.9393
1.4399
2.0762
1.9296
2.2038
2.1684
1.6312
2.3766
1.7929
2.3166
2.1701
1.8755
1.7886
2.1275
2.0243
2.0006
1.966
2.1753
2.0231
2.0407
1.3748
2.5117
1.6439
2.4252
2.1618
2.0174
2.0519
2.0891
2.1997
2.0495
1.6532
2.0774
2.4812
1.8652
1.855
2.1865
2.1083
1.8044
1.9331
2.1059
1.6512
2.1304
2.0146
2.119
1.7076
1.8364
2.0088
2.093
1.9939
2.2354
1.7777
1.9751
2.1379
1.6439
2.0849
1.7736
2.1746
2.3249
1.7531
1.7721
1.8035
2.1636
2.084
1.744
1.7576
2.0888
1.7996
1.9346
1.8979
2.0014
1.8562
2.3807
1.9516
1.8067
1.9495
2.0118
2.5651
1.7219
2.1654
1.9904
2.0148
1.8762
1.9643
1.9712
2.363
1.6341
1.9721
2.2388
2.2992
2.0532
1.8114
1.7163
1.9964
2.2389
2.0533
1.8335
2.0774
1.6123
2.33
1.6683
2.3633
1.9144
1.9655
2.1449
2.0887
2.2392
1.7167
1.9956
2.0666
1.8121
1.9943
1.8799
2.1707
1.8997
1.9294
2.2479
2.0997
1.7683
1.8272
2.0413
2.0069
2.0765
1.919
1.7333
2.1187
1.8004
2.0157
1.725
2.2447
1.4878
1.9888
2.0653
1.8069
1.8714
1.8344
1.9032
2.249
2.2657
1.731
1.7689
2.6099
1.8911
1.9962
1.8562
1.8224
2.2999
2.023
1.6229
2.3875
1.8021
2.3181
1.8612
1.9762
2.2911
1.7414
1.9039
1.6914
2.3052
2.2368
2.08
2.0288
1.9286
1.863
1.9208
1.8383
2.1472
2.4296
1.7825
2.0712
2.0288
1.9618
1.8489
1.996
1.983
1.6512
2.1698
1.842
2.1574
2.1964
1.4205
2.0747
2.0775
2.1356
2.1554
1.69
1.8428
1.812
1.9978
2.4515
2.1772
1.8444
2.0458
1.7338
1.8115
1.8134
1.9576
2.0932
1.8793
1.9525
1.7038
1.9814
1.8108
2.1195
1.8029
1.9763
1.7267
2.1573
2.2667
1.5939
1.8506
2.0454
2.0399
2.1836
2.0807
1.9114
2.0406
2.2391
1.716
1.8074
1.6909
2.3214
1.6049
2.0395
1.9564
1.9884
2.0206
1.8306
2.2662
2.2469
1.8909
1.9108
1.8941
2.3742
1.866
1.955
1.7296
2.1441
1.5668
2.5686
2.62
1.7258
2.0486
1.6892
2.0422
1.8534
2.435
1.7862
2.005
1.7151
2.5879
2.1904
1.7917
2.0413
1.8218
2.3579
1.825
1.8384
2.1168
1.8644
1.9362
2.1645
2.0012
1.806
1.8586
2.0001
1.6142
2.1385
1.9899
2.1189
2.1772
2.1487
2.0128
2.316
2.1548
1.8959
2.6765
2.2644
1.5962
2.6155
1.7127
2.2116
1.5502
1.8547
1.9635
1.8737
1.6495
1.9852
2.2412
1.9951
1.9141
1.6644
2.1943
1.8406
2.0278
2.1793
1.721
1.7081
2.4258
1.4245
2.0718
2.2894
1.8879
1.8616
2.1647
1.7508
2.0229
1.9448
1.9629
1.8031
1.5163
2.4952
1.5641
1.8979
2.1534
1.97
1.669
1.9247
1.9653
1.8487
2.216
1.9025
2.2696
1.7288
2.0499
1.8264
1.9468
2.2971
2.0472
1.9653
2.0083
1.9492
2.3706
1.8161
2.0313
1.8349
1.9575
1.8611
2.048
1.7006
1.8416
1.8672
1.5406
2.1118
1.6035
1.8655
1.7298
2.2656
1.7387
2.3158
1.9533
1.9989
2.1287
2.4284
1.8728
1.99
1.24
2.3046
2.4416
1.6506
2.3714
1.7918
2.4154
1.8055
1.7049
2.1696
2.1174
1.6241
1.8674
1.8965
1.7451
2.3067
1.9308
2.0158
2.1168
1.8148
2.1265
1.473
2.4247
1.7051
2.0766
1.699
2.2381
2.4185
2.0337
1.5207
2.4433
2.0484
1.7984
2.0429
1.9986
2.0063
1.8046
2.3926
1.6283
2.231
2.2888
1.6902
2.0221
1.9665
2.0556
2.1651
1.9137
2.0401
1.6104
1.9595
1.9818
2.2141
1.9531
1.7766
2.0338
2.0843
2.0568
1.6168
1.9009
1.8299
2.0521
1.8216
1.666
2.0949
2.0984
1.8643
2.3901
2.2328
1.7893
1.7595
1.9441
2.2484
1.5356
2.2416
2.1139
2.0915
1.7547
1.5377
1.8716
1.845
2.0394
2.0565
1.9663
1.7976
1.8625
2.0661
2.1404
2.0708
2.5123
1.7201
2.3352
1.6788
2.0588
1.6561
2.5783
1.7125
2.1269
1.8109
1.9194
2.012
1.6391
2.3967
1.4351
2.2735
2.1035
2.2705
2.1009
1.802
2.3993
1.8092
1.9164
1.8513
2.2284
2.0644
2.3207
1.6578
1.9245
1.893
2.009
1.9272
2.1598
1.9369
2.1981
1.9572
2.0974
1.7087
1.9614
2.0445
2.072
2.366
1.8687
1.8076
2.1431
2.0004
2.3017
2.1203
2.1093
2.1319
2.2016
2.1929
1.671
2.2404
1.8145
1.969
2.1365
2.1843
1.6016
1.8861
2.0836
1.8935
2.513
1.5396
1.9434
2.3583
1.9213
2.05
1.906
2.0681
1.8493
2.2593
2.0396
1.8277
1.6251
2.0742
2.0232
2.0604
1.6373
2.1012
2.5014
1.9396
1.865
1.7511
1.9032
1.8871
1.9747
2.297
1.8355
1.7901
2.1584
2.0585
1.8311
2.1727
2.0081
1.766
1.6522
2.1908
1.8008
1.8879
2.1235
2.1357
1.7722
2.3254
1.7527
1.9605
1.7011
2.2281
1.8555
2.1637
1.8116
1.8831
2.074
2.1061
1.6517
2.0726
2.2744
1.6256
2.1081
2.0441
2.2294
1.8689
2.2861
2.2678
2.1089
1.8456
1.855
2.3543
1.8774
1.8446
2.1067
1.7696
2.3275
1.9634
1.6927
2.239
1.7302
1.8979
1.9733
2.3427
1.836
1.7981
1.9412
1.9952
1.9263
1.9948
2.3171
2.0795
1.5369
2.5634
2.3932
2.33
2.3146
1.5142
2.095
1.8265
2.1906
1.8157
2.0343
2.029
2.1819
2.1968
1.8065
2.1535
1.9411
1.6974
1.9748
2.0274
1.7672
2.311
2.1486
1.6361
1.9938
2.211
1.8986
1.8858
2.3098
1.6193
1.8483
1.7613
2.3236
2.0724
1.7562
1.9813
2.0004
2.1274
1.4911
2.5879
2.0387
1.9547
1.4323
2.3994
2.1169
1.9732
1.7245
1.9705
1.8152
2.0808
1.8013
2.2684
1.7144
1.7423
2.0459
1.9091
1.9871
2.302
2.1016
1.6165
2.108
1.8014
2.2839
1.7975
2.5292
1.872
2.0101
1.9611
2.4937
1.5677
2.2223
2.0388
1.9348
1.9082
1.7704
1.8647
2.1249
2.0643
2.2173
1.4668
2.0537
1.908
2.0043
1.933
2.2492
1.8394
1.5761
1.8963
2.1915
2.1029
1.7608
2.0979
1.8684
1.9145
1.9811
1.8217
1.9645
1.9571
1.9309
1.8119
2.1735
1.8561
2.2971
1.8174
2.219
1.969
1.7768
2.2391
1.6838
2.1058
2.2721
1.435
1.8974
2.3479
1.8571
1.9362
1.799
2.1813
1.6624
1.7421
1.9424
2.3104
2.121
2.279
1.753
2.1637
1.987
2.123
1.9269
1.8613
2.0367
2.1308
1.8028
2.3573
1.6698
2.4462
1.5918
1.9596
2.0583
1.6962
2.2848
1.7831
2.2323
1.7041
2.0007
1.9231
1.9999
1.8494
2.0451
1.5759
1.9249
2.0096
2.1382
1.6962
2.1097
1.9679
2.059
2.1565
1.4658
2.4831
2.0401
1.6661
1.843
1.7258
1.7285
1.915
1.9661
1.797
1.8871
1.7608
2.0422
2.1008
1.879
2.2945
2.0102
1.847
2.0298
2.1233
1.8766
1.7984
1.8481
1.9509
1.9518
2.7279
2.0685
1.5927
1.7296
2.0553
2.4331
1.404
1.9727
2.074
1.663
2.0094
2.1697
2.297
1.7689
2.3238
1.9119
2.0233
1.7586
2.1001
1.4913
1.9928
2.0184
2.1324
1.6385
1.8133
1.548
2.0906
1.8718
1.9275
2.2512
1.7429
1.9171
2.2172
1.7897
1.9152
2.0974
1.7847
1.9361
1.9649
2.0829
2.5884
1.9412
2.3404
2.0316
2.1796
1.9222
2.0745
1.8301
2.5691
2.0577
1.6747
2.1547
2.0123
1.4563
1.9158
1.9238
2.093
2.128
1.5584
2.0057
1.7662
2.2066
1.8058
1.7452
2.3401
1.6606
2.1506
1.6538
1.9582
2.0675
1.9684
2.3523
1.956
2.2768
1.9867
1.8249
1.8439
2.1304
2.5398
1.7877
1.8995
2.061
2.3892
2.0385
1.6744
2.3185
1.8625
1.7495
1.6876
2.1091
1.6859
1.6669
2.4062
2.0272
1.9121
1.8143
1.9415
1.7238
1.9191
2.4928
1.9846
1.8335
1.8707
2.3271
2.0957
2.2664
2.0493
1.82
2.3456
1.8978
2.1905
1.7867
1.7559
1.921
1.7882
1.8996
1.9319
2.1209
1.8597
2.0031
2.4957
1.485
1.9466
2.0205
1.9835
2.3807
1.8977
2.0971
2.0068
2.0133
2.0397
1.8295
2.2754
1.8978
1.7389
2.3433
2.0314
1.7378
2.1342
1.9604
1.8233
2.3456
1.9262
2.5147
1.6637
2.1998
1.5526
2.3694
2.1535
1.7549
2.5817
2.1146
1.71
2.1486
2.0889
2.0642
1.8734
2.0951
2.0184
1.9251
1.4923
2.186
1.9738
1.9855
1.7155
2.1524
2.08
1.6344
2.4202
1.8712
2.4543
2.0465
1.7335
1.9562
2.042
1.9837
1.7758
2.2546
2.1172
2.3522
2.2448
1.7783
2.051
1.5901
2.3179
1.7686
2.1546
1.8021
1.8594
2.092
2.1225
1.8964
1.9326
2.3063
1.7626
1.7493
2.1855
2.3106
1.6407
1.8503
2.1065
2.7535
1.6418
1.9652
2.1049
2.0933
1.8768
2.0262
2.217
1.7577
2.0296
1.9753
1.8556
2.0742
1.9369
2.1749
2.0491
1.9124
2.5545
2.0817
2.0205
2.4269
1.8994
1.7207
2.2101
2.0687
1.9262
1.6831
2.2853
1.7609
1.6676
2.0052
2.3609
1.776
2.4725
2.1035
2.1778
1.957
1.802
2.5324
1.8259
1.8571
1.5555
2.3341
1.9734
1.9326
1.7191
2.2502
1.9637
2.3156
2.5489
1.7193
2.0441
1.9169
2.8739
1.5592
2.1249
1.8784
1.7587
1.8645
1.935
2.2317
1.9282
2.2847
1.8522
2.0899
2.1303
2.0692
2.2227
2.078
1.7452
2.0346
1.8787
2.3346
2.3608
1.4579
2.1054
2.2074
1.8123
2.0363
2.469
1.9256
2.1427
2.2074
1.7919
2.0877
2.0823
1.9845
1.9059
1.7057
1.6666
1.9422
1.7483
2.5211
2.0459
1.9929
2.006
2.1077
2.1075
2.0996
1.8006
2.0302
1.9405
1.9974
1.789
1.932
1.6244
2.5923
2.0739
1.9509
1.9389
1.6794
1.8425
2.0074
1.9795
1.7688
2.2106
1.6169
2.3365
1.9179
2.026
2.0584
2.092
2.1633
2.0257
2.4283
1.9182
1.9307
1.5187
1.8946
2.2033
1.6938
2.1682
2.2909
1.521
2.3489
2.1819
1.7787
1.6886
2.3944
1.8537
1.9036
2.1979
1.7625
1.5345
2.1875
2.0617
1.9061
1.8706
1.8176
2.0043
1.8904
1.9972
1.8792
2.2611
1.7474
2.2358
1.7884
2.0716
1.7835
1.9774
1.9799
2.0074
2.1587
1.8254
2.21
2.0908
1.9403
1.9596
1.9204
1.6395
2.4633
1.7448
1.9472
2.0314
1.5015
2.0007
1.8651
2.0475
2.3164
1.8031
1.6424
1.6821
2.0327
2.2126
1.9585
1.6506
1.9905
1.5917
2.4841
1.8806
1.8735
1.9147
1.8489
1.7584
1.6715
1.8812
2.0695
2.0876
1.8642
2.181
1.7415
1.8613
2.4534
1.8282
2.032
1.8598
1.8942
2.0081
1.6524
1.5852
2.3015
1.9079
2.1199
2.2395
1.9742
2.1061
1.8962
1.9323
1.6452
1.9963
1.7612
1.9589
2.1162
1.7976
1.9323
1.845
2.1566
1.9362
2.2462
1.9539
1.9957
1.5747
2.0972
1.9769
1.6621
2.1444
2.219
1.8129
2.478
1.5907
1.9791
2.0809
1.8881
1.9209
2.0882
1.9198
1.9275
1.7487
2.1423
2.2937
2.4752
1.8465
2.0672
1.7007
1.9447
2.369
1.8965
1.9239
2.0441
2.3284
1.8698
1.7403
1.8483
1.9951
1.9518
1.9327
1.7865
1.8603
2.1445
2.0363
1.8596
2.1707
2.1813
1.9981
2.172
1.6355
2.4019
1.7526
2.092
1.6977
2.0959
2.1413
2.3097
1.9921
1.8529
2.0505
2.1114
2.1071
1.7155
1.9176
2.4416
1.7989
1.9076
2.2789
1.9851
2.0172
2.1067
1.8614
2.0645
2.5245
1.5841
1.6619
1.8469
1.8696
2.3586
2.0512
1.5824
2.4317
1.8308
2.0336
1.8423
2.102
2.1965
1.4826
2.2294
2.0863
1.9868
2.1458
1.7613
1.8669
1.8831
2.296
1.8613
1.9466
1.885
2.0586
2.0026
2.0797
1.8815
2.1761
1.7559
2.064
1.8121
2.8438
1.779
2.1446
1.9892
2.1911
1.8951
1.8692
1.8326
1.7919
2.097
2.0398
2.1795
1.872
2.0941
2.0564
1.6915
2.1232
2.2827
2.0854
1.903
2.324
1.4629
2.1789
1.8759
1.571
1.9702
1.4364
2.4047
1.8274
2.3039
2.0016
1.7185
2.0155
1.7782
2.2114
1.6771
2.2475
2.3613
2.1342
1.7426
2.0016
2.0463
1.8705
2.4188
1.9703
2.1645
2.4195
2.1254
1.9615
1.7099
2.0088
2.1627
2.2969
1.7208
2.028
1.8406
1.8349
1.6222
1.7016
2.0022
1.7081
2.2214
1.6741
2.1378
2.2897
2.0678
2.021
1.8753
1.9862
2.0055
1.9692
2.2293
1.9977
1.7677
1.6678
1.947
2.0969
2.1784
1.8504
1.9235
1.7469
2.178
1.9189
2.0193
1.8481
2.2196
1.659
2.4111
1.7927
2.0292
1.5797
2.0587
2.2331
1.9312
1.5039
1.9114
1.9012
1.6796
2.3566
2.2321
2.0668
2.3434
1.7581
1.6211
2.0781
2.1521
1.9213
2.054
2.0665
2.0721
1.6801
2.0118
2.3188
1.927
1.9791
1.6869
2.0631
2.1162
2.1698
1.8898
1.825
1.6873
2.0278
2.2912
2.1823
1.9378
1.6616
2.3532
2.0215
2.0155
2.2837
1.8695
2.165
2.2741
1.7605
2.0519
2.0435
1.5698
2.3105
2.0612
2.048
1.8865
2.1787
1.8924
1.9381
2.0061
1.9627
1.774
2.0348
1.5231
2.4981
2.1015
1.7747
2.0514
1.7331
1.9751
1.8196
1.7
2.5027
2.2861
1.7881
1.637
1.6947
1.9257
2.2532
2.1861
2.0955
1.8487
1.8392
2.0113
1.9215
2.3698
1.6415
2.2478
1.5952
2.2277
1.9895
1.8841
1.954
1.9869
2.2187
1.6118
1.9429
1.9324
1.9559
2.2654
1.6291
2.0597
1.5138
2.3358
1.4899
1.9204
2.1242
1.6437
1.7228
2.2302
1.945
2.0976
2.1342
2.0853
2.1573
1.877
2.1024
2.0586
2.0183
1.534
1.7653
2.5397
1.997
1.6798
1.9591
1.8976
1.5421
2.0926
2.1152
1.9658
2.4182
1.7386
2.1605
1.8442
2.0445
1.5869
2.285
1.5803
2.0528
1.8082
1.9388
1.8781
1.8918
1.7174
1.9493
2.5498
2.0062
1.9866
1.7996
1.9266
1.5818
2.144
1.6865
2.3788
1.8622
2.3294
1.6323
1.6229
1.9148
1.8535
2.5028
1.8401
1.7028
2.0772
1.399
2.1998
1.8059
1.7442
2.2758
1.9663
2.2969
1.8835
2.0861
2.089
1.9573
2.0235
1.8881
1.9283
1.6974
2.1859
1.7964
2.0329
2.0373
2.2645
1.8523
2.2967
1.61
2.3655
2.0891
2.1526
1.6428
2.2065
1.5359
1.9952
1.6194
2.3356
2.2211
1.903
1.9115
1.837
2.0923
2.3461
2.2492
2.1747
1.7503
1.5322
2.236
1.6804
1.7832
2.1865
2.1528
1.9252
1.9035
2.2071
1.6063
1.9007
1.9641
1.7862
1.9941
1.9232
2.122
2.1377
2.0169
2.1395
1.9186
2.1383
2.2163
1.9456
1.7097
1.9366
2.0127
1.8355
2.3128
1.8937
1.9562
2.015
2.1754
2.3389
1.8722
1.8207
2.0511
1.7634
2.2116
2.082
2.052
1.9126
2.1417
1.9179
2.1528
1.5646
2.1011
1.8348
1.9167
1.9822
2.1768
1.8064
2.2418
1.6267
1.8568
2.1579
2.0508
1.6966
2.3439
1.7998
2.0604
2.0905
1.8167
1.9897
1.8468
2.0062
2.3241
1.8339
1.8499
2.3357
2.2997
1.7406
2.3043
1.7159
2.067
1.8478
1.9706
1.9104
2.788
1.5354
2.0005
2.5905
2.0995
1.5151
2.0858
1.9133
1.6605
2.0451
1.8584
1.8377
1.7766
2.2661
1.4246
2.2096
1.9309
1.7854
2.0303
1.84
2.223
1.9091
2.1329
1.8207
1.801
2.6371
1.632
1.7853
1.8792
1.3765
1.9506
1.8634
1.73
2.1212
2.0334
1.5735
2.1037
1.9834
2.0415
1.8945
2.1443
1.9427
1.9393
1.8504
1.8913
1.8228
1.8093
2.2442
1.7891
2.2676
1.9559
2.0397
1.6781
2.5916
1.3385
1.987
1.6406
2.0907
1.9835
2.1916
1.9356
1.8842
2.3355
2.1742
1.8405
1.8429
2.3155
1.7542
2.0749
2.0464
2.084
2.2453
1.5919
1.8334
1.9559
1.995
2.0918
1.7793
2.2679
2.3693
1.6573
2.4772
1.879
2.0292
2.0403
2.172
1.8279
2.6904
1.3638
1.9648
2.2026
1.9322
1.8846
2.2702
2.1296
1.6935
2.5369
1.7386
1.6818
2.168
2.186
1.7538
1.6637
2.2942
2.1371
1.6978
1.9869
1.9867
2.3164
1.6493
2.0955
1.9037
2.0761
2.2333
1.916
1.9437
1.7219
2.3747
1.9298
1.8546
2.0866
1.6454
2.1678
1.7565
1.9165
1.9944
2.4004
1.9062
1.8417
2.092
1.7466
2.1086
1.775
2.0189
2.0656
1.6524
1.9227
2.082
2.3661
1.7918
1.8658
1.8978
2.3856
1.6533
2.2061
1.6241
1.9827
2.4486
1.7393
1.8262
1.8643
2.4755
1.9387
1.8917
1.7991
1.9326
1.8546
1.9427
2.2355
1.6292
2.0023
1.9459
2.097
1.775
2.1459
2.1374
1.901
1.6003
1.8571
2.2481
2.0988
2.0487
1.9954
2.4463
2.0935
1.9107
2.0266
2.1172
2.1423
1.938
1.8936
2.1894
1.7344
1.7594
1.7255
2.3604
1.7414
1.9227
2.0687
2.0702
2.5533
2.1457
1.9606
1.9497
2.0452
1.8268
2.3128
2.0477
2.1287
2.2534
2.1971
1.6589
2.4146
1.7774
2.1564
1.6691
2.4605
1.9254
2.0883
2.0907
1.7123
2.6245
1.8851
1.5359
2.4624
1.6468
1.9309
2.5955
1.6932
1.9039
2.015
1.6237
2.4436
1.7736
2.0368
2.0672
1.9398
1.7593
2.0545
1.9823
2.2852
2.4537
2.1543
1.648
2.2958
1.816
1.7223
2.0101
1.931
1.964
1.874
1.862
1.9569
2.0208
1.9439
1.888
1.9758
1.8171
2.0933
2.0469
2.1091
1.8448
2.5447
2.2879
1.5051
2.501
1.5646
2.2097
1.8356
2.1044
1.9402
1.8893
2.044
1.9424
2.1501
2.0088
2.0476
1.7861
2.6701
2.1207
1.7385
1.946
2.0454
1.9551
1.7757
1.9208
2.0098
1.6807
1.8321
2.07
1.7568
2.2775
2.4333
1.7891
1.6657
1.8065
1.7859
2.2339
1.4233
2.2722
1.6713
1.9203
2.0906
2.0104
2.0429
2.1624
2.2258
1.4976
1.9511
1.9889
2.6387
1.4628
2.0809
2.2895
1.781
1.8472
1.6691
2.0575
1.9327
2.0494
1.7576
2.4059
2.0233
2.021
2.0569
1.996
1.8501
2.1154
1.9089
2.0851
1.9561
2.1544
2.0731
2.036
2.0189
1.9432
1.6448
2.1312
1.6561
1.8893
1.65
1.7196
2.1312
1.7273
2.3118
2.2416
2.481
1.5978
2.1464
1.8465
1.8844
1.893
1.8752
2.2545
1.9116
1.7304
1.8036
2.3475
1.7058
2.0011
2.1691
1.8365
2.06
1.8284
2.2957
2.4448
1.9165
1.7552
2.1856
1.6053
1.7752
1.7085
1.9272
1.6907
2.3149
1.7836
2.0416
1.8084
2.3029
2.0916
2.0176
2.0442
1.918
2.3327
2.0505
2.2183
1.4929
1.9831
1.8575
1.8676
2.0496
2.0308
2.3535
1.849
1.911
1.8828
2.1081
1.8494
1.965
1.9924
2.4132
1.6356
2.1778
1.5149
1.987
2.3062
1.6969
2.0128
1.7214
2.0906
1.9857
1.9413
2.4911
1.72
2.025
1.8137
2.2937
2.097
1.7717
2.3307
1.5179
2.0073
2.4693
1.6763
1.997
1.6999
1.969
2.3334
1.8908
2.3151
1.8069
1.7965
2.6104
1.9794
1.9291
2.2272
1.7148
2.0604
1.8101
1.6849
1.8556
2.2229
2.1722
1.9034
2.0636
1.7086
2.2138
1.5973
2.3109
1.6533
2.1473
2.0124
1.7224
1.8784
1.9574
1.7392
1.7925
2.0025
1.741
1.9267
2.1609
1.8648
1.9295
1.7561
2.1549
2.5528
1.9246
1.7853
2.2084
2.1156
1.4597
2.0965
2.0018
1.7439
2.1698
1.7583
2.1623
1.8527
1.7912
2.1382
1.9875
1.4902
1.8424
2.1281
1.9768
2.1586
2.0286
1.6335
1.75
2.1108
1.8275
2.13
1.8171
2.1357
1.6006
2.2201
1.9308
1.9757
1.4682
2.1303
2.1193
1.9423
2.2205
1.8094
2.0214
2.0313
1.6426
1.8375
1.8625
2.1497
1.515
1.9481
1.8173
2.2628
1.733
1.9619
2.0799
1.8638
2.0253
2.278
1.8496
1.6283
2.4478
2.2824
2.3139
1.6812
1.7734
2.065
1.8816
1.7324
1.8308
2.3043
1.7596
1.9284
1.8829
2.137
1.8102
2.0871
1.9579
2.0448
2.0176
1.8071
1.921
2.1887
2.3104
1.7619
1.9159
2.0598
1.9861
1.8236
2.1258
1.7408
2.0289
2.0112
1.7946
1.9401
2.1054
2.0058
2.0934
1.8746
1.7829
2.0661
2.0118
1.74
2.4642
1.8438
2.1023
1.8675
2.0023
1.5666
2.1262
1.5601
2.1347
2.0772
1.9177
2.0052
2.1743
2.0192
2.023
2.076
1.8636
2.0756
1.7566
2.0228
1.9644
1.8561
1.7442
1.8879
1.5159
2.1571
1.6714
2.1299
2.2653
1.7539
1.9486
1.6282
2.344
1.8689
1.9126
1.8964
1.9918
1.9848
1.8305
2.1538
1.8573
1.9343
2.3154
1.7665
1.8009
2.2851
1.7812
2.1589
1.9758
1.5522
2.3615
1.7877
1.8393
2.3974
2.2077
2.1796
1.7726
2.2222
2.0263
2.3437
1.7848
2.1919
1.978
2.2262
2.0208
1.6775
2.1826
2.0843
1.5176
2.3988
1.6753
2.1548
2.2134
1.7955
2.1146
2.3001
1.8573
2.49
1.9575
1.8708
1.9588
2.1913
2.0662
2.2719
1.6903
2.1065
2.1581
1.8721
2.4775
1.8307
1.9821
2.3497
2.057
2.0143
1.7699
2.031
1.8925
2.2697
2.2495
1.9579
1.8418
1.8615
2.1846
1.7938
2.533
1.6541
2.1667
1.4531
2.4179
1.7676
2.0464
1.7596
2.1731
2.2585
1.8776
1.8734
2.1037
1.8814
1.6851
2.133
2.0441
1.7531
2.3071
1.9205
1.8875
1.8735
1.8632
2.1588
1.8247
1.9004
1.8689
2.3166
1.7836
2.0808
2.1041
2.0986
2.2387
1.8566
2.0605
1.7337
2.1528
1.8557
1.8896
2.0987
2.0038
2.158
1.864
2.1473
1.8963
2.4174
1.5396
2.2004
1.5269
2.149
1.9074
1.9606
1.8973
2.0378
1.8689
1.8679
2.1079
1.8122
1.8385
1.496
2.2657
2.0093
2.2583
1.8375
2.1009
1.8079
1.9445
1.4604
2.2695
1.8698
1.8205
2.0189
1.6076
2.3742
1.8264
1.9858
2.14
2.0594
2.0058
1.7939
1.9409
1.5608
2.0256
1.9274
1.5921
2.3142
2.024
2.0066
1.6107
2.0622
1.5578
2.4564
1.882
1.9568
1.9272
2.0175
2.0984
1.971
2.156
2.0498
1.6863
2.1279
1.4132
1.7811
1.9137
1.9012
2.2175
1.9436
1.303
2.3176
1.7082
2.1038
2.2272
1.6357
1.7289
2.0428
2.2021
2.1684
2.0727
1.87
2.3109
1.6531
1.8214
2.1647
2.0189
2.1879
2.0183
1.9297
1.9714
1.8394
2.0331
2.0152
2.1376
2.1432
2.0055
2.0313
1.6662
1.7319
2.3168
1.7004
2.137
1.8504
2.4663
1.7953
1.8462
1.5938
2.1654
1.955
2.0075
2.2594
1.8022
1.7089
2.1783
2.3622
1.8683
1.7333
2.0537
2.4247
2.1434
2.0417
2.3859
1.7204
1.7973
2.4151
1.8536
1.8507
2.055
2.1166
1.8199
2.1204
1.742
1.9014
1.8306
2.0032
2.0282
2.1839
1.7276
1.9866
2.0124
1.9861
2.0796
2.1206
1.7309
2.5068
2.0483
2.1646
1.7171
2.4645
2.2756
2.1281
2.3548
1.6952
2.3841
2.273
2.2351
1.9834
1.6744
1.7213
2.2074
1.9147
2.0038
1.9464
1.9841
1.9826
1.8706
1.6909
2.2338
2.171
1.7105
2.2752
1.4757
2.1868
1.8555
1.8186
1.9145
2.2608
1.7943
1.8388
1.9468
1.5951
2.3124
1.6773
1.7122
2.4945
1.9147
2.2637
1.7103
1.5224
2.2049
2.0672
1.8593
1.7478
2.0493
2.1841
1.5915
1.8926
2.1186
2.1136
1.7298
2.0643
2.2551
1.9774
1.942
2.095
1.6965
2.0377
1.9514
1.9214
2.0399
1.9108
2.0077
2.2507
1.7453
1.7275
1.9334
2.157
2.0506
1.9912
1.9523
1.7824
2.1773
1.6634
2.4758
1.7551
2.0133
1.9255
1.9696
1.7104
2.1725
2.0817
2.0078
2.051
2.0786
1.6541
2.2467
2.0409
1.8481
1.9938
2.1343
1.7185
1.6496
2.0196
1.8341
1.9486
1.9636
1.8276
2.4721
2.2006
1.8364
1.3483
2.248
2.3556
1.6424
1.8515
1.8497
1.8913
2.4229
1.7046
2.0593
2.1303
1.9787
1.5775
2.2574
2.0228
2.1194
2.1955
1.8163
1.8085
1.9808
2.069
2.0522
2.0269
2.0523
1.5617
1.8749
1.6959
1.813
1.9963
1.8752
2.2327
1.9226
2.1798
2.0226
2.2747
2.1193
2.1963
1.853
2.1308
1.7652
1.986
1.8388
1.8999
2.0041
2.1904
2.1175
2.2057
1.6821
2.2724
1.6718
1.5718
1.7663
2.1726
2.2859
1.921
1.6022
2.2923
1.7482
1.6412
1.7702
2.1068
1.8156
2.062
2.274
1.7183
1.7627
1.8636
1.6741
2.3612
1.5368
2.796
1.9464
2.1372
1.3665
2.3689
1.8648
1.497
1.9305
2.209
1.9425
1.833
2.1648
1.7928
2.1605
1.7339
2.4354
1.595
1.9117
1.9139
2.075
2.1299
1.95
2.2464
2.0784
1.619
2.2593
2.3311
2.3595
1.7015
1.7513
2.0243
2.027
1.9292
2.0077
2.1656
1.9625
2.1634
1.9643
2.1076
1.7509
2.186
1.8951
1.997
2.3123
1.7828
2.319
1.944
2.348
2.0614
2.0354
2.0167
2.3395
1.9346
1.968
2.4751
1.8593
1.893
2.1615
1.6793
2.5526
1.9804
1.9413
1.8615
1.849
2.0343
1.6137
1.888
2.2031
1.5205
2.2702
1.8202
2.0218
2.0476
2.0185
1.9354
2.064
1.9856
1.7786
2.5506
1.9211
1.88
2.0463
2.3369
2.2269
1.8131
1.728
1.6327
2.4177
1.8669
1.8611
2.3614
2.15
1.5439
1.7606
2.3618
1.7442
2.4576
1.7805
1.8455
2.193
1.9965
1.7345
1.9693
1.8475
2.0716
1.9226
2.2778
2.1122
1.8221
2.4674
2.0899
2.075
1.9379
2.1273
1.7982
2.0779
1.8114
2.2321
1.965
1.6908
2.6921
1.8277
2.4086
1.7918
1.6808
2.2614
2.1263
2.0092
1.6613
1.4968
2.2386
2.0011
1.6165
2.0742
2.0257
1.8655
2.0357
1.6968
2.0519
2.1377
2.2147
2.0897
2.0567
2.2239
2.164
1.7975
2.3405
2.0436
2.029
1.7196
2.1781
1.8637
1.9873
1.83
1.9431
2.0031
1.9066
2.2846
1.8747
2.3692
2.0058
1.6227
2.2572
1.7409
1.5815
1.9199
2.3633
1.981
1.9394
1.8142
1.7631
1.8679
2.4947
1.6178
2.1502
2.2459
1.9471
1.9125
1.9806
2.4703
1.5949
2.3082
1.8575
2.261
1.9067
1.9794
2.0219
2.0905
1.6275
2.371
2.2822
1.8739
2.0944
1.9284
2.0335
1.9099
1.972
2.2036
1.5635
1.7837
1.6476
2.1126
1.9724
1.8584
1.9772
2.0339
1.7626
2.0294
2.1093
2.0433
1.7892
2.0323
2.0375
1.8104
1.7059
2.1856
1.8384
2.2551
1.7301
1.9011
2.3332
2.1702
2.013
2.1216
1.9642
2.2073
1.8457
2.1367
1.688
2.0067
2.1143
1.7406
2.2413
1.533
2.4244
1.8455
1.959
2.0392
1.5515
2.2819
1.8655
1.9498
1.9143
1.9089
2.105
1.6584
1.7901
1.7205
1.8721
2.5949
2.3595
1.5293
2.1144
2.3366
1.8784
1.8656
1.8206
2.2138
2.0664
2.2926
1.5072
1.7452
2.2802
2.2653
1.8109
2.0754
1.8557
2.3019
1.9117
2.0682
2.0945
1.9767
2.1332
1.7453
2.2369
1.8902
1.8487
1.9889
2.2406
1.5188
1.6717
1.9979
2.5026
2.173
1.6207
2.0565
1.6438
1.8407
2.0436
2.3572
1.6394
2.1575
1.8078
1.9611
2.1172
2.1567
2.2974
1.8416
1.9693
1.8981
2.0412
2.032
2.3612
2.2079
1.8188
2.3041
1.9077
2.309
1.7998
1.9425
2.0008
1.5737
1.6233
2.3946
1.9816
2.288
1.8767
2.0861
2.3035
2.1703
1.634
2.1421
2.2233
1.7775
1.9306
1.7155
2.5445
2.2777
1.4382
1.9115
1.7548
1.8126
2.2332
2.1854
1.6545
1.7361
1.8156
2.0405
2.0884
1.9843
2.1985
1.416
2.3669
1.5337
2.0017
1.7137
2.1204
2.0957
2.2426
1.5685
2.2013
2.0406
1.7672
2.4795
1.9995
2.0216
2.4236
1.8227
1.9333
2.2832
2.0805
1.5564
2.0757
2.1027
1.9507
1.8838
2.2966
2.3653
1.7351
1.8947
2.5034
1.7132
1.4949
2.206
1.9096
2.0342
2.2946
1.8153
1.7348
1.9702
1.8306
2.2301
1.9932
2.0518
1.9546
1.9462
1.9729
2.0394
2.0483
2.3336
1.4584
2.0747
2.1394
1.8365
1.9879
1.8147
1.7473
1.7006
2.0344
1.777
2.256
1.7854
1.7537
2.0333
1.7904
2.011
2.1422
2.4143
2.082
1.776
2.1465
1.7274
2.191
1.9432
1.9763
1.9482
1.6554
2.2281
2.3884
1.8099
1.7806
1.9668
1.9494
1.6384
1.6449
2.4558
2.28
1.9582
1.9532
1.9199
1.9023
1.8076
1.8752
2.1096
2.1787
1.7268
1.9503
2.3384
1.7262
1.9376
1.7966
2.138
1.6822
2.0635
1.7196
2.1268
2.0793
1.7341
2.1155
1.9426
1.8022
1.9736
1.6862
1.846
1.7749
2.2841
1.6064
2.1566
1.9384
1.7141
2.2946
1.8659
1.9653
2.1122
1.9533
1.8828
2.0408
2.2832
2.098
2.0281
1.8618
1.7727
2.1076
1.7051
2.129
2.092
1.9359
1.8527
2.1129
1.779
2.1421
2.1287
1.7672
1.9876
1.9266
2.138
2.0454
2.1999
1.7219
1.7725
1.7147
2.0928
1.9234
2.0276
2.2222
1.9053
2.4655
1.8868
2.0615
1.9814
2.1645
1.7839
1.6908
2.3825
1.966
1.6773
2.0213
2.1426
1.9772
1.6268
2.0567
1.8197
2.2622
1.3746
2.7916
1.7254
1.8365
2.5295
1.5665
1.852
2.2549
2.3077
1.9944
1.7879
1.6555
1.7949
1.9875
1.9551
2.0778
2.1384
1.5725
1.8772
1.803
2.14
1.8895
2.1486
1.7376
2.0465
2.0392
1.6848
2.2093
2.0369
2.3151
2.0101
1.8038
2.4784
1.7418
1.2534
2.0771
1.8346
2.2376
2.0736
2.0954
2.0594
1.9799
1.9355
1.7478
2.1374
1.7946
1.8233
1.8042
1.9132
1.9859
1.939
2.2753
1.9854
2.1243
2.0555
2.1713
1.6529
1.9457
2.0653
1.7673
2.3992
1.7717
1.9013
1.9197
