1.9855
1.8259
2.0114
1.7912
1.9829
1.9793
2.279
1.9011
1.6896
2.0625
2.1224
1.833
1.5606
2.2664
2.002
2.0292
1.7202
2.0449
1.9728
1.8344
1.9153
1.6829
1.8032
2.1411
1.975
2.1169
1.7591
2.2914
1.7389
1.9862
1.968
1.7082
2.1528
1.9685
1.7191
2.2482
1.6886
2.252
1.6391
2.0283
2.2557
1.7386
2.0596
1.7187
1.8231
2.3307
1.6426
2.1171
2.0415
1.4119
1.8751
2.0386
2.3042
1.8494
1.878
1.7957
2.0272
2.4337
2.5756
1.6471
1.7033
1.8082
1.497
2.5691
2.1289
2.1772
1.9193
1.8994
2.0757
2.1148
2.1514
2.1249
1.6549
2.0267
1.864
2.1249
1.7844
2.0132
1.8307
2.1078
2.2153
1.5766
2.3918
1.629
2.0155
1.8289
2.6788
1.4915
1.8086
2.2096
1.8203
1.753
2.177
1.6971
1.9645
2.2235
2.3041
1.8771
1.7394
2.0395
1.9476
1.8906
1.6693
1.9918
1.9838
1.8683
1.9635
2.063
1.9357
2.1145
1.8503
1.7093
2.4406
1.6946
1.9756
2.3747
2.151
2.4211
1.6476
1.7342
1.4818
2.5148
2.0939
1.875
1.7216
1.6233
2.3357
1.8626
2.1508
1.5309
2.3213
1.6358
1.5291
2.2726
1.9563
2.1909
1.8218
2.0729
1.6879
2.2259
1.8608
1.8074
2.1761
2.0428
1.9064
2.4491
1.7895
1.4842
2.0479
1.7309
2.2143
1.7014
2.0133
2.4934
1.9392
2.4291
1.7106
1.979
1.9001
2.0524
2.1949
2.0766
1.746
2.4124
1.8464
1.7971
1.9383
2.0201
1.9396
2.0611
1.6393
2.265
1.6117
1.8376
1.8874
2.012
2.2618
2.151
2.1752
2.1448
1.97
2.0344
1.7892
2.5003
1.4754
2.2022
1.7794
1.8479
2.0059
2.0377
1.8979
1.9591
1.9941
1.8744
1.8726
1.9888
2.1491
2.0111
1.6047
2.4509
1.7215
1.8938
1.8511
1.8277
1.7271
2.0631
1.5452
1.9973
1.9676
1.737
2.0646
1.9625
2.0669
1.908
1.729
1.9785
1.8516
2.0362
2.0263
1.6193
1.881
2.2069
1.8575
1.8896
2.5372
1.7938
1.91
1.9785
1.5848
2.171
2.2509
2.009
1.8963
2.0599
1.8487
1.8182
2.1331
1.9876
2.3924
1.5486
2.0141
1.9608
2.1186
1.8989
1.8817
1.8145
1.9262
2.247
2.1772
1.7182
1.9052
2.0531
1.9635
1.99
1.6854
2.0974
2.0472
1.9935
2.3484
1.8997
2.2038
1.7759
1.969
2.0358
1.8114
1.4769
2.4381
1.6696
1.7838
2.2277
1.8861
1.8011
1.7198
2.1359
1.7919
1.6786
2.2962
1.9627
1.9289
1.9653
1.7737
1.9657
2.2842
1.8871
2.109
2.0448
2.0712
1.7228
2.1154
1.674
2.1806
2.1287
2.1376
2.0185
1.4849
2.1437
1.8627
2.1933
1.9682
2.0162
1.9157
2.159
1.851
1.5258
2.1876
2.2506
1.8828
2.263
1.8667
1.8463
1.9998
2.2477
1.5256
1.7728
2.5043
1.6659
2.2078
1.6962
2.4837
2.1044
1.5901
2.2036
1.9347
1.8835
1.7278
1.5542
1.93
2.0613
1.6372
2.4888
2.1064
1.7394
1.9388
1.7679
2.1286
1.6837
2.2793
2.0221
1.9316
2.126
1.5413
2.0893
2.2014
1.5247
2.0899
1.9795
2.0965
1.807
1.8626
1.8224
1.9756
2.1248
1.7952
2.164
1.5199
1.948
1.9296
2.0198
1.5358
1.5981
2.5956
1.7951
2.3353
2.0824
1.9824
2.0983
2.2043
2.0595
1.6396
2.4642
1.4307
2.4686
1.6659
2.1163
1.7331
2.1823
1.8999
2.2465
1.8846
2.0747
2.0758
2.1154
2.0598
2.0631
2.1481
1.8982
1.8176
2.2219
1.8911
2.1267
1.8079
2.1149
2.4358
1.7356
1.6933
2.2773
1.9815
1.8319
2.1113
2.1875
1.5832
2.1778
1.7468
2.0772
1.9558
2.208
1.7246
1.963
2.1314
1.6341
2.0436
2.4644
1.9936
1.7411
1.5931
1.9882
2.1899
2.2039
2.4808
1.8502
2.2554
1.8704
1.8458
2.2418
1.8043
1.4674
1.9073
1.8221
2.2627
2.2422
1.6853
2.0315
1.8862
1.8195
2.4095
1.7949
2.2332
1.6976
1.9885
1.9796
2.3682
2.0294
2.5296
1.4796
1.9622
1.766
1.8359
1.9882
1.9369
2.0313
2.0628
1.883
1.8222
2.0027
2.2559
1.8511
2.1154
2.0229
1.94
2.2568
2.2178
1.6926
1.8698
2.0546
2.0225
2.4729
2.2063
1.7895
2.1024
2.2076
1.6093
2.0039
2.0814
2.0844
1.733
1.7515
2.2312
2.0297
2.1656
1.9383
2.3813
1.9815
1.8661
1.9404
2.0427
1.8729
2.0007
2.1423
1.6857
1.88
2.2649
1.9635
2.1236
2.0584
1.8851
1.7427
1.881
2.1737
1.8344
2.198
2.2768
1.7877
2.2055
1.7048
2.3558
1.7156
2.2044
2.2163
1.7759
2.1087
2.0648
2.1256
1.9474
1.9311
1.7212
1.9633
1.5864
2.207
1.9053
2.0089
2.38
1.9419
1.9962
2.2339
2.1247
2.4192
1.9993
1.7122
2.6548
1.6914
1.9937
2.0768
1.729
1.8383
1.6075
2.1357
1.9295
1.6678
2.0488
1.8459
1.936
1.845
1.7197
2.0379
2.1151
1.6656
1.9085
2.001
1.8248
2.2586
1.9733
2.072
2.2156
1.7286
2.044
1.9284
2.2699
2.2338
1.8748
2.2128
1.7301
2.0027
2.3664
1.9047
1.6702
2.1125
2.5385
1.6501
2.392
1.7345
2.148
2.6452
1.6341
1.9615
1.6388
2.0117
1.9771
2.0837
1.7858
2.4563
1.7839
2.0498
2.143
2.0924
1.615
2.0596
1.9985
1.8014
2.206
1.9972
1.5752
1.8659
1.806
2.0355
1.8801
2.0027
1.9186
2.249
1.7555
2.3545
2.0097
1.8821
1.9869
2.3943
1.7656
2.0043
1.8758
1.8508
2.3546
1.9432
1.861
1.9222
2.1824
2.0937
1.8471
1.9245
2.2581
2.0004
2.2023
1.6033
2.2169
1.5563
2.0131
1.9707
1.8006
1.9992
2.1935
2.1182
1.6706
2.136
1.633
2.1
1.613
2.1956
2.0455
1.7609
2.3476
1.9919
2.5378
1.4421
2.0562
1.803
2.1685
1.9079
1.7792
2.2974
1.4504
2.0213
1.6355
1.9885
2.1227
1.6971
2.0645
1.9185
1.8698
1.7196
1.9952
1.9104
2.0011
1.7937
1.9126
2.5106
1.9251
2.0994
1.9772
1.6062
2.0628
2.2148
2.1467
1.8161
2.0769
2.0332
1.9295
2.0066
2.155
1.7803
2.5553
1.9759
1.7768
2.0255
1.8656
2.1619
1.7956
1.8515
1.8034
1.9552
2.071
1.826
2.4233
1.646
2.1413
2.1487
1.8319
2.2597
1.7692
2.0433
2.541
1.5827
1.9275
2.1596
2.1984
1.5972
2.5497
1.8847
1.9904
1.9773
1.6024
1.7614
2.2199
2.1422
2.0142
1.8329
2.0854
1.7848
1.7004
1.8099
2.3455
1.8566
2.0931
1.8288
1.6048
1.981
1.9495
2.215
1.4483
2.2074
1.8886
1.7569
2.1541
1.7342
1.8655
2.7526
1.539
1.8727
2.0907
2.102
1.7835
2.2894
2.2646
1.7513
2.1258
1.7849
1.9299
2.1923
1.7718
1.8589
2.2219
1.9993
1.7904
2.2801
1.9068
2.0007
1.7398
1.9952
2.3562
1.9417
2.0876
2.3947
1.9304
2.1396
2.3579
2.0024
1.95
2.8007
2.2155
2.027
1.6845
2.4082
1.9353
1.7105
2.1002
1.8031
1.9183
1.9332
2.3771
1.7048
2.1355
1.6545
2.1671
2.0034
1.8262
1.9758
1.889
1.8876
2.529
2.1467
1.7532
2.2127
1.8591
2.1515
1.8099
1.8224
2.1102
1.9349
1.9127
1.8867
2.1705
1.8155
2.1651
2.0329
1.7395
1.7079
2.031
1.7927
2.3124
1.6693
2.1489
2.1461
1.7604
2.1087
2.0694
2.0461
1.835
1.9043
1.8183
2.0566
1.7509
2.2986
1.8732
1.88
2.2052
2.196
1.8281
1.6944
2.1927
1.9478
1.7895
1.9354
2.0992
1.7234
2.124
1.441
2.0725
1.5351
2.1575
2.3814
1.3255
2.2256
2.3041
1.8451
1.6336
1.8611
1.8567
1.6643
2.1237
2.2301
1.8456
1.9376
2.0249
1.8604
1.9326
1.5071
2.0968
2.1452
2.0317
2.3198
1.9158
1.7428
1.6869
2.0189
2.3457
1.6987
2.2253
1.6178
1.8103
1.7777
1.7682
2.1625
2.2096
1.8624
2.2244
2.0593
2.0812
1.9174
2.0599
1.8725
2.131
1.7512
1.9677
1.8621
1.8927
2.0582
2.107
1.6752
2.0106
2.1313
1.6615
2.0671
1.9876
1.9028
1.7517
1.9462
2.0584
1.8649
1.8739
2.5096
2.012
1.7578
2.2546
2.0818
2.3222
1.9221
2.2021
1.9637
2.0436
1.7815
2.0286
1.9164
1.8181
1.7516
2.0221
1.7595
1.9382
2.1705
1.3459
1.7454
2.0857
2.0721
2.1138
2.1115
1.6783
1.9163
2.1247
1.6022
2.3315
1.727
2.1201
1.946
1.8761
1.9498
1.8432
2.2121
1.9966
2.0365
2.0889
1.8746
1.8627
2.1112
1.8745
1.6346
2.5417
1.7179
1.7547
1.8589
2.3138
1.9541
1.9986
2.1043
1.5608
2.0894
1.837
1.8179
1.638
1.8453
2.5028
1.9217
1.9243
1.9831
2.0804
2.0544
2.2604
1.9687
1.6161
1.9902
1.8922
1.7974
1.8929
2.2662
2.1611
1.8064
1.6381
2.3305
2.0405
1.8965
2.0086
1.7929
2.2302
2.0717
1.8438
1.7131
2.0836
1.8253
1.8334
1.6446
2.2039
1.8015
1.8014
1.904
1.5126
2.3092
2.3316
1.963
1.9693
1.9936
2.0004
1.7703
1.5298
2.0386
1.934
2.1702
1.9989
1.7133
2.045
1.9443
2.2117
1.7006
1.9524
2.1416
1.7737
2.0062
1.7075
1.9395
1.8064
2.4121
1.6609
1.8409
2.1892
1.8827
1.9825
2.0142
1.8062
2.2172
2.0263
1.7997
1.6805
1.7035
2.3268
1.6521
2.2397
1.9013
2.2299
2.2734
1.6637
2.0195
1.7973
2.3735
1.648
1.9971
2.1344
1.8402
2.0516
1.9065
2.052
2.055
2.0874
1.8671
1.818
2.0013
1.8553
1.976
2.3166
1.538
2.1288
1.4472
2.7185
1.436
1.9365
2.2762
1.7446
1.9869
2.1829
2.0822
1.9982
2.0285
2.1657
1.7895
1.9173
2.0476
2.1024
2.2046
1.949
2.0141
2.2203
1.9385
1.7608
1.7612
2.4008
1.7262
1.7453
2.275
1.3848
2.2787
1.9397
1.8914
1.7737
1.9516
2.0965
2.1382
2.0091
2.529
1.5733
2.5888
1.7795
1.9171
2.2947
1.7518
2.2688
2.1606
1.9706
1.9949
1.8108
1.6922
2.4689
2.141
1.8539
2.2003
1.6714
1.9187
1.8278
1.8606
2.1158
1.8907
2.2464
2.2089
1.8088
1.9013
2.1123
1.7521
1.6163
1.9414
2.2298
2.0345
1.7272
1.5136
2.3559
1.921
2.0336
1.9758
1.8693
2.0566
2.2465
1.8643
1.8453
1.737
2.2671
2.4538
1.9821
1.7343
1.8521
1.6973
2.4778
1.9786
2.1032
1.5566
2.3649
1.9066
2.0047
2.5883
1.8066
1.7995
2.1783
1.8344
2.1135
2.0254
2.2888
1.6783
1.9735
1.9344
2.3815
2.1398
2.0261
1.9317
1.9735
2.2014
1.9149
1.9418
2.2828
2.2508
1.9372
2.0529
1.745
1.9053
1.7799
1.6042
2.2576
2.0272
1.8024
2.1274
1.9418
1.8915
1.956
2.1066
1.8698
1.6617
2.1708
1.8223
2.1222
1.7212
2.6576
2.2812
1.8062
1.6838
2.0675
1.8235
2.0806
1.8777
2.2503
1.9405
2.031
1.5229
2.4902
2.0465
1.7926
2.0344
1.71
1.9194
1.9831
1.7432
2.0861
1.8779
1.8073
1.8532
1.8205
1.8054
1.7646
1.7843
2.273
2.0866
1.9065
1.6387
2.1864
1.9842
1.9462
2.1745
1.9879
1.8491
2.1164
1.9187
1.5705
1.9553
1.85
1.8687
1.7904
2.4119
1.5571
2.2805
2.296
2.0093
2.0561
1.8812
1.9073
1.6998
1.7725
2.0264
2.0798
1.9052
1.9225
2.2477
1.6583
2.0302
2.1622
2.236
1.6946
1.9894
2.0791
2.0757
1.876
1.5927
2.3686
2.4925
1.8327
1.8793
2.2103
1.8904
1.9789
2.1168
2.0048
1.7122
1.8994
1.9861
2.0677
1.7857
2.2988
1.7795
1.9607
1.9169
2.2477
1.603
2.1335
1.619
2.2503
1.7405
2.0018
1.7335
2.0587
2.2713
1.9285
1.6776
1.9495
2.3608
1.9307
1.8902
1.971
2.2458
1.9783
1.9706
2.0077
2.1829
1.8599
2.1372
1.7603
2.0536
1.8476
1.9456
2.5252
1.4192
2.2882
2.0622
1.921
2.0442
1.5169
2.2339
1.7348
1.9821
1.8833
1.5029
1.9828
2.2199
1.45
1.8862
1.8542
2.097
1.6801
2.0758
1.9352
1.9783
1.8176
1.9135
1.7979
1.9677
1.9196
1.5886
1.9594
1.8204
2.0643
2.1443
2.0789
2.0409
2.0013
1.8535
1.6023
1.9844
2.0561
2.1849
1.8481
2.3639
2.2215
1.7725
1.9634
1.7787
1.8523
1.9815
2.0986
1.8945
2.0197
2.3722
1.6831
2.3743
1.632
2.2467
1.9572
1.8941
2.6358
1.5991
1.8259
1.9596
1.7319
2.1659
2.164
2.1295
2.019
2.0853
2.1004
1.8123
2.0493
2.3106
1.6115
1.7721
2.1869
1.7664
2.2428
2.0113
1.734
1.9544
2.2144
1.9397
1.85
1.9046
1.9469
2.0113
2.1784
1.3723
2.2998
2.4726
1.8562
1.8225
2.1015
1.5967
1.969
1.7477
2.3279
2.431
1.7939
2.2191
2.278
1.8662
1.837
1.8844
2.1323
1.921
2.1382
1.6925
1.711
2.246
2.1152
2.1779
1.8443
2.3911
2.1005
1.4718
2.2859
1.9473
1.5634
2.3497
1.9093
1.874
2.3391
1.9058
1.941
2.1437
1.6209
2.3845
1.9117
2.0423
2.0725
1.9326
1.9514
1.5813
2.7213
1.7122
1.9769
2.0881
2.1174
1.7646
2.1088
1.9624
2.0629
1.9058
1.7692
2.223
1.8477
1.5519
2.6041
1.822
1.7696
2.0208
1.9944
1.8937
1.9053
2.4893
2.1893
2.3404
2.0225
1.8907
1.5728
2.0127
1.9137
2.0109
1.9016
1.619
2.2947
1.695
1.7744
1.9078
2.161
1.5826
2.2926
1.7807
2.6292
2.0572
1.3385
1.9742
1.9693
1.5876
2.0259
2.1267
1.8444
1.7133
2.0329
1.6897
2.0939
2.1095
2.1807
1.8084
2.0945
2.4329
1.7343
2.1211
1.8035
1.9984
1.7494
1.7678
2.4205
1.7357
1.8451
1.8449
2.0432
1.5232
2.0946
1.8318
2.1853
1.885
1.9318
1.8253
2.2586
1.8206
1.837
1.8434
2.5813
1.8542
1.9719
2.2864
1.7373
2.0125
1.8103
2.3183
1.973
1.9635
1.7536
2.0963
1.9471
2.2377
2.1005
1.5738
1.91
1.8478
2.1235
2.1564
1.9927
1.7109
1.97
1.9716
2.1062
2.0168
1.9909
2.0507
2.147
2.2966
1.6242
2.1124
1.7047
2.0789
1.796
2.3662
1.6362
1.906
2.5832
1.4338
2.2985
1.8819
2.1808
1.9245
1.6977
2.0948
1.8844
1.7384
1.829
2.0275
1.8187
2.2011
2.3657
1.9349
2.0131
1.5238
2.2183
1.7743
1.7721
2.1482
2.3777
1.7337
2.0485
2.03
2.032
1.9927
1.7612
2.586
2.0197
1.7275
2.0201
1.5919
2.1428
2.1441
1.5862
2.1736
2.1407
2.2014
2.323
1.9187
2.0576
2.0749
1.9383
1.9668
2.238
2.026
1.8255
1.7706
2.5696
1.8812
1.8861
1.8966
1.9072
2.186
1.6702
1.6802
2.3155
2.3327
2.0233
1.6867
1.8588
2.1229
2.0436
1.7639
2.2539
1.7402
2.1318
1.9462
1.8638
1.8847
2.0012
2.0946
1.7251
1.7937
2.2755
1.7311
1.8973
1.8251
2.15
2.2656
2.0424
1.8467
2.3274
1.6178
2.3392
1.4155
2.2741
1.9384
2.0785
1.845
2.0358
1.901
1.9108
1.9385
1.9303
2.1984
1.7138
2.1306
2.0019
2.114
1.8171
2.002
2.0027
1.6356
2.1479
2.129
1.7257
2.489
1.6526
2.205
2.0648
2.2452
1.6183
2.125
2.1371
2.3843
1.7905
1.8132
2.185
1.9695
1.8322
1.8472
2.1225
1.8535
1.7225
1.8962
1.8952
2.1061
2.0885
2.2444
1.9338
2.2378
1.6039
2.2343
2.0878
1.8809
1.7884
1.8456
2.1079
1.9508
2.0314
2.0619
1.9979
2.2876
2.1829
1.9076
1.904
2.1287
2.1645
2.3359
1.929
2.0966
2.2521
1.693
2.1251
2.3691
1.9942
1.7695
2.0616
1.8111
2.1103
1.8218
2.16
1.8506
1.7346
1.8505
1.9958
1.8604
1.6001
2.3214
1.8065
1.6791
2.3274
1.679
1.6305
2.0856
1.7111
1.9599
2.1135
1.9569
1.9277
1.5191
2.1458
2.3351
1.9145
1.7821
2.0735
1.8304
2.2759
1.7543
2.014
2.1825
2.0862
1.7763
1.9841
1.8667
1.9484
2.081
1.8384
1.5975
2.2206
1.9694
1.9755
2.019
2.1973
2.3136
1.7813
2.1439
1.6876
2.084
1.625
2.2906
1.3938
2.284
1.7975
2.3195
1.8907
1.7764
1.6514
2.4336
1.9341
2.2442
1.8325
1.9174
2.2062
1.9895
2.1162
1.5781
2.8692
1.5938
2.0356
1.7192
2.0957
1.7994
2.0564
2.3047
1.8498
1.9161
1.8685
1.9475
1.8966
2.0045
1.4448
2.4641
1.7376
1.8093
1.9432
2.3556
1.9319
1.7731
1.9252
1.8344
2.4629
2.1288
1.5839
2.2251
1.5366
2.031
1.8665
2.5635
1.3813
2.18
1.8852
2.2041
1.6471
2.7575
1.8008
1.9272
1.6853
1.8332
1.5758
2.6512
1.6544
2.102
1.9051
2.1816
1.7457
1.6526
2.3487
2.223
1.5965
2.3757
1.7895
1.6675
2.6689
1.5297
2.1616
1.7752
2.0714
1.3999
2.0828
1.8058
2.261
1.6784
1.8962
1.8478
1.848
1.9948
1.5646
2.6345
1.9782
2.0538
1.7122
1.8591
1.9016
2.1694
1.8426
2.3547
1.7519
1.9016
2.126
2.0102
1.9714
1.972
1.9646
1.9272
1.957
1.9417
2.2759
2.0499
1.9631
1.8763
1.771
1.7339
2.2287
2.1396
2.3481
2.0785
1.8271
1.6856
2.1519
1.8945
2.7062
1.7232
1.6422
2.4193
2.0786
1.5638
2.1922
1.6955
2.001
2.0939
1.7866
1.8519
2.1625
1.8895
2.3959
1.4762
2.0528
1.9229
1.8636
2.2928
1.8024
1.6738
2.3528
1.6147
1.8665
2.3081
1.78
2.2746
1.6072
2.2264
1.741
1.6812
2.2787
2.1835
1.9081
1.7293
1.9909
2.5531
1.9779
1.6511
1.8089
1.6376
2.0291
1.884
1.8178
2.0381
1.6283
1.8276
1.7511
1.9281
1.5368
2.0005
2.0421
2.0325
1.8185
2.0141
2.0529
2.301
1.8022
2.0725
1.6064
2.3159
1.5437
1.7782
2.4144
1.3051
2.2754
2.115
1.703
1.9318
2.1505
2.1872
1.95
1.8994
2.2344
1.8819
2.286
1.4995
2.3931
2.0377
1.8768
1.9131
1.909
2.1462
1.807
2.2225
2.0708
1.7552
2.3347
1.9468
1.7752
2.2065
2.0637
2.2727
1.6939
1.981
1.8184
2.0572
2.1655
1.9151
1.9577
2.4263
2.0062
2.1386
2.06
1.3863
2.3462
1.7767
2.2248
1.7862
1.7823
1.9301
2.0719
1.8547
2.2017
2.0669
2.4978
1.7569
1.7691
2.3818
1.8847
2.314
1.5558
2.3953
1.9802
1.5681
1.6206
1.9372
1.532
2.1992
1.9425
2.2424
2.1872
1.7679
1.9618
1.8713
1.8994
1.7091
1.8364
2.3482
1.8303
2.1361
1.8735
2.0914
2.2723
2.1364
1.789
2.3449
1.7193
1.8208
1.8849
1.9738
1.9172
2.1793
1.8665
1.9954
1.9976
1.5939
2.373
1.8356
1.997
2.2583
2.1306
1.5035
2.1735
1.9453
2.2654
1.819
1.9263
2.3131
1.8712
1.5688
1.8612
1.9656
1.8885
2.1857
1.8116
2.1903
1.9451
1.7227
2.0337
1.8839
2.0623
1.7387
1.9253
2.0379
1.8915
2.1223
1.7783
2.4693
2.3578
1.7207
1.584
1.8403
1.8947
2.1545
1.8027
2.1876
2.2756
2.2606
2.3194
1.5903
1.8129
2.5183
1.8171
1.7496
2.0893
1.8389
1.8875
1.7718
2.0034
1.6183
1.914
1.8049
2.3664
1.5483
1.9247
2.0218
2.1816
1.9993
1.8591
1.7973
2.3496
2.0275
2.0778
2.1155
2.176
1.7841
2.0689
2.0102
2.2279
1.4996
2.0527
2.167
2.3462
2.2928
1.648
2.1013
1.766
1.8365
2.5365
1.9574
2.3538
1.7719
1.8259
2.0549
2.0055
1.6902
2.0484
1.9905
2.0853
2.0721
2.061
2.0187
2.1645
1.9571
1.9926
1.8832
2.0657
1.7194
1.9371
2.123
1.912
1.6896
1.8503
1.8782
1.9086
2.4251
1.8462
2.1477
2.0951
1.9666
2.4276
1.4629
2.1733
1.9915
1.6747
2.1944
1.9603
1.668
2.0713
2.114
2.5674
1.5043
2.0249
1.8696
1.95
1.8502
1.8296
1.8895
1.977
1.9594
1.808
1.6369
2.115
1.8996
1.9366
1.9705
2.3519
1.8811
2.0838
1.376
2.0115
1.7433
2.3499
2.0514
1.9441
1.862
2.174
2.0637
2.0737
1.815
2.0356
2.1929
2.0695
1.8673
2.1757
1.725
2.028
1.9114
1.8487
2.1487
1.4855
2.2907
2.018
1.952
2.1322
1.847
2.4245
1.9944
2.3278
1.6792
1.8273
2.103
1.9258
2.3256
2.0784
1.7849
1.5533
2.2216
1.9989
1.6486
1.8712
2.3748
1.6647
1.8362
2.3663
2.1351
1.9264
2.161
2.0914
2.0536
1.9248
1.7636
1.4952
2.0898
1.883
2.2584
1.5019
2.2714
2.5426
1.8314
2.2122
1.7841
1.9349
2.0961
1.9385
1.8777
1.6222
1.9135
2.2181
1.6595
1.8121
2.2418
2.3675
1.9124
1.6241
1.8526
2.3613
2.0959
2.3334
2.4602
1.8724
1.6778
1.9929
2.2985
1.9866
2.086
1.8635
2.0261
1.8285
2.2983
1.3625
2.397
1.8793
2.5216
2.0396
1.7988
1.9484
1.2057
2.2229
2.6467
1.9961
1.8563
2.0328
2.0552
2.0317
2.5422
1.8531
1.9931
1.8861
2.0844
2.3015
2.2389
2.0103
2.0119
1.758
1.9778
1.9384
2.236
2.0382
2.2244
2.0405
1.8023
2.1485
2.0474
1.6426
1.8251
2.3399
1.8077
2.0817
1.8142
2.0472
2.2592
2.0641
1.9606
1.6951
1.8714
2.5587
1.6236
1.8576
1.8478
2.1886
1.9859
2.1294
1.6408
1.78
2.0297
1.7632
1.8891
1.812
2.6574
1.9774
1.9506
1.8027
1.9981
1.9012
1.9414
2.1907
2.1498
1.9473
2.226
1.8515
1.7666
2.163
1.9362
2.0685
2.0954
1.8247
2.2704
1.91
2.1748
1.547
1.8959
1.8492
1.811
1.8683
2.0594
2.3528
1.8153
2.2618
1.7228
1.98
1.9149
2.0803
1.8181
2.1252
1.8379
1.6946
2.0395
2.0851
2.3259
2.0156
1.6047
2.2119
2.1395
1.8674
2.3383
2.3875
2.1752
1.7614
2.1964
2.4809
2.1172
2.0117
1.5026
2.1931
1.9384
1.6953
2.5653
1.7605
1.8272
2.1965
2.0225
2.1056
1.9508
2.3195
2.1885
1.9501
2.0455
2.0345
2.1486
1.704
1.873
2.0996
2.2947
1.8696
1.9387
2.0064
2.5408
1.48
1.8961
1.9902
2.0353
2.3151
1.6765
1.9764
1.862
1.5923
2.1106
1.6618
1.9508
2.322
1.8897
2.2698
1.9536
2.1379
2.0618
1.7863
1.9399
2.2001
2.1096
2.1373
2.2245
1.6798
2.1342
1.8107
2.0385
2.6527
1.4684
1.9439
1.8101
1.9632
1.6551
1.8805
2.1094
1.8535
2.4127
1.5673
2.3528
2.0185
1.7536
2.3165
1.6602
2.4477
2.2576
1.9166
2.1946
2.3008
1.8054
2.0601
1.8695
2
1.9747
2.0791
1.6974
2.1589
2.0556
1.9258
1.9599
1.6244
2.4958
1.5897
2.2834
2.0141
1.7132
2.32
1.6916
2.6169
1.472
2.3934
1.709
1.8744
2.0056
1.9054
2.0899
2.1757
2.0896
1.7419
1.8652
2.7196
1.7932
1.9588
1.6365
2.4006
1.654
2.1424
1.9584
1.9376
2.0524
1.7121
2.3572
1.9797
2.0587
1.9103
2.0241
2.1435
1.734
2.1606
2.1612
2.076
1.7903
1.7087
2.0325
2.1666
1.5703
2.5907
2.1019
1.6628
2.3494
2.1987
2.1405
1.936
1.6318
2.1577
2.0856
2.5933
1.8189
1.9109
1.7886
2.0824
2.13
1.7294
2.145
2.1387
1.9601
2.006
2.0832
1.7821
1.8905
2.1266
2.086
2.1233
1.8492
1.7106
1.8695
2.1252
1.5666
2.2754
1.9005
2.18
1.9022
1.719
2.2721
1.9568
1.8981
2.0417
1.661
2.4945
1.8354
2.2604
1.7765
2.0091
1.8211
1.9373
1.4888
2.2012
2.2054
1.6944
1.4736
2.1949
1.9641
1.6329
2.1726
1.9949
2.1362
2.0057
1.6755
2.0963
1.8559
2.03
2.0664
1.9347
1.7877
1.9835
1.9462
1.7582
2.4434
2.0664
2.0347
1.8703
2.1586
2.5217
1.85
2.133
1.6964
2.0245
1.769
1.6253
2.1923
2.0509
1.9344
2.2144
2.1089
2.2129
1.9928
1.9629
1.9408
1.6082
1.9693
1.7858
1.9744
1.791
2.2471
2.0743
2.0871
1.9244
2.3321
2.0825
1.7664
1.8884
1.3643
2.5145
2.0518
1.7171
1.8232
1.8412
2.3885
2.0861
1.9325
1.7097
1.8562
2.2806
1.9335
1.9773
2.0336
1.9773
1.9782
2.41
1.9887
1.6404
2.0311
1.8333
2.3316
1.676
2.1389
1.9443
1.9528
1.9009
1.9373
1.9118
2.092
1.8576
2.2189
2.0291
1.6247
2.3862
1.9245
2.1159
1.7709
2.2037
2.1437
1.8718
2.1106
2.2535
2.264
1.6292
2.0261
2.1174
1.8037
2.3651
1.6694
2.2243
1.9519
1.5541
2.3705
2.3948
1.7182
2.1114
2.1369
1.9878
2.3641
1.9689
2.3168
1.9874
2.1415
1.9795
1.9953
2.0881
2.0071
1.9489
1.8823
2.1205
2.2141
2.0824
2.1516
1.9358
1.4945
2.4093
2.0628
2.183
1.6226
1.9516
1.9689
1.9417
1.914
2.1556
1.7556
2.5208
1.769
1.9542
1.8276
1.9477
2.0637
2.1771
2.0702
1.9
1.8368
2.0314
1.8691
2.1227
1.9699
1.9221
1.915
2.1756
1.743
2.3351
2.0474
2.5674
1.8726
1.7908
1.9667
2.0599
2.2196
1.9755
1.6529
1.9421
1.6256
2.0847
1.9059
1.9158
1.9388
2.3761
1.5678
1.7321
2.1143
2.2386
2.0245
2.1925
1.698
2.2193
2.2973
1.7252
1.8108
1.6992
1.9827
2.2849
1.7176
1.7496
2.5522
1.8707
2.0101
1.7022
2.329
1.8652
2.2274
2.0174
1.8313
1.9204
1.8116
1.7375
1.9407
1.8089
2.3419
2.0144
2.0375
1.8467
2.0187
1.9528
2.0607
1.8434
1.9061
1.9782
2.3683
2.0389
1.672
2.0059
1.9681
2.1839
2.2127
1.7829
1.9033
2.283
2.1312
2.1306
1.8784
1.8755
2.0889
1.807
2.1651
1.9031
1.8019
2.288
1.6176
2.2326
1.6201
1.9914
2.1119
2.2513
2.3334
2.2726
1.3652
2.1351
2.0794
1.8855
2.5184
1.4722
2.1046
1.8021
2.1174
1.873
1.7383
1.8803
2.078
1.7303
2.3864
1.7562
2.3687
1.833
1.9786
2.0456
1.9303
1.8002
1.7615
2.0696
1.5468
2.0529
1.8186
1.8016
2.2822
1.4824
1.8771
2.3157
2.0487
1.6246
1.8063
1.8711
1.9025
2.1421
2.1144
1.5261
2.2233
1.8289
1.9123
2.0761
1.7106
1.9309
1.8828
2.5546
2.0677
1.9841
2.1102
2.0973
2.1433
2.1475
2.2009
1.8988
2.2173
1.9629
1.7658
2.4407
1.7643
1.7791
2.2406
1.8522
2.0689
1.6404
2.0039
2.2652
2.1563
2.4219
2.2293
1.8332
1.8846
1.8378
2.213
2.2594
1.8661
2.1403
1.9001
2.1219
1.8357
1.7177
2.3941
1.8135
2.1261
1.6485
1.9937
1.804
2.3235
1.9136
2.085
2.3241
1.7327
1.8917
1.9598
2.0549
1.8687
1.87
1.8844
2.0855
1.677
2.167
1.4855
2.1626
2.0947
2.2915
1.9166
1.5188
1.9626
2.0574
2.0733
2.3457
1.4744
1.9474
1.8676
1.7386
2.3561
2.1482
2.0713
1.658
1.9441
1.9178
1.8258
2.3097
1.9569
2.0702
2.0975
2.0896
2.1584
1.7661
1.6191
2.1046
2.1089
1.9163
1.4152
2.4075
1.6877
1.9818
2.0629
2.1093
2.3688
2.3814
1.8882
2.1339
2.1833
1.8011
2.0311
1.9676
2.1416
2.0062
1.5139
2.1205
2.2857
1.9052
1.6693
1.9151
1.9597
1.7561
1.6182
2.2134
2.0494
1.8523
1.9356
2.0427
1.4702
2.2696
1.9236
1.8219
2.0976
1.9096
1.5542
2.0518
2.1114
1.7731
2.0569
1.8186
1.6992
2.2974
1.8739
1.8465
1.9132
1.9748
2.0102
1.724
2.2635
1.6485
1.8415
1.972
2.7625
1.3563
2.625
1.57
2.1579
1.8096
2.0879
2.1731
1.772
2.287
1.5945
2.2107
2.0302
1.4686
2.5331
2.1537
1.8142
1.9888
2.1681
2.0536
2.0321
1.9849
1.8701
2.0144
2.0624
1.8337
2.3901
1.7096
1.9414
1.8799
2.0341
2.1354
2.0983
1.7084
2.1283
2.3553
2.3021
2.2317
2.0168
1.8202
2.0757
1.8562
1.6428
1.9705
2.7191
1.6828
1.6685
2.09
1.8639
2.2025
1.7771
1.9375
2.6419
1.7376
1.995
1.8613
2.1447
2.2316
2.1344
1.8886
1.9659
2.131
1.9131
2.1761
2.1929
1.8229
2.0588
2.0364
1.7704
1.7267
2.1817
2.5919
1.8915
1.6436
2.0246
2.0216
2.6018
1.6024
2.0966
2.0625
1.6727
2.0025
1.7432
2.1926
1.7332
2.3822
1.7429
2.0275
2.1546
1.8803
2.5873
1.7533
2.171
1.9845
2.0796
2.2971
1.9117
2.1667
1.8522
1.8669
2.1333
2.3316
1.867
2.028
2.1046
1.5715
1.9921
2.284
2.1641
1.6675
1.8395
2.0327
2.0369
1.6975
2.0941
2.054
1.8226
1.7985
2.1133
2.4866
1.8165
1.6757
2.0755
2.0662
2.0144
1.949
1.7518
2.0204
1.6109
2.2205
2.1194
2.2766
1.8574
2.0047
2.2109
1.8818
1.8619
1.9861
1.5603
2.2127
1.9096
2.1359
2.0148
1.9375
1.8782
1.8371
2.0949
1.8523
2.1154
1.8766
2.5867
1.6487
1.7892
2.4805
2.0913
2.0647
1.982
1.8397
2.1285
2.0333
2.3004
1.9421
2.0651
1.8958
2.1604
1.9473
2.1623
2.0334
2.8838
2.0533
2.0722
2.244
1.8076
1.8862
2.0734
1.6869
1.5813
2.0135
2.1006
2.04
2.4065
1.775
2.2455
1.8765
1.8425
1.8503
1.6749
1.8582
2.3406
1.6018
2.0232
1.822
2.0361
2.1186
1.7125
2.1325
1.7886
1.9073
2.3116
1.9841
2.1878
2.0729
2.2867
1.4815
2.4978
1.6443
2.1807
2.0119
1.773
1.6293
2.0197
1.937
1.786
1.8615
2.4325
1.5878
2.2443
2.1917
1.8147
1.6182
2.3636
1.859
1.9315
2.1011
1.7911
2.1412
2.0487
1.9951
1.6675
1.9721
2.2177
1.739
1.906
1.9557
2.1171
2.0674
1.828
2.695
1.7745
1.6804
2.1715
2.0259
1.8552
1.6653
2.0495
1.9865
2.1266
2.0256
1.9364
1.9903
2.0625
1.6095
1.8518
2.0294
2.6528
1.9782
1.7494
2.0211
1.7751
2.6004
1.9824
1.6005
2.2544
2.0779
1.9376
2.1728
1.9917
1.6664
1.9839
2.1025
1.7487
1.8604
2.1845
2.1361
1.5351
2.0644
2.1038
2.1768
1.8357
2.0307
2.2858
1.9277
1.7333
2.009
2.2181
1.8371
2.1594
1.9875
2.105
1.6491
2.0725
2.5618
2.0289
1.5722
1.8326
2.0466
1.7982
2.085
2.2013
1.8381
1.9316
2.1872
2.1499
1.7775
1.916
1.981
1.836
2.2607
1.9612
1.8897
1.9607
1.6927
2.2448
1.8083
1.8315
1.9664
2.4451
1.4527
2.5301
1.9113
1.7214
2.0427
2.128
1.726
1.8114
2.3899
1.7641
1.8076
2.0165
1.8419
1.9845
2.1571
2.0117
1.7561
1.9447
2.0533
2.0043
1.9119
2.0519
1.7842
2.1553
2.0748
2.1873
2.1152
1.8586
2.2518
2.0192
1.8449
2.138
1.892
1.8454
1.8112
2.166
2.0628
1.6353
2.0089
1.6461
1.817
2.2625
1.9191
2.3651
1.7356
2.2133
2.0606
2.0703
2.2728
1.9239
2.4317
1.8921
2.1323
1.82
1.7099
2.5579
2.2196
1.7889
2.0993
2.3975
1.5828
2.524
1.7034
1.8529
1.9148
1.6815
2.0299
1.9583
2.0235
2.7226
1.9221
2.0101
1.9094
2.1269
2.0771
1.8186
1.8261
2.1648
1.3904
2.3055
2.0756
1.6643
2.4427
1.5594
1.9344
1.6501
2.2902
2.0192
2.1617
1.9183
2.0284
1.7813
2.1837
2.2851
1.7621
1.6855
2.2006
2.056
2.2508
1.5843
2.5383
2.4164
1.8833
1.9693
2.0905
1.9536
1.9168
2.2579
2.1218
1.7004
1.9828
1.9721
2.0674
2.1763
2.1925
1.7835
2.3003
1.8974
1.7383
2.3166
1.8295
2.0949
1.8504
2.1199
1.9457
1.9981
2.2848
1.8489
2.3752
1.911
1.869
1.7185
2.1184
2.0082
1.9429
1.6392
2.0478
2.3315
1.9148
1.959
1.8695
1.8364
2.2686
1.8558
1.79
1.9595
2.1047
1.5696
2.3944
1.9666
1.8612
2.0644
1.8486
2.1277
1.8083
1.8576
2.1234
1.7624
1.8639
2.2493
1.8514
1.9915
2.044
1.9752
1.9356
2.4306
1.9695
1.814
1.7033
2.725
1.7473
1.7334
2.3409
1.3846
2.2415
2.0911
2.0162
2.16
1.6408
2.4659
1.9122
1.695
1.9361
2.3973
1.8244
1.8449
1.6068
1.9213
2.0226
1.7115
1.793
1.8504
2.5674
1.8703
1.652
2.1965
2.421
2.1352
1.9813
1.9431
2.0695
1.6431
1.7562
2.1511
1.7868
2.0216
2.2195
1.9929
1.428
1.7722
2.2113
1.765
1.6922
1.9495
1.7451
2.2652
2.0433
1.4858
2.203
1.6432
2.0473
2.073
1.7641
2.8569
1.568
2.2343
2.3299
1.8927
2.0183
1.7125
1.8932
1.9796
2.3283
1.759
1.899
2.0021
1.8394
1.8401
2.0173
1.7438
1.6719
2.0059
1.9818
1.9857
2.2843
2.0984
1.9521
1.8592
1.7936
2.0552
1.6785
2.2533
2.0706
2.2301
2.7174
1.5832
1.9262
2.2091
1.7895
1.7195
2.0333
2.4082
2.0879
1.6492
2.1324
2.0624
1.8759
2.1158
1.8504
2.1708
1.5749
2.3557
1.9313
1.8965
2.1089
2.0877
1.6991
1.9647
2.1425
2.137
1.6889
2.2548
2.1987
1.9766
1.9815
2.206
1.8806
1.7766
1.8873
1.7432
2.0346
1.9512
1.9187
1.7962
2.0456
2.287
1.9413
1.964
2.0568
1.4367
2.4471
1.9757
2.3833
1.8721
2.3137
1.8321
1.8877
2.0218
2.3589
1.7339
2.5115
1.675
1.8202
1.9522
1.9574
2.3187
2.092
1.8042
1.8587
1.9957
1.9896
1.6171
1.673
2.1986
2.1049
2.2961
1.5917
1.9866
1.6666
1.7404
2.1306
1.9547
2.1802
1.9444
1.6761
2.3083
1.8096
2.0136
1.8161
1.8362
1.9359
1.9828
2.2718
1.8022
1.5328
1.9301
2.0609
2.0063
2.1004
2.1768
1.7169
2.2486
2.0679
1.9055
1.8181
1.9562
2.1902
1.6214
2.0946
1.4352
2.3128
1.9629
1.7311
1.9167
1.9523
2.1107
1.6358
2.1267
2.0313
2.2183
1.534
1.7392
1.9159
2.2136
1.9045
2.2503
1.9654
1.9188
2.0709
1.9152
1.8679
2.0698
2.0967
1.9236
1.8676
1.9621
1.8856
2.2226
2.0476
1.8957
2.0116
1.9105
1.7549
2.4085
1.8833
1.7605
1.6374
2.3131
1.938
2.0664
2.0884
1.905
1.9579
2.3473
1.9535
1.7338
2.3286
1.7279
2.024
1.807
1.8296
1.9136
1.9877
2.1264
2.3239
1.9433
2.0336
1.7836
1.9476
1.8584
1.889
2.1839
1.1815
2.0851
1.6417
1.9492
1.9397
2.0192
2.0443
1.7587
2.4805
1.8441
2.3599
1.651
1.8574
1.8214
2.4505
2.0377
1.308
2.0835
2.2075
1.9444
2.0524
2.2725
2.0114
2.0579
2.4097
1.7648
2.2099
1.3796
1.9065
2.1065
2.088
1.8972
1.7573
2.1465
2.0078
1.9408
2.0763
2.4004
1.7153
2.0111
2.1638
1.885
2.1293
1.732
2.3204
2.0692
2.0412
1.8609
1.9555
2.1345
1.7285
2.1131
2.4166
1.8622
1.7305
2.1966
2.0101
1.8165
1.9435
2.0195
1.4026
2.0692
2.1527
1.8057
1.7167
1.9947
1.8238
1.8311
2.3052
1.7471
1.9186
2.004
1.843
2.1812
1.798
2.0672
1.5381
2.2811
2.0834
1.9185
1.8988
1.8005
2.0878
2.0678
1.9814
1.5515
2.0059
1.971
2.0711
1.9464
1.8976
1.9017
2.0412
2.1319
1.9254
1.9196
2.1244
1.5582
1.8285
2.0957
2.1343
2.031
2.2646
1.6301
1.926
2.1817
2.311
1.9001
1.7792
2.0371
2.3007
1.7182
1.5976
1.8549
1.8767
2.3077
1.8405
1.7838
1.7749
2.3361
2.1491
2.0076
2.0222
1.8202
1.9785
1.8493
1.9525
2.0543
1.7154
2.004
1.8194
2.1952
1.7938
2.0237
1.8376
2.2713
2.0876
1.6321
2.3631
1.3806
1.981
2.3757
2.2243
2.4577
1.8762
1.8597
2.0102
2.1085
1.6852
2.3038
2.052
2.1525
2.05
2.4368
1.8451
1.7517
2.3366
2.2029
2.0554
2.2708
1.9356
1.7749
2.5425
1.9301
1.6151
1.6198
2.1593
1.9846
1.5514
2.1266
2.0839
1.8589
2.1653
1.9613
2.189
1.7133
2.395
1.8424
1.9764
1.9713
2.0742
2.2126
1.8333
2.361
1.9491
1.7226
1.8351
1.985
2.2405
2.266
1.6767
2.3696
2.1176
1.9287
1.5312
1.7507
1.9268
2.4057
1.7686
1.9701
2.5434
1.992
1.4943
2.135
1.7401
1.8182
1.9003
2.5237
1.9622
2.1102
1.9733
1.9699
1.9577
2.0249
1.9849
2.1333
2.2486
2.1696
1.8054
2.0432
2.1116
2.1723
1.7421
2.3586
1.7455
1.7012
1.9716
2.1706
1.7248
2.1555
1.8523
1.7909
2.2019
1.6063
2.0143
1.6971
2.1767
2.3257
2.0608
1.7723
2.1015
1.9263
1.9578
2.541
1.7654
2.3827
1.7689
1.7892
2.6538
1.9315
1.9556
2.2524
1.459
2.1197
2.3899
1.8672
1.9236
1.8059
2.2521
1.6259
2.3787
2.095
2.1248
1.9063
1.8724
2.1142
1.7901
1.971
2.2925
1.5373
2.1364
1.6114
1.9723
2.3091
1.5372
2.1604
1.7196
1.8976
1.8238
1.9444
1.9787
2.2717
1.7721
2.0177
1.6808
1.9411
1.8212
2.3457
1.8807
1.9874
1.8375
1.7449
1.9591
2.0818
2.1006
2.2752
1.6758
2.3145
2.2031
1.7862
1.518
2.1909
1.9991
1.9372
2.0206
1.5803
2.0133
2.1533
1.9357
1.7274
1.7366
1.9729
1.7398
2.2382
2.052
1.815
1.7398
2.3426
1.7514
1.804
1.7997
2.0001
2.1156
1.8205
1.8964
2.0194
1.3493
2.5598
1.6142
2.4147
1.7957
1.9822
2.1805
2.3078
1.8318
2.2261
1.7211
2.2157
1.9435
1.8456
2.2692
1.6488
2.0892
2.0278
2.0838
1.9845
1.6457
2.2387
2.2996
2.0337
2.4072
1.4871
1.7488
1.9413
1.8691
1.5525
2.1782
1.5694
2.1495
2.111
1.8448
1.9441
2.0291
1.9444
1.6757
1.9547
2.2227
2.1392
1.9852
1.8797
1.6664
1.7606
1.7518
1.8477
2.0312
1.9958
2.1067
1.8916
2.1808
1.9444
2.1656
1.9191
1.8847
2.4806
2.0174
1.8331
2.1292
2.022
1.9722
1.7476
2.1921
1.918
1.8218
2.0572
1.9835
1.9884
2.3058
1.8283
1.611
2.215
2.046
2.6319
1.6135
1.9162
1.9199
1.8647
1.9984
1.7871
1.877
2.0889
2.0072
2.207
1.8632
1.8218
2.1515
1.5459
2.0816
2.2545
1.7471
1.8058
1.7883
2.5556
1.6334
2.2266
1.9217
1.7731
2.1854
1.9065
1.9416
1.5948
1.7447
2.1495
1.8919
2.017
2.1282
1.7172
2.0569
1.8436
2.3159
2.3152
1.7569
1.7284
1.9546
2.125
1.9716
1.8132
1.9476
2.0939
2.0785
1.8209
1.9103
1.8723
2.1162
2.0126
1.9346
1.4435
2.012
2.0974
2.0164
1.9003
1.9304
1.8334
2.1207
1.5234
2.2674
2.015
2.1305
1.6759
1.9687
1.9294
1.8656
2.2515
1.8912
1.4944
2.1322
1.9572
1.9682
1.7273
2.4646
1.8934
2.2609
2.082
2.0199
2.0141
1.9146
2.11
1.8938
2.1437
2.1037
1.9202
2.22
1.9842
1.4919
2.1683
1.9814
1.4108
2.5028
2.1781
1.9024
1.9172
1.7056
1.9922
1.6746
1.9793
1.8666
1.7961
1.8634
1.8004
2.3108
2.0751
2.0536
2.0311
2.2634
1.5126
2.1501
1.8792
2.2726
2.1409
1.8883
1.9096
1.8104
2.2152
1.719
1.9875
1.9704
1.9168
2.1586
1.6781
2.0364
2.2102
2.0319
2.0869
2.1668
1.434
2.3835
2.0329
2.1005
2.0147
2.1442
1.9999
2.0369
2.2753
1.7632
1.8704
2.3791
1.8306
2.3553
2.0132
2.1331
1.8138
2.1108
1.9544
1.9461
1.9624
2.2108
1.9865
2.1665
1.3736
2.0144
2.2232
2.1374
1.9807
1.6426
2.6065
1.4598
2.3124
1.748
2.2694
1.9133
1.8208
2.1988
1.6265
2.1482
1.8602
1.9505
1.5736
2.0025
1.9141
1.7517
2.2268
2.0037
2.099
1.7141
2.0873
1.8285
2.2696
1.7286
2.1092
2.2152
1.8791
2.2609
2.211
1.9501
1.8565
1.9441
1.7956
1.893
2.077
1.4415
2.5583
1.8667
1.918
2.0388
1.9199
2.2267
1.8791
1.9662
1.9386
2.1837
1.6646
1.9802
2.0772
1.8499
2.0031
2.1105
2.5324
1.9568
2.2866
1.6781
2.6491
2.0681
1.6655
2.0626
1.7893
1.6295
2.1616
2.162
1.9557
2.0459
1.8423
2.1825
1.8187
1.9209
1.7038
2.2415
2.2415
2.0493
1.8948
1.6974
2.4711
1.4904
2.0027
1.9365
2.0706
1.6321
2.3281
2.2252
1.4603
2.0761
1.6612
2.212
1.7078
2.3444
1.6466
1.9727
2.0374
1.7972
2.3453
1.8981
1.6491
2.1337
2.0326
2.4309
1.42
1.8318
1.8868
1.9512
1.9185
2.0316
2.0452
2.0758
1.8318
2.0161
1.8593
1.8059
1.8189
2.1785
1.9692
2.0713
2.0882
1.7088
2.4967
1.8815
1.8059
2.1766
1.8753
1.6171
1.9329
2.1748
2.3934
2.2481
1.8054
1.745
2.2554
2.006
2.0965
1.6618
2.4089
1.8496
2.3195
2.0208
2.286
1.5631
1.8703
1.881
2.1101
2.1843
1.8387
2.1037
1.9823
2.1804
2.0075
2.1321
1.6956
1.8884
2.3454
1.9506
1.9214
1.732
2.343
1.9456
2.4573
1.8451
1.8864
1.9408
2.229
1.6015
2.1832
2.2851
1.4773
2.0075
2.0825
2.1858
1.8678
1.4456
1.9538
1.9741
2.2758
1.5581
2.4554
1.6445
1.8338
2.01
2.003
1.8421
2.4319
1.9793
1.7518
2.3322
1.7033
1.7981
1.9007
1.605
2.1782
2.1829
1.7435
2.0895
1.9853
1.6524
2.2921
1.5041
1.9983
1.9066
2.2519
1.6526
1.8632
1.7938
2.1029
2.1157
2.1205
2.047
2.336
1.8784
2.7248
1.5708
1.8926
1.9336
1.7193
1.7181
2.2468
2.0402
1.8581
2.1699
2.0771
1.8138
2.1045
2.3448
1.736
2.0579
2.3027
1.4592
2.3127
1.9742
1.97
1.9775
1.9001
2.0417
1.9339
2.0128
1.7785
2.4555
1.9995
1.9945
2.244
1.6691
2.1245
1.9503
2.0857
2.4411
1.4455
2.3447
1.4612
1.927
2.322
1.9242
1.9562
2.217
2.0946
1.903
1.9224
2.3615
1.535
1.9395
2.0924
1.8817
2.1211
1.9127
1.8142
2.1176
2.0081
1.9801
1.8705
1.9476
2.1767
2.0499
1.8633
1.9332
1.9951
2.1037
2.0639
1.8181
1.8572
2.0653
1.8025
1.8334
2.0489
1.8515
2.0634
1.8727
2.2236
1.8155
2.0823
1.8884
2.2696
1.9732
1.6096
1.9044
2.3583
1.7323
1.9825
1.9648
1.5955
2.3937
1.6389
2.2746
1.9572
1.9322
1.9145
1.9763
1.9426
1.9122
2.2288
2.1011
1.9368
2.0582
1.8015
2.4936
1.5646
1.9873
2.1471
1.7894
1.8637
2.1323
1.9937
1.6686
2.4411
1.8095
2.279
2.022
1.6576
2.0263
1.6766
2.3128
1.8761
2.273
1.6475
2.1683
1.8175
2.263
2.0911
2.261
1.6691
2.2208
1.697
1.9263
1.8861
2.4316
1.9724
2.6765
2.2437
1.7465
2.2296
1.5467
1.8211
2.6538
1.5007
2.511
1.6859
2.2542
2.2576
2.0729
2.0564
1.8354
2.0002
2.2055
1.4253
2.0357
2.0333
1.5451
2.1146
1.7929
1.9991
2.3221
2.1044
1.891
1.9691
1.9495
1.87
1.9875
2.137
1.5317
2.2403
2.147
1.8559
1.8241
1.8719
1.8515
1.9544
1.9935
1.9902
1.8731
1.9557
1.9618
1.9923
1.8133
2.1321
2.0372
2.0765
1.9591
2.6993
1.8398
2.034
1.9574
1.5392
2.3058
1.9081
2.3421
1.8599
2.292
1.5517
2.0131
2.3064
1.8678
2.1914
1.8803
1.9757
2.0682
1.7874
1.9056
2.5074
1.8966
1.9108
2.064
1.974
1.973
2.1422
1.9722
2.0316
2.0921
1.7692
2.2273
1.5308
1.8858
2.158
1.9307
1.7869
2.4331
1.7993
2.0856
2.1453
1.9315
1.6956
2.7319
1.5427
2.4145
2.2716
1.5867
1.7691
2.0044
1.8831
1.9724
1.7777
1.9904
2.0871
1.8695
2.1213
2.1881
2.34
1.8154
2.0778
2.0841
2.1095
1.7072
1.9212
1.8504
1.9921
2.0168
2.3805
2.0577
2.1148
1.8867
1.7402
1.7591
2.0149
1.6654
2.1996
1.9717
2.1884
1.7403
1.8517
2.2616
1.657
2.1991
1.6901
2.0692
2.0103
2.1765
1.5186
1.9099
1.7054
2.339
1.8284
2.3486
1.712
2.322
1.5302
2.202
2.1844
2.1639
1.7644
1.9372
1.7727
1.8773
2.5674
1.5674
1.9191
1.8682
2.0346
1.8271
2.5386
2.1732
1.7307
1.9492
1.8568
1.7123
2.1101
1.6981
1.8337
2.4179
2.1788
2.3742
1.6983
1.9455
1.8312
2.1077
2.3559
2.3062
1.9205
1.906
1.5796
2.081
1.729
2.006
1.6635
2.0023
1.8673
1.9443
1.4524
2.2256
2.0766
1.6249
1.7043
2.3458
1.8869
1.7871
2.1339
1.7319
2.0474
2.2332
2.2039
2.162
1.7123
2.5915
1.9126
1.837
1.9337
2.147
1.7919
2.2136
1.895
1.8978
2.0129
1.8182
2.2336
1.7949
1.7826
2.0313
2.1659
1.682
1.8383
2.022
1.8611
1.832
1.8512
2.0139
1.907
1.8334
1.5749
2.0604
2.2135
2.0832
1.6027
2.3032
1.6838
2.3507
1.8123
2.1903
1.6712
2.1339
2.0762
1.7929
1.7515
2.2361
1.7794
2.1302
1.7483
1.7112
2.237
2.027
1.8244
2.0857
1.8804
1.8666
2.015
2.0114
2.107
2.0894
2.0132
1.7568
2.1032
1.8816
1.8479
1.7853
2.0393
1.9551
1.9778
1.2723
1.7622
2.0911
1.8611
2.1451
1.909
1.7203
1.9317
1.7665
2.0644
1.8364
2.1779
2.0204
2.0651
2.2765
1.6967
1.8899
1.8652
1.9382
1.8653
1.7013
1.8357
2.1293
1.701
2.4496
2.0735
1.664
1.8186
2.2296
2.1867
1.6703
2.292
1.7191
1.9548
1.8153
1.9277
1.8952
2.2154
1.7464
2.2576
1.9322
1.7871
1.7975
2.0586
2.0673
1.9243
2.0053
1.76
2.0193
1.8766
2.0065
1.9176
1.5844
2.3372
1.7864
2.3376
2.1862
1.69
2.2027
1.7633
2.3631
1.8023
1.9567
2.009
2.3275
1.5563
2.3688
2.022
2.0839
2.1351
1.9328
1.4984
1.684
2.0219
2.338
1.8022
2.0155
1.889
2.4374
2.1763
1.7397
1.6782
2.2262
1.8857
2.2488
2.0958
1.9258
2.2092
1.8592
1.9507
1.9389
2.2605
1.6946
2.063
1.6507
2.3367
2.1697
2.1358
1.9543
1.9065
2.0282
1.9507
1.8418
1.9068
2.3368
1.9467
2.036
2.293
1.5698
2.0049
2.1215
1.8021
1.9837
2.4879
1.9566
1.6969
1.7491
2.0626
1.9904
1.5973
2.1724
1.6258
1.8836
2.3287
2.0212
1.6489
2.2917
2.3182
1.9919
2.1935
1.841
1.8589
2.0726
2.1299
1.9063
1.4017
1.8512
2.1926
1.6484
2.2313
2.1022
1.7706
1.9656
2.0763
2.0274
2.1705
1.9565
1.7935
1.6925
2.0868
1.9358
1.7076
2.1841
1.828
1.896
1.7253
1.6866
2.3405
2.5091
1.7336
1.8549
2.0792
1.8596
2.3127
1.9604
2.1186
1.6933
2.3335
1.8564
2.0456
1.7773
2.1469
2.2184
1.6798
1.5873
1.7787
2.1392
2.1407
1.9202
2.0603
1.8172
2.1878
1.6658
1.7563
2.0376
1.6233
2.6291
1.8708
1.6263
2.0203
2.2771
1.8866
1.9309
2.0953
1.5821
2.1897
2.382
1.5533
1.8682
2.3177
1.8326
1.7232
1.8176
2.8956
1.7482
1.8315
2.0155
2.1848
1.5649
2.2864
2.1043
1.7648
1.8089
1.8771
2.2047
1.9009
2.2174
2.0341
2.5149
1.5504
1.8952
2.3576
1.7259
1.9187
2.06
1.852
2.1132
1.8024
2.0247
1.8381
2.1226
2.0448
2.084
1.8268
2.4868
2.2029
1.8286
2.056
1.9169
2.0241
1.7393
2.1359
1.8734
1.602
2.0803
1.9164
1.8421
2.1248
1.8637
2.1936
1.856
2.218
1.8037
1.9605
1.8503
2.3539
1.867
2.082
1.8465
1.6746
2.5249
1.9028
1.6784
1.9239
1.8448
2.0864
1.5767
2.0088
1.8211
2.4456
1.6861
1.8098
1.8073
2.0634
2.4768
2.3508
1.6118
1.7761
1.8254
1.9271
2.206
2.0534
1.989
2.271
2.11
1.8829
1.9292
1.9614
2.174
1.7699
2.0644
2.2216
1.8375
1.9776
2.0245
1.8015
2.3724
2.1567
2.2221
1.7393
1.7985
2.0022
1.7823
2.0701
1.8037
1.7784
1.8774
2.0966
1.8984
1.9555
1.9776
2.3364
2.1855
1.9233
1.9086
1.7024
2.2329
1.8572
1.7159
1.641
2.0993
2.2699
2.0429
2.268
2.3801
1.8432
1.8151
1.9606
1.9169
2.4158
1.7566
2.2328
2.0527
2.2836
1.9176
1.8966
1.5417
2.3429
1.9595
1.9153
2.0073
1.6377
2.2595
1.7353
2.0686
2.4475
1.9737
1.833
1.7747
1.9007
1.9979
1.8237
2.0879
1.7402
1.7255
2.3289
2.0528
1.7254
1.8843
2.0251
2.136
1.7978
1.7375
1.9471
2.0986
2.131
1.8462
2.082
2.1591
1.9747
2.2546
1.8271
1.9116
1.6881
2.4223
1.9104
1.709
2.3408
2.2169
2.4467
1.5664
2.2829
1.8068
2.0581
2.2096
1.8956
1.908
2.0151
2.0313
1.9286
2.2079
1.9826
1.5515
2.0106
2.111
2.2093
1.833
1.4759
2.3145
1.849
1.7935
1.6112
2.329
1.9883
1.9113
2.0773
2.1067
2.1697
2.282
2.4025
1.9616
1.924
2.2106
1.7123
1.9276
2.1638
1.7387
2.1114
2.0521
1.9131
2.1298
2.1199
1.7842
2.3435
2.0238
2.26
2.0368
1.9993
1.7604
1.918
2.1207
1.8859
1.9296
2.1229
2.0405
1.8116
1.8631
2.014
1.8505
2.2049
1.8714
2.0846
2.2859
2.0447
1.8074
2.0979
2.4375
1.7585
1.8668
1.9448
1.8304
2.0994
2.1223
1.7691
2.0114
1.9656
1.5726
1.9059
2.2835
2.3888
1.5329
2.4321
2.2878
1.568
2.1588
1.9882
2.2563
2.0812
1.972
2.1682
1.7365
1.9001
2.302
1.7271
1.7978
1.9754
1.9804
2.2232
1.7563
1.7956
2.0902
1.3935
2.79
1.8215
1.9392
1.9312
1.9673
2.0304
2.7334
2.1364
1.742
1.8542
2.3814
2.0149
2.0365
1.8975
1.4827
2.3762
1.4674
2.1367
1.9728
1.7151
2.1665
1.6236
1.9224
2.0668
1.8879
1.8768
2.3258
1.6549
2.2585
1.7486
2.2454
2.0836
1.6157
1.9779
2.3246
1.8595
2.173
2.1525
1.6727
2.0824
1.972
1.9581
2.1242
2.0801
1.9059
2.4282
1.8005
1.9079
2.0044
1.5618
1.8468
2.037
1.7813
2.1968
1.7916
2.1509
2.1848
1.8753
2.1143
2.2573
1.8343
2.1207
1.5442
2.1387
2.2111
1.9729
2.0057
1.7931
2.1063
1.9656
1.6516
2.2172
1.4151
2.3688
1.8616
2.2099
1.6066
1.9669
1.8006
2.2039
2.2951
1.9182
1.8737
2.0406
2.0008
2.1026
1.8527
1.8585
2.2488
1.6651
1.8864
2.0166
2.1951
2.4971
1.7609
1.9993
2.2093
1.6395
1.9554
1.758
2.098
1.9601
2.1806
2.2172
1.6018
1.9326
2.4761
2.2253
1.6686
2.1954
1.8152
2.2904
2.1065
1.9979
1.731
1.7508
1.66
1.8338
1.6071
1.8461
2.2482
1.805
2.0306
2.0975
2.1884
1.9645
2.1034
1.9468
2.1025
2.0002
1.779
2.051
1.9403
1.9059
1.5419
1.9335
1.9575
1.9299
2.1371
2.0038
2.0886
1.9332
2.0373
2.1821
2.1104
1.8937
1.7252
2.3712
1.4578
2.2234
1.7621
2.04
1.978
1.9858
1.9127
2.0203
2.2578
2.4735
1.7171
2.0399
1.6659
2.1821
2.0592
2.3354
2.0394
1.7178
1.8957
1.6379
1.9634
2.0321
1.7257
1.8859
2.1843
1.5663
2.0715
1.7445
2.2903
1.7959
2.1882
2.4283
1.9634
1.9222
2.189
2.0304
1.835
1.8881
2.1507
1.9253
1.8094
2.0077
1.965
2.0489
1.822
1.8393
1.9802
1.9417
1.8401
2.6818
1.803
2.1125
2.3732
1.8967
2.2665
1.6235
2.2569
1.571
2.5502
1.9208
1.703
2.01
2.188
2.4009
2.1602
1.6281
2.0781
2.0689
2.2504
2.0823
1.4738
2.1263
2.0945
1.7376
1.808
1.6599
2.0465
1.7374
2.2365
2.3278
1.8022
2.1118
2.2866
1.8047
1.4119
2.0827
1.9821
1.8649
1.9995
2.2337
1.7751
1.8673
2.1405
2.297
2.134
1.8333
2.154
1.6971
2.1694
2.2995
1.7298
2.1046
1.8765
1.7801
2.0036
1.9602
1.903
1.7583
2.5323
1.8992
2.298
2.0692
1.8337
2.0589
1.8915
2.5593
2.3045
1.7663
2.1072
1.9447
1.7131
2.4446
2.0896
2.0108
1.7051
1.8699
1.7719
2.1723
1.6338
2.4407
2.0767
2.0472
2.1226
1.8368
1.9918
1.9542
2.0215
2.434
2.2144
1.855
1.8085
2.1029
1.814
2.0059
1.9134
2.0505
1.8677
2.0195
1.7526
2.0426
1.92
1.8206
2.0946
2.4346
2.0581
1.6546
1.943
1.7946
2.141
2.302
1.5451
2.1132
2.0776
1.9703
2.1429
1.5047
2.3071
1.8103
2.2826
1.7524
1.9145
1.8172
2.1312
2.1262
2.0792
1.869
2.1535
1.9325
2.1805
2.1529
1.8676
2.2461
1.813
2.2703
1.7026
1.9783
1.9691
2.2504
1.5833
1.9129
2.1083
1.5951
2.3882
2.2623
2.0284
2.3148
1.8153
1.9896
1.6703
1.8066
2.4444
1.7478
2.3186
1.8235
1.9585
1.6029
2.3944
2.0351
1.9498
2.022
1.7059
2.5221
1.7193
1.6243
1.9729
1.956
2.3102
1.95
1.7303
1.989
2.0734
1.801
1.6648
2.3235
2.0585
2.2096
2.1696
2.1902
1.7844
2.0024
2.1817
1.6814
2.1008
1.9698
2.0151
1.9403
2.3719
1.8309
2.0288
2.2712
1.7483
1.8316
1.8275
2.5
1.8362
1.9512
1.7909
2.2084
1.7803
1.8261
2.3486
2.3163
1.7184
1.7369
2.2366
1.9562
2.16
1.8273
1.7603
2.4496
2.0445
1.6667
2.2639
1.9342
2.0862
1.8714
1.8786
2.3523
1.8188
1.9087
1.695
1.9762
2.0372
2.2246
2.0845
2.5682
1.8763
1.8734
1.9821
1.764
2.0356
2.2627
1.6257
2.5971
1.684
2.071
2.0816
2.1014
1.9144
2.0174
2.1433
2.0322
2.0099
1.9346
1.7929
1.6984
1.801
2.1459
2.066
2.1482
1.819
1.662
2.124
2.5844
1.4339
1.7824
1.3668
2.3991
1.8101
2.2803
1.9776
1.6384
2.0702
2.0234
1.7446
1.7089
2.1551
1.8332
1.9487
1.7083
2.4083
1.7841
1.9653
1.6959
2.1931
1.9945
2.384
2.1992
1.7116
1.5909
2.0687
2.2276
2.1424
1.9015
2.0951
1.8386
2.0238
2.1094
1.9866
2.1407
1.8471
2.1305
1.7265
1.7688
2.1966
1.5906
1.8702
1.9391
1.7573
2.3502
1.4805
1.6676
2.493
1.7541
1.9008
1.9201
2.3997
1.9738
1.8733
2.074
2.4532
2.1005
1.9859
2.1557
1.6812
2.1919
1.9455
1.8251
2.1836
2.0086
1.6703
2.3566
2.2228
1.7546
2.0503
2.2934
1.8356
1.9519
2.1255
2.406
1.9651
1.7178
1.7091
1.8467
2.3359
1.783
1.9407
1.621
2.3658
2.1374
1.6796
2.2304
1.9652
1.9976
2.0482
1.7534
1.6489
2.437
2.0792
1.7884
2.1098
1.9348
1.7737
1.959
1.9963
1.915
1.7795
2.1652
2.0027
2.0775
1.7502
2.1298
1.7769
1.9548
2.2988
1.994
1.5692
2.2394
1.977
1.7542
2.2892
2.128
1.726
1.7363
1.9799
2.2176
1.9659
1.9396
1.9475
1.6839
2.8324
1.9268
1.6718
2.6294
1.8411
1.5905
2.3203
1.8853
1.4664
2.3114
1.9352
1.5295
2.2414
1.6924
2.2603
1.6711
1.8559
2.0646
1.9091
2.1067
1.7979
1.5753
2.1131
2.2272
2.1269
1.6911
2.1151
1.5338
2.1564
2.0068
1.6741
2.0706
2.058
1.8214
2.2446
1.7694
2.1894
1.9565
1.6056
2.4732
1.5416
2.2468
1.6994
1.9946
1.6263
2.2401
2.3193
1.6654
2.2385
1.957
2.1719
1.9911
1.8117
2.1755
1.9485
2.0744
1.8611
1.9083
1.9766
2.0574
2.1745
2.1224
1.8798
1.9702
1.8216
2.117
2.2333
1.8163
2.071
1.7133
1.7561
1.7843
2.5009
1.8226
1.859
1.9166
2.2712
1.3772
1.9926
1.9233
1.9793
1.8821
2.72
2.1628
2.1339
2.2192
1.8056
2.2006
2.0567
1.9271
1.8135
1.7978
2.179
1.9973
1.9681
2.0306
2.1128
2.0624
1.9889
2.0995
1.9833
1.889
1.8077
2.1661
1.7761
2.324
2.0193
1.7456
1.8205
2.2353
2.0461
2.6175
1.994
1.84
2.2681
1.9614
1.9592
2.2408
2.0713
1.9046
2.0906
1.9282
2.1685
2.263
1.984
2.0259
2.0158
1.8604
2.2335
1.9018
1.7874
2.086
2.2923
2.0208
1.7668
1.9652
1.7572
2.11
1.8065
2.2634
1.7802
1.9794
1.9187
2.148
1.9975
1.6301
1.8555
1.9776
2.0238
1.9977
1.7689
1.7433
1.9084
1.8106
1.6897
2.0512
1.8762
1.9625
2.4181
1.9971
2.0825
1.7792
1.8977
2.6701
1.666
2.4017
1.7144
1.7318
1.8512
2.253
2.4672
1.272
1.929
2.765
1.4787
2.3323
1.8541
2.0141
2.1979
1.8049
2.4887
2.1628
1.5472
2.0407
2.4722
1.8071
2.1449
2.3766
1.9627
2.1917
1.698
1.844
2.3224
1.9659
2.0651
1.8138
2.0352
1.8103
2.1246
1.8478
2.1342
1.3751
2.5832
1.8588
1.6895
2.2278
1.7587
2.1274
1.8495
1.9794
2.1346
1.995
1.8939
2.1584
2.024
2.0124
2.2962
1.4862
1.7628
2.1431
2.1545
1.532
2.4159
2.3499
1.9586
2.0727
2.3689
1.9926
1.7758
1.8081
2.0723
2.0037
2.1642
2.2005
1.7442
2.3657
1.5152
1.9984
1.9574
1.7767
1.9359
2.3748
1.8349
2.1005
1.8989
1.874
2.1921
2.0726
1.8628
1.8088
1.9764
1.9008
2.3455
1.7515
2.395
1.4409
1.7105
1.9916
1.9059
2.2787
1.7313
1.9917
2.2012
1.877
2.1963
1.7644
1.9313
2.2875
1.6156
2.0012
2.218
1.5919
2.2295
2.2357
1.9394
1.7701
1.7287
2.0897
1.8315
1.8521
1.9307
2.1785
1.4192
2.4307
1.9028
2.1251
2.3205
1.8983
2.0777
2.0429
1.8474
2.0643
2.4067
1.9659
1.665
2.2054
1.8551
1.5595
1.9798
2.3201
2.5407
1.9142
1.7562
2.0693
2.0668
1.6615
2.3591
1.5218
2.0622
2.4467
2.1111
2.1157
2.3392
1.6801
2.0824
1.8845
1.9961
1.8455
2.3935
1.8614
2.0471
1.9144
2.1528
1.9386
1.9019
1.6793
2.0227
1.8526
2.1652
1.7683
2.3265
1.9807
1.8651
1.9011
1.5746
2.006
2.1652
1.8449
2.0533
1.943
1.9035
1.8102
1.8554
1.6089
2.3952
1.9194
2.2641
2.215
1.9668
1.615
1.7338
1.8615
2.1189
1.5909
2.2139
2.0183
1.939
1.7738
1.9713
1.9598
2.2089
2.0987
1.7932
2.071
1.9549
1.6128
2.1409
2.2106
1.7919
1.9534
2.3027
1.4834
2.2897
1.8606
2.3865
1.6606
2.2998
1.897
1.8785
1.803
2.0568
2.0669
1.7286
2.0033
2.0396
2.0239
1.661
1.8874
1.793
2.0809
1.9276
1.6644
1.9659
2.2
1.5341
2.1097
2.0664
2.0692
2.3711
1.6898
1.6386
2.3332
1.6369
2.0375
2.0142
1.8265
1.955
2.1062
1.7699
1.8824
1.6958
2.1504
1.8403
2.4407
1.7005
2.0039
1.9126
2.1613
1.9849
1.9306
1.8552
1.4837
2.2179
1.8128
2.1344
2.359
1.604
2.0421
1.7594
2.1558
1.9808
2.0922
1.7889
2.0435
1.9407
1.7705
2.4086
1.4732
1.8639
2.2382
2.0703
2.1177
2.0724
1.885
2.0754
1.8922
2.3862
1.9255
1.7733
2.007
2.2667
1.8862
2.0323
1.8659
1.9986
1.9116
2.1499
2.0552
2.1044
1.567
2.0765
2.2178
2.1607
2.2558
2.0141
1.7275
2.4291
2.1649
1.5452
2.0117
2.1786
1.4118
2.201
2.1642
2.16
1.6043
1.9289
1.9802
2.1053
1.6066
2.1017
1.8512
2.0567
2.1027
1.8085
2.1005
2.1658
1.994
1.876
2.3406
1.7079
2.0477
1.7887
2.173
1.8287
1.8143
2.1619
2.0451
1.88
2.2655
1.8122
2.1167
1.8791
1.8024
2.1559
2.036
2.1693
1.7857
1.9202
2.4458
1.8848
1.7284
2.2139
1.9702
1.9069
1.8788
2.2015
2.3903
1.2936
1.9333
1.7411
2.0404
1.8965
2.1472
2.241
2.0207
1.8629
2.0691
1.9464
2.0717
1.7523
1.9102
2.1373
1.4739
2.2362
1.8443
1.8513
1.5742
1.8677
2.2355
2.1098
2.0992
1.7456
1.8535
1.9809
1.7582
1.9212
2.3201
1.6954
1.905
1.757
2.4531
2.1455
1.7793
2.1833
2.0803
1.9224
2.1506
1.6975
2.078
2.0349
2.0472
1.81
2.2934
1.7605
2.1115
1.7069
1.9978
2.2842
1.703
1.9036
2.3355
1.5758
1.9995
1.8943
1.9189
2.2191
1.8422
2.1735
2.5153
2.1342
1.7873
2.0843
2.2824
1.624
2.071
2.0805
2.1229
1.9479
1.7764
1.8898
1.8847
2.2952
2.214
2.1062
2.1311
2.1158
1.5862
2.2329
1.8351
2.0153
2.034
2.0048
1.7536
2.0973
1.6475
2.7435
1.8843
1.9034
1.9349
2.6071
1.4337
1.509
1.9972
2.15
2.2073
1.7538
1.7775
2.1003
1.7189
1.8513
1.9038
1.7551
2.4424
1.6992
1.9497
1.989
2.2189
1.8437
2.0677
2.2714
1.8343
2.0645
2.3002
2.1239
2.0711
1.5743
1.9509
1.9636
1.6345
1.9385
2.1904
1.6333
2.0605
2.2956
1.5178
2.0711
2.2613
1.5301
2.0432
1.819
2.1498
2.3303
1.9395
2.0147
1.8062
2.1774
1.8671
1.6533
2.4991
1.8525
2.0952
2.2117
2.1597
1.7265
2.0476
2.0458
1.8445
1.8483
2.1814
2.1448
1.8148
2.0297
1.8223
2.1078
1.9599
2.1448
1.8464
2.4061
1.7257
1.7282
2.1813
1.9921
1.736
2.2125
1.5632
2.4435
2.2726
1.612
2.1755
1.5337
2.2315
2.5052
1.9187
1.9017
1.7623
1.6056
2.3478
1.6188
2.2791
2.0994
2.2889
1.8615
1.8901
2.3058
1.8934
1.8267
1.8896
2.0232
2.0851
2.6092
1.2799
2.8523
1.7289
1.9869
1.8785
2.0315
2.0994
1.7757
2.2557
1.8369
2.0543
2.1834
1.6636
1.8074
2.4167
1.8345
1.7737
2.9523
1.9991
1.7784
1.9709
2.048
1.9004
2.5452
1.8077
2.1524
1.6024
1.9796
2.4051
1.7686
2.0015
1.92
2.193
2.1139
1.8439
2.3177
1.7192
2.0789
1.811
1.9375
1.6129
2.2013
2.517
2.1107
1.693
1.9359
1.5089
2.3277
1.84
2.0778
2.3048
1.5662
1.8314
2.3601
2.1273
1.9467
1.7178
2.7436
1.8831
2.0689
1.8649
2.012
1.8449
1.7546
2.2679
1.8519
1.9498
2.0609
2.1335
1.8743
1.8731
1.8752
1.6957
2.1106
2.2219
1.7652
1.8776
2.0598
1.9181
2.1612
1.7143
2.0956
2.2708
1.8914
1.8523
2.4838
1.7887
1.9509
2.0681
1.745
1.9867
2.2587
1.7548
1.9765
2.3255
1.7951
2.3484
2.4762
1.6282
1.6836
2.3706
1.9171
2.0932
2.1552
2.1146
1.763
1.8882
1.7244
2.3428
2.0914
1.8348
2.5746
1.9036
1.8757
2.1112
2.1552
1.5046
2.3845
1.5457
2.0791
2.0354
1.9174
2.0236
1.7108
2.2862
2.2319
1.6529
2.2156
1.7621
2.1294
1.9587
1.9512
1.7555
2.4897
1.8733
1.6676
1.8852
1.8108
1.6784
2.3131
1.5493
2.59
1.7269
1.8298
2.0255
2.0374
1.8665
1.974
2.0636
1.8267
2.2293
2.124
2.1379
2.0997
1.7566
2.2705
1.7222
2.1891
1.9967
1.8646
2.2546
1.7444
1.7283
2.2372
1.6065
2.201
2.1158
2.1067
2.163
1.9024
1.6477
2.3655
1.9121
2.1756
2.15
1.5895
1.8794
2.0684
2.3249
1.875
2.1863
1.5662
2.2914
1.7994
1.6917
1.7878
2.6137
1.8669
2.1611
1.5739
2.3678
1.7812
2.2044
1.7678
1.9074
1.7633
2.3827
1.6047
2.0066
1.9815
2.39
1.8129
1.6303
2.0309
1.9986
2.1061
1.7742
1.8663
2.0058
1.9129
1.8448
1.8333
2.2717
1.7564
1.8404
2.0399
1.8565
1.7047
2.0891
2.1075
1.772
1.9803
1.7557
1.9771
1.7238
1.7934
2.2534
1.9182
2.11
1.6725
1.9646
1.8273
2.0795
2.1717
2.0757
2.2481
1.7952
1.5882
1.6101
2.1571
2.3843
2.2315
1.4962
1.991
2.5485
1.749
1.7909
2.0184
2.4639
1.5548
2.3285
1.9764
2.0327
1.8994
2.165
1.9447
2.2798
1.7437
1.9805
1.8113
2.1948
1.9623
2.2849
1.7188
1.6637
1.9724
1.7902
1.9735
1.8813
1.8639
2.1301
1.2603
2.1639
1.8791
1.8007
2.0849
2.3262
2.0343
1.7671
2.2194
2.3226
1.5639
1.7673
2.097
2.0741
2.1286
1.8246
2.0652
2.0986
2.3581
1.7895
1.9516
2.4116
2.0687
1.9425
1.8419
2.3694
1.365
1.6857
2.5513
1.8186
2.0733
1.759
1.7299
2.1636
1.6788
2.1118
2.232
1.9081
1.9796
2.3139
1.8207
2.0409
1.9599
1.6637
2.1121
2.0673
1.876
2.6378
2.2567
1.8668
2.5459
2.4005
2.3643
2.0821
1.9647
2.378
2.0865
1.9384
1.7074
2.0099
2.1341
2.1751
1.8838
1.9807
2.4513
1.9976
1.9397
1.6695
2.1318
1.9555
1.7836
1.978
2.0256
2.0165
1.9556
1.729
2.3153
1.9154
1.9134
1.8893
1.9511
1.8342
2.1674
1.8704
1.8852
2.1312
1.7331
2.1575
2.0609
2.0353
2.1066
2.0702
1.6063
2.0577
1.9361
1.9326
2.4976
1.2957
2.0809
2.1891
1.7503
2.1149
1.8618
1.9612
1.7315
1.938
1.871
1.8213
2.0635
2.0316
1.7848
2.0634
1.991
1.8237
2.1992
1.9484
1.8815
2.4617
1.6068
2.1223
1.8545
2.0014
2.1622
2.1648
1.5747
1.8631
2.2273
1.676
2.3744
2.1287
1.9834
1.8625
1.8841
1.5839
2.5114
2.0119
1.6464
1.8919
2.0679
1.8837
2.143
1.357
1.9329
2.2956
1.7671
2.3915
1.819
1.8749
2.4338
1.6455
1.7881
2.303
2.0048
2.0922
2.0225
1.8915
1.6094
2.1551
1.912
2.3118
1.7254
2.1868
2.0039
1.8268
2.2751
2.2794
2.0813
1.9216
1.6865
2.2125
1.8823
2.0809
1.7976
2.2817
2.0486
1.9194
1.9637
2.1403
1.9217
2.328
1.9449
1.7999
1.6591
1.7889
1.929
2.1632
1.5459
1.9993
1.919
2.1105
2.2694
1.959
1.7415
2.0849
2.3969
2.0316
1.7992
1.5988
2.0875
1.8962
2.3763
2.097
1.9588
1.9651
2.0321
1.7426
1.977
1.8761
1.8498
1.8362
1.816
2.2531
1.9569
2.3268
2.2668
1.6177
2.2207
1.6885
2.0835
1.9906
2.0074
1.9061
1.8846
1.5819
2.4825
1.7604
1.7408
1.8615
2.2663
2.2942
2.2609
1.8044
2.3698
1.909
1.9742
1.9653
1.981
2.072
2.0601
2.3601
1.5569
2.3118
1.8876
2.2346
1.6638
2.2808
2.3887
2.2427
1.7057
1.8723
2.1183
2.1154
1.8621
2.0066
2.0239
1.9997
1.9639
1.8492
1.5743
2.307
1.5859
2.0201
1.6178
2.1794
1.7512
1.9266
2.3339
1.9768
1.8265
2.2767
1.779
2.076
2.1044
1.9417
2.2664
1.3486
2.238
2.1646
2.1793
1.5937
2.0012
2.5687
1.917
1.8186
2.1434
1.7136
2.0271
2.1115
2.0063
2.2468
1.923
1.6915
1.96
1.475
1.8061
2.6115
1.7626
2.244
1.7095
1.744
2.2925
1.8257
1.9218
2.1597
1.7375
1.7858
2.272
1.4796
1.8309
2.3454
2.0686
1.6882
1.8538
2.1117
1.609
2.0185
2.1568
1.8279
1.8269
2.18
1.9123
2.1354
1.7661
1.9681
1.9528
2.5175
1.7847
2.1521
2.0858
2.4392
1.6438
1.9676
1.9928
1.8065
1.918
1.8297
2.0145
2.2191
2.0041
1.6424
1.936
1.9286
2.0832
2.0723
1.7463
1.9971
2.3605
1.8472
2.2095
1.8091
2.2009
2.1693
1.6477
2.5879
1.6549
1.535
2.0248
1.7247
2.0663
2.1061
1.6572
2.1941
2.3302
1.962
1.7122
1.8722
1.8669
1.9857
2.2074
2.0115
1.6807
2.1566
1.555
2.1022
1.8201
2.1944
1.8471
1.9971
2.0055
1.9891
1.4659
2.2683
1.9314
2.2849
2.0782
1.6799
1.6765
1.8358
1.614
2.2894
1.8817
2.1923
2.1626
2.1301
1.9255
1.895
1.9659
2.3281
1.4386
2.0897
1.8848
2.2972
1.6609
2.0339
2.039
2.2627
1.5179
2.7196
1.9328
1.492
1.7445
2.4123
1.7611
2.1048
2.1031
2.2885
1.7252
1.9222
1.8676
2.1937
2.0324
2.0318
1.8321
1.513
1.9125
1.8708
1.7229
1.9495
2.145
2.0528
2.3652
2.0819
1.8329
1.6112
1.9324
1.9442
1.8642
2.2104
1.8599
2.1414
2.1748
2.1875
1.7713
1.7987
2.1444
2.2714
1.8166
2.1487
1.8806
2.263
2.0727
1.8762
2.4935
1.7587
1.9105
1.9115
1.8241
1.7793
2.4867
1.8518
2.2942
1.858
1.7042
1.8061
1.7533
2.144
1.8209
1.6327
1.9892
1.7669
1.9276
1.9071
2.0064
1.7937
2.2351
2.2155
1.8935
2.0993
1.9102
1.9741
2.2286
2.0689
1.8138
1.9366
2.3676
1.854
1.9732
1.7614
1.937
1.5815
2.1903
2.3879
1.6785
2.1456
2.0301
1.9784
1.8704
2.0685
2.1654
2.0284
1.9917
1.7508
1.8681
2.0961
2.0523
1.9576
1.6199
2.5512
1.8029
1.8178
2.3982
1.8636
2.092
1.7912
1.6782
1.9421
2.197
1.7009
2.0259
1.9218
2.0137
1.9351
2.1695
1.619
2.3342
2.0438
1.6907
1.9708
1.7802
1.865
2.084
1.9709
1.8217
1.734
2.4164
1.9593
1.4097
1.753
2.3597
1.8904
1.9059
1.9471
1.6899
2.2516
1.9822
1.6437
2.1962
2.1479
2.1226
1.6827
1.9825
1.9147
1.9289
1.7894
1.8914
1.9439
1.8521
1.9894
2.0301
2.1894
2.2907
1.9573
1.5622
2.1845
1.5334
2.3846
1.9478
2.2723
1.8572
1.8736
1.9704
1.8302
2.1135
1.7559
2.0288
1.9984
1.9286
2.0211
1.803
2.3948
2.0799
1.4988
2.124
2.4034
1.7551
1.5852
2.3557
1.7729
2.0618
2.2708
1.679
2.1048
2.0789
1.9281
1.9574
2.292
1.9152
1.9739
1.9512
1.7546
2.3422
2.4223
1.7162
1.5509
2.1406
1.6837
2.2247
1.5736
2.5308
1.9768
2.1216
1.7033
1.8783
2.5512
1.5684
1.8804
2.2473
1.6135
1.938
2.0982
1.993
1.9862
2.475
1.8121
2.1115
1.9354
1.8581
1.8737
1.8381
1.7371
1.7488
2.11
2.057
1.9535
2.2136
1.5896
2.2609
2.1268
2.2287
2.2087
1.8352
1.9544
1.8127
2.1124
1.8677
2.0899
2.1913
1.7342
2.0588
1.9668
2.1485
2.14
1.7929
1.9852
1.9949
1.921
1.8143
2.0365
2.3119
1.6844
1.8613
2.3476
1.9262
2.1006
1.6251
1.9628
2.1432
1.5453
1.9367
2.0602
1.9553
2.0521
1.839
1.7166
2.0178
1.4694
2.33
1.9738
1.7413
2.1853
2.3112
1.6919
2.2277
1.6865
1.966
2.0944
1.9907
1.7891
2.1111
2.1319
1.7428
2.0906
1.8357
2.1602
1.9571
1.9824
2.1221
1.936
2.1688
1.8006
2.1198
1.7965
2.2758
1.6834
2.2572
2.177
1.8872
1.547
2.2169
2.438
1.9485
1.8121
1.7837
2.3268
1.8339
1.8798
2.4011
1.9757
2.0792
1.6604
2.0248
1.8702
1.615
2.4869
1.8491
2.0197
2.0793
1.9541
1.9142
1.6588
2.2006
1.6296
1.8547
1.8614
2.4438
1.7048
2.2086
1.8713
1.7428
2.2285
1.5979
2.459
2.2109
1.4951
1.7348
1.7978
2.0467
2.1634
1.8906
2.0757
2.1475
2.2502
2.033
2.1703
1.7772
2.2753
2.0984
2.1312
1.8356
1.8077
2.0675
1.6226
2.153
2.0089
1.821
1.8874
2.2534
1.7634
2.3163
2.3845
1.9051
1.9831
1.8199
2.6419
1.7792
1.9734
2.1932
1.5949
2.1911
1.7731
1.9675
1.8694
2.1355
2.0893
2.0424
2.2168
1.9056
2.2049
1.8564
2.1855
1.7566
2.1899
1.7612
1.7447
1.9823
2.0199
2.3994
2.0039
2.2188
1.9375
2.1309
1.7157
2.0147
2.0244
2.2337
1.8077
1.7882
2.2485
2.0773
1.5127
2.2013
1.9598
2.5129
2.2628
1.6483
1.4184
2.2855
2.0316
2.0556
1.8454
2.5069
1.8579
2.4662
1.9355
2.0108
1.8277
1.9205
1.8854
2.2659
2.023
1.7091
2.0682
1.5377
1.8057
1.8392
2.037
1.4937
1.8362
2.0598
2.0839
2.2218
1.8682
1.5294
1.9696
2.0902
2.2536
1.6827
2.3869
1.5535
2.795
1.6163
2.1222
2.0263
2.0569
2.0919
2.1665
1.8849
1.6879
1.9206
2.034
2.2265
1.8994
1.6158
2.0849
2.2616
1.3905
1.7099
1.9706
2.157
1.8156
1.9834
1.6205
1.7115
1.9912
1.9874
1.6044
2.3128
2.0164
2.2774
2.09
2.0321
2.034
1.7912
2.3368
2.2652
1.7564
2.0072
2.1584
2.1258
2.1798
1.886
2.167
1.9996
1.9634
1.889
2.0513
2.0811
1.6448
2.2371
2.1749
1.7946
2.0273
2.1831
2.1199
2.1403
1.9839
2.0837
1.7665
2.018
1.8905
1.7738
2.3671
1.7507
2.1226
1.6364
2.3348
2.1437
1.8632
1.8413
2.3626
1.796
2.1154
1.8714
1.8896
1.8486
1.881
1.7429
1.8354
1.8723
2.55
1.5534
2.136
1.7027
1.7207
2.4559
1.7904
2.0907
1.8128
2.1633
1.9848
2.3836
1.8008
2.0024
1.7135
1.8809
2.1727
1.6455
1.8806
1.9541
2.129
2.0917
1.7459
2.0312
1.904
1.7249
2.1134
2.3445
1.8075
1.4549
2.2542
2.0319
1.8762
1.9665
1.641
2.0636
1.8865
2.1278
1.5661
2.0098
1.8922
2.1141
2.294
1.9749
1.9281
2.0824
1.9622
1.6917
2.0703
1.7659
1.8086
1.9824
1.6911
2.0955
1.8037
1.7797
1.9056
2.3013
1.4911
2.2019
2.1827
1.8987
2.2405
1.8378
1.9513
1.9801
1.9092
2.0978
2.1845
2.0464
1.8331
1.9471
2.5633
1.8174
1.8372
1.9841
2.053
1.8591
2.3476
2.2529
1.8182
2.086
1.8364
2.0057
1.8481
1.7789
1.6991
2.2896
1.9183
1.6145
2.0484
2.1391
2.0476
2.1537
1.809
2.5043
2.1856
1.9544
1.725
2.342
1.9894
1.7002
1.8131
1.9269
1.8921
2.0387
2.2743
1.6012
2.2797
1.435
2.6409
1.8666
2.0399
1.9462
2.0921
1.9601
2.2126
2.3054
1.8249
2.2072
1.9666
1.6173
2.2909
1.7669
2.311
2.0499
1.7259
1.8567
2.0199
1.797
2.0972
1.7985
1.5791
2.1344
2.5438
1.919
1.8288
1.9799
1.9944
2.0304
1.8391
2.0113
1.908
1.8999
2.0182
2.1253
2.2032
1.733
1.8905
1.9813
1.9464
2.2558
1.7005
1.9378
2.4023
1.8835
1.9551
1.6494
2.2455
1.6083
1.9123
1.994
2.1841
2.0307
2.1514
1.942
2.0236
2.5477
1.5842
1.6932
2.2474
1.7989
1.6731
1.9678
1.8939
1.7179
1.9976
1.8998
2.0596
1.7896
1.9849
1.6229
2.2443
1.791
2.0653
2.1185
1.8431
2.0807
1.987
2.0022
1.8393
1.4762
2.0267
2.329
1.9502
1.9684
1.9475
1.9982
1.9951
1.4938
2.2897
1.9712
1.9802
2.3398
1.8561
1.6879
1.5447
2.1561
1.7044
1.8219
1.7582
2.2782
2.0394
1.5684
1.8055
2.122
1.9159
2.1245
2.2171
1.6997
1.9466
1.8964
2.277
1.609
2.0518
1.9255
2.0959
2.1403
2.0804
2.1634
2.207
1.7955
2.1826
2.0119
1.9347
2.0839
1.6662
2.3972
2.2057
1.5142
2.0463
1.5941
2.188
1.9793
1.7842
1.8507
1.8394
2.096
1.8452
2.0548
1.734
1.7122
2.501
1.5403
1.7368
1.9965
1.7698
1.869
2.1009
2.0822
2.1215
2.1278
2.0642
2.0472
2.0967
2.1408
1.7508
2.1086
2.1789
1.728
1.9702
1.917
2.0035
1.9946
1.541
2.1819
1.7473
1.8078
2.075
1.7511
2.1584
1.7894
1.7158
2.4574
1.6773
1.6833
1.774
1.7422
1.9149
2.2263
1.9763
1.664
2.1477
1.7785
2.1128
1.8663
1.5546
1.6892
1.9256
2.5302
1.984
1.8084
2.208
2.0297
2.2297
1.4381
1.8289
2.1528
1.7104
2.0766
1.9829
2.1157
1.9823
1.7062
2.4661
1.6052
1.759
2.3293
1.8384
1.9777
2.1689
2.0694
1.9329
2.1558
2.0714
2.3219
1.6384
1.8922
2.2243
1.9487
2.0075
1.5187
1.8157
1.7437
1.8937
2.3986
1.7018
1.9158
2.0228
2.2203
1.8921
1.8899
2.1217
1.8863
2.1071
2.339
1.6977
2.0584
2.0425
1.9899
2.1441
2.0774
1.8117
1.7295
2.1501
2.2571
2.0615
1.8313
2.1932
2.0746
1.8228
1.4666
2.1901
1.9445
2.0111
1.9614
2.0365
1.7987
2.1332
1.5862
2.0804
2.5046
2.2007
1.985
1.7462
1.9185
1.8848
2.2927
1.8297
2.165
2.0673
2.7447
1.8926
1.9695
1.9968
2.1173
1.935
2.1801
2.2372
1.9766
1.8519
1.9762
2.0799
2.3343
2.0191
1.9114
1.5284
2.089
2.2996
1.9467
2.5992
1.7648
1.9328
1.7486
2.3633
1.7798
2.0242
1.6347
2.2849
2.0347
2.118
1.795
2.31
2.0849
1.793
2.0157
1.9203
2.1641
2.1304
2.1635
1.761
1.9308
1.9968
2.0517
2.0946
1.7236
1.9344
2.2583
1.8308
1.7901
1.7472
2.0564
1.7236
2.0965
1.8154
2.0543
1.9877
2.1798
2.1608
2.1432
1.8178
1.6914
2.1663
2.0598
1.8111
1.8043
2.1069
2.1233
1.8994
2.2799
1.8513
1.6215
2.0924
2.2729
1.5465
2.3549
1.9605
2.1181
1.9755
2.1889
1.9065
1.886
2.1589
1.871
1.9865
2.1368
1.9608
2.2511
2.2062
1.7369
2.2297
2.2669
1.9673
1.7596
2.0058
2.1443
2.0114
2.1086
1.6567
1.7218
2.0662
2.0446
2.06
2.2545
1.889
1.6365
2.0665
1.8537
1.9316
2.229
1.9284
1.7172
1.9161
1.9569
2.4264
1.7428
1.6203
1.9656
2.0468
2.2961
1.8716
1.8049
2.2155
2.3609
1.7574
1.9499
2.286
2.1266
1.8854
2.5172
2.0309
2.1167
1.8702
2.3071
1.8655
1.791
1.7791
2.0411
1.746
2.0646
1.5177
2.0886
2.0498
1.7047
1.9732
1.7974
2.1424
1.958
1.8637
1.8473
1.5633
2.0501
1.9207
2.0315
1.5389
2.1059
1.8103
1.8627
1.9891
1.7525
1.6776
2.2789
1.8603
2.0013
2.0206
1.969
1.9376
1.7292
1.6899
2.1426
2.1356
2.0554
1.884
2.1203
1.9814
2.3977
1.6738
1.7322
2.3862
1.5562
2.3128
1.7352
2.0272
1.7335
2.1278
1.8679
1.7783
1.8273
2.2681
2.1444
1.652
2.2345
1.9751
1.749
1.7894
1.8187
1.7815
1.8423
1.8369
2.2068
1.8285
2.1935
2.1777
1.6975
1.7051
2.1843
2.486
1.7512
2.1498
1.7606
1.7928
2.0073
2.229
2.0739
1.8333
2.0231
2.0253
2.0067
2.2416
1.9405
1.6266
2.0792
1.9953
1.4198
2.1161
2.2837
2.0423
1.7286
1.4415
2.4045
1.7814
2.0592
2.0678
2.0338
1.8258
1.9387
2.0565
2.0566
1.4662
2.3856
2.1347
2.2793
1.9228
1.9455
1.9738
2.1005
2.0739
2.2333
1.9044
2.1176
1.728
2.2921
2.2811
1.6999
2.102
1.862
2.1603
1.95
2.3184
1.9728
2.1133
1.9052
2.1932
2.0468
1.8793
1.7307
1.6852
2.4128
1.4241
2.389
1.8164
2.2119
2.0716
2.3532
1.8854
1.9727
2.1987
1.6593
2.2845
2.1411
2.0925
2.0554
1.6468
1.8748
1.7813
2.1374
2.1853
1.7521
2.1553
1.9079
2.0417
2.0151
1.9102
1.5352
2.176
1.9116
1.9235
1.7545
2.3888
1.8994
2.2029
1.9137
2.0371
1.5785
2.2476
1.8598
1.694
2.0889
2.183
2.044
1.8482
1.8593
1.8664
1.9221
2.4644
1.8012
1.8499
1.8216
1.9351
2.1422
1.8421
1.8806
2.1785
2.0487
1.6952
2.3998
1.7925
2.062
1.8055
1.7067
2.4027
1.7365
1.9483
2.1043
1.722
2.0006
1.9201
1.9093
1.7101
1.8772
2.1797
1.5738
1.8354
2.0114
2.165
1.8051
1.9039
2.1444
1.9798
1.7694
2.0582
2.0787
1.9238
2.3823
1.6986
1.7643
1.9248
1.7826
2.144
1.8349
2.1848
1.5724
1.9173
1.9322
2.0495
2.2187
2.0089
1.9499
1.6302
1.8129
2.0509
2.3287
1.6155
1.9984
1.4719
2.5051
1.6498
2.3909
1.9998
2.2764
2.1079
1.575
1.7629
2.1999
1.7399
2.1509
1.8383
2.2173
2.3733
1.8978
2.1233
1.9601
2.075
1.9634
1.6459
2.1042
2.1554
1.9362
1.9985
1.6928
1.868
2.228
2.3608
2.0651
1.6925
1.9937
2.1574
1.8827
2.4748
1.8124
2.0528
1.8175
1.7254
1.7705
2.1411
1.6374
2.0883
2.0731
1.9133
1.7088
1.7995
2.4259
1.7223
2.022
1.9888
1.9438
2.1172
2.1603
2.0111
1.9108
2.179
1.9427
2.0243
2.1843
1.7445
2.0424
1.8266
1.9658
2.2119
2.6219
1.7861
1.9674
1.8683
2.2445
2.4079
1.9582
1.8908
2.2097
2.0264
2.0088
2.0454
1.8593
1.9249
1.6978
2.3542
1.9799
1.6811
2.1589
2.2464
1.7872
1.6268
2.0331
1.8227
1.7797
1.8569
2.2067
2.0603
2.1786
1.8645
2.2149
1.6352
2.3655
2.2954
2.3267
1.8115
2.0684
1.8175
1.7239
2.4322
2.2072
1.8507
1.9861
2.0688
1.7015
2.7278
1.8524
1.9257
1.995
2.1483
1.9952
1.6879
2.2272
2.0852
1.5293
2.0739
2.4921
1.8758
1.7986
1.9512
1.9382
2.1814
1.8152
2.4945
2.1608
1.7632
1.8566
2.147
2.1919
2.0792
1.632
2.0709
1.9578
1.9524
2.0724
1.8508
1.8649
1.8927
1.9455
1.9777
2.3777
1.8081
1.9903
1.9304
2.0181
2.0738
1.5865
2.2142
1.816
2.1184
2.1579
2.2358
2.0017
2.0073
2.0166
2.0567
2.0065
1.8988
1.5738
2.1132
1.8141
1.8812
1.9778
2.2869
1.723
1.5988
2.4571
2.0899
1.6712
1.8843
1.8207
1.8257
1.8107
1.911
2.255
1.8416
2.6417
2.0573
1.4468
2.4803
1.895
2.1495
1.7879
1.8135
2.158
2.2558
1.9903
2.2278
1.5565
2.0935
1.8769
2.1712
2.4604
1.4187
2.2556
1.8234
2.0018
1.6426
2.3977
1.95
2.1318
1.8382
2.2882
1.8219
1.7636
1.9633
2.1459
2.1188
1.975
1.8222
2.1124
1.9534
1.6572
2.1362
1.9814
1.827
1.8972
2.0941
2.471
1.6695
2.1258
1.9177
2.0912
2.0027
2.119
1.7521
1.9382
2.2616
1.9839
1.8933
2.0469
1.6326
1.988
2.0449
2.0916
2.2045
1.8506
1.974
2.118
2.0401
1.712
2.0215
1.8715
2.1773
2.2663
2.0207
1.9549
2.2824
1.9014
1.9349
1.5563
2.0236
1.7931
1.7943
2.5428
1.9239
1.7542
1.7973
2.1922
2.1653
1.9129
1.8352
2.0619
2.2469
2.395
1.5962
1.861
1.9166
2.0007
2.1923
1.5862
2.2228
2.0573
2.1826
1.6979
1.7894
1.7792
1.823
1.9394
2.047
2.3243
2.0779
1.623
2.157
1.4486
1.9906
1.6461
2.2401
1.8032
2.5125
1.8239
1.8267
1.8482
2.2996
1.9449
1.6547
2.3213
2.3125
2.0286
1.7645
2.0414
1.9535
2.0483
1.7306
1.8113
2.4107
2.0169
1.9985
2.6299
1.6724
2.2504
2.2837
2.2176
1.9689
2.0504
2.162
1.8221
2.0561
2.0077
2.185
2.116
2.3906
1.5187
2.1381
1.7203
2.8006
1.8404
1.9633
1.9809
2.309
1.9811
1.8348
2.1241
1.729
2.1517
2.1002
1.7283
1.9578
2.195
2.4109
1.5726
1.9072
2.1764
1.7877
1.8118
2.1513
1.6924
1.4369
2.5851
2.1014
1.8127
1.9272
1.7639
1.8871
1.9811
1.7578
1.9569
1.8288
2.1433
1.8564
2.4663
2.4351
1.9332
1.7009
2.4114
2.0209
1.6972
2.2756
2.1544
1.496
1.984
1.9306
1.9367
2.3101
2.1162
1.7878
1.7385
2.0276
1.9658
2.0429
1.8702
1.6371
1.4989
2.4107
1.8781
1.9251
1.984
1.7632
2.4117
1.7621
1.9491
2.0943
1.9643
2.0766
1.8469
1.9261
1.957
2.0797
2.0168
2.1972
1.9145
2.1855
1.4605
2.0765
2.2627
1.9789
2.254
1.8813
2.1021
1.7842
1.689
2.1414
1.546
2.2449
1.7092
1.736
2.1032
1.9589
1.8257
1.9794
1.5249
2.3469
1.7312
1.889
2.4773
2.1524
1.5227
2.317
1.8198
2.013
2.1745
1.88
2.2228
1.7837
2.4459
1.6623
1.9238
1.9168
2.1889
1.852
1.5496
2.1927
1.8567
2.1547
1.9098
2.0592
1.898
2.0404
1.8058
1.7466
1.9777
2.1677
2.3604
2.1452
1.6635
1.8701
1.7928
2.061
1.9302
1.7558
2.5548
1.736
1.5032
2.2426
1.7695
2.5051
2.2582
1.8277
1.6312
1.919
2.1096
1.9538
2.2172
1.7419
1.9161
2.0222
1.6894
1.9869
2.3676
1.8968
2.2269
2.0144
1.9233
1.9261
2.1549
2.0369
1.956
1.7286
2.2423
1.8334
1.6915
1.7238
2.1246
1.984
2.2784
2.1059
1.8352
1.9599
2.0662
2.1332
1.7953
2.0313
1.9349
1.9195
1.8881
2.2503
2.5154
1.5904
1.8911
2.2856
2.0414
1.835
2.1066
1.6034
2.1107
1.8512
1.813
2.2689
1.9559
2.0561
2.1462
1.7897
2.1952
2.089
1.7826
1.868
2.4411
1.657
2.3324
1.9679
2.2371
1.9101
2.1385
1.8719
2.3214
1.8243
2.2853
1.6936
2.1895
2.0996
1.9262
1.9274
1.8732
1.5207
1.9558
2.0698
1.8636
1.9138
1.6904
1.8132
2.1797
2.2042
2.1476
1.7759
2.2601
1.9824
1.8925
2.0828
1.8874
1.7462
2.0419
1.9765
2.305
1.916
1.7752
1.8838
2.3787
1.8697
2.0643
2.0754
1.9434
1.5685
2.0815
2.0076
1.3786
2.1235
1.9737
1.7061
1.9919
2.1878
2.0752
2.0454
1.9586
1.8019
2.0983
1.7519
1.7937
2.4207
2.3157
1.803
2.1117
1.9921
2.066
1.9892
1.9089
2.1826
1.8897
1.7087
2.0785
1.8291
2.1351
2.2588
1.5191
2.1147
2.0682
1.7331
1.9676
1.9628
2.5782
1.523
2.3274
1.77
2.5663
1.7827
1.9458
1.9497
1.7692
1.9449
2.1719
2.0918
1.9101
1.9003
2.1377
2.0337
1.8674
1.706
1.9575
2.0718
2.0757
2.208
1.9706
2.2328
2.1781
1.688
2.1832
2.1014
1.9137
2.3905
1.7719
1.9832
1.8717
1.8856
1.929
1.8131
1.9423
1.9103
2.0789
1.9706
2.0415
2.2516
1.6389
1.9307
1.8579
1.9604
1.8353
1.7869
2.4769
2.0164
1.8582
1.7684
1.8539
2.3125
1.6515
2.1227
1.5884
1.9907
2.1784
2.1314
1.9924
1.9891
1.912
1.7317
1.9032
2.2728
2.1744
1.9524
1.6132
1.6863
1.9299
2.2864
2.0856
1.4974
1.6461
2.4787
1.7105
1.8848
2.0173
1.956
2.2085
1.8632
1.7352
1.8337
1.8693
1.924
1.7531
2.166
2.29
1.8714
1.8571
2.2302
1.9041
2.1043
2.0075
1.7462
2.3858
1.7652
1.8976
2.094
1.7269
1.9014
2.2075
2.287
2.0083
1.9996
2.0335
2.0739
2.0523
2.0542
2.2447
1.7425
1.6688
2.3309
1.5387
2.0683
1.8791
1.8293
2.0827
1.6185
1.9072
1.9771
2.1636
2.5783
1.6007
2.3338
1.5941
2.2677
1.6604
1.8441
2.0553
2.1071
1.7338
2.6557
1.6737
1.8911
1.7923
2.315
2.0839
2.1675
1.8399
2.3012
1.7327
1.9803
1.9109
2.1963
1.8138
2.0439
2.0887
1.5404
1.7531
1.9535
2.1056
1.9808
2.2608
1.9862
2.1939
1.9298
1.7336
2.2229
1.8588
2.1394
2.1942
1.9066
2.2819
1.8246
1.8544
2.2724
1.9034
1.8037
2.1162
1.8341
2.248
1.8039
1.9684
2.0384
1.915
1.9578
2.2352
1.8723
1.7565
2.2082
1.7445
2.1083
1.9921
2.1987
2.3067
2.1407
1.7387
1.993
1.998
1.325
1.8133
2.0406
1.9279
2.1349
2.2377
1.7823
2.2089
1.9615
2.1165
1.9046
2.1483
1.6064
1.8397
2.0194
1.9228
1.7731
1.7079
2.3558
1.7982
2.4584
1.77
1.8599
1.8836
2.1027
2.3561
1.5341
1.85
2.2101
1.9288
2.133
1.6053
2.7771
1.8601
2.3217
2.0166
1.8639
1.976
1.8204
1.8574
2.1021
1.8515
1.9106
2.1473
1.7721
1.9599
2.0119
1.6262
2.0588
2.3004
1.5666
2.085
2.0719
2.2167
2.2053
1.7304
2.2244
1.6805
1.8537
2.4886
2.0405
1.9351
2.0131
2.1602
1.5182
1.7945
2.0735
1.8429
2.0186
1.9244
1.799
2.5292
2.0504
2.2489
1.9809
1.9724
1.8968
2.4761
1.594
2.0049
2.4836
2.2989
1.5531
1.8879
1.8089
2.1209
2.2866
1.6775
2.2622
1.4567
2.0944
1.8322
2.1101
2.2687
1.9329
2.0997
1.9202
1.7714
2.098
2.1843
1.6355
2.0118
1.837
1.7392
2.1792
1.9484
1.9521
2.0465
2.0272
1.7725
1.7747
2.0344
1.8529
1.7439
2.0217
2.1685
2.1558
1.7628
2.0243
2.1245
2.3417
1.8565
1.9242
2.3086
1.8084
1.6538
2.1621
1.8143
2.214
2.5774
1.5266
2.1035
1.7558
2.2235
2.1909
1.9105
2.1506
2.1905
1.8093
1.8298
1.4895
2.0377
1.9681
2.058
2.1004
1.9258
1.9431
2.333
2.0657
2.0183
2.0449
2.2077
1.7096
2.1567
1.753
1.7714
2.1356
1.7999
1.9714
2.0399
2.0567
1.8461
2.2459
2.2894
1.653
1.8973
2.2378
2.1206
2.0768
1.7314
1.8093
2.0895
1.8767
2.0759
1.7743
2.2855
2.0126
2.1478
1.8395
1.6064
2.4508
1.9181
2.1199
1.9944
2.3064
1.9398
2.0665
1.6906
2.4131
1.9339
2.0106
2.0015
1.8334
2.1874
2.0976
2.2429
1.9353
1.9281
2.076
1.9087
2.2438
2.0312
1.8578
2.2322
1.7671
1.9019
1.8711
2.087
1.8698
2.3615
1.7749
2.044
2.0352
1.8133
2.3011
2.1065
2.1259
1.7824
2.0332
1.7255
2.2437
1.846
1.599
1.9061
2.0096
2.4899
1.8406
1.7202
1.8731
2.0432
1.9208
2.5603
1.8094
1.7532
1.7417
1.8937
2.1063
2.0294
2.0243
2.0351
1.808
1.6294
2.1513
1.9962
1.793
2.129
1.9679
2.3161
2.0084
1.7198
2.2659
1.7693
1.8298
2.0845
1.8887
2.1435
2.045
2.1867
1.5184
2.0736
2.186
1.8173
2.1963
2.4063
2.1259
1.9058
1.7828
2.1721
1.839
2.3388
2.2403
2.207
1.9229
1.7549
1.9412
1.8125
2.4718
1.9096
1.856
2.3252
1.8616
1.7893
2.0662
1.8362
2.1727
2.1985
1.7431
2.2323
1.9619
1.6524
2.0033
2.2426
1.796
1.8972
1.9226
2.1998
2.0812
2.019
2.0445
2.2716
2.0095
1.4506
1.9366
2.0019
1.8507
2.0855
2.0414
2.1015
1.9886
1.7591
2.2613
1.846
1.9699
2.178
2.1596
2.3865
1.9613
1.6774
2.4156
2.0719
1.7291
1.9504
2.0955
2.0454
1.5924
2.1831
2.3364
1.7835
1.6789
1.6618
1.9797
1.9797
1.8636
2.2621
1.6547
2.1227
1.9881
2.0246
1.8092
2.0545
1.7905
2.0769
1.918
1.6779
1.8049
2.0457
1.7672
2.19
1.9863
1.947
1.5319
2.1002
2.1125
1.9889
1.8876
1.9697
2.5877
1.6666
1.9079
2.0434
1.7703
2.1059
1.8852
1.9547
1.8554
2.3351
1.5675
1.9279
1.9224
1.6957
2.3898
2.0081
2.0556
2.229
1.9299
2.4332
1.8308
1.6982
1.7823
1.833
2.4567
1.6922
1.8914
2.0192
1.8618
1.6784
1.9114
2.2405
1.7977
2.2399
1.8001
1.9445
1.9272
1.9417
2.0662
1.8982
2.2195
1.9067
2.4396
1.6559
1.7589
2.3668
1.9092
1.6831
2.36
2.1271
1.8398
1.953
1.9765
1.9494
2.0761
1.9777
2.1022
2.2248
1.653
2.0938
1.735
1.7779
2.1198
2.1028
1.9179
1.8898
1.8678
1.8894
2.1426
1.8
1.9659
2.006
1.92
1.8936
2.1437
2.0819
2.2244
1.9566
2.1549
1.6958
1.7126
2.0014
2.3192
2.1156
2.1932
1.7568
1.8835
1.9869
1.9155
1.962
1.9133
1.9263
2.1044
2.266
2.1431
1.6397
2.0033
2.0043
2.2308
2.039
1.9801
2.4666
2.113
2.185
1.5606
2.1335
1.9822
1.8327
2.2284
1.9942
1.8989
2.3491
1.658
2.2652
1.6869
2.0471
2.122
1.8136
1.9197
1.7406
2.0752
2.4135
2.1889
1.5889
2.4643
1.6527
2.1974
1.4906
1.8757
1.9439
2.2963
1.6324
1.9855
1.9716
2.1623
2.268
1.9194
2.0287
2.2289
1.5814
1.7609
2.0195
2.2414
1.8975
2.2128
2.2062
2.0299
1.83
2.1529
2.0593
1.8963
1.7283
2.1202
2.0611
1.6688
1.8354
2.3609
2.353
1.9689
1.903
1.6507
2.3312
2.0772
2.0323
1.85
1.9777
2.1854
2.3711
1.8809
1.6072
2.0133
2.273
2.1013
1.9904
1.9732
1.9764
2.2241
1.5134
1.6444
2.0026
2.0545
2.1593
2.1653
2.1911
1.5679
2.1619
1.9524
2.0415
1.9328
1.7094
2.1324
