2.0863
2.1942
1.8654
2.1466
2.1922
1.8001
2.4437
1.7345
2.0354
1.7004
2.4759
1.5078
2.6143
1.8279
1.9667
1.7437
1.9029
1.7968
2.0739
1.9052
2.007
1.9042
1.8234
1.8319
1.9562
1.7451
1.9909
1.6241
2.1983
2.2333
1.8713
2.0509
2.0784
1.9019
2.1355
2.0338
1.996
2.207
1.7285
1.9579
2.0655
1.814
1.9267
1.9579
1.7827
2.0478
2.4104
2.2905
1.9168
2.1722
2.1881
1.6501
2.4175
2.1524
1.8027
1.9517
1.9004
2.1748
2.1716
1.7623
2.0586
2.5956
1.6578
1.9699
2.2017
1.9209
2.1237
1.7481
2.3533
1.933
1.9828
1.7582
2.1401
1.7724
2.1587
1.8108
2.0822
1.7848
1.8807
2.0645
1.5299
2.2155
2.2333
1.6476
2.1258
1.9802
1.8238
1.9097
2.2198
2.0994
1.8693
1.8062
2.0842
2.2912
2.3729
1.6924
2.0134
1.8586
1.8032
1.9673
2.0658
1.9404
2.1182
2.1093
2.2371
2.0084
1.9478
1.7543
2.1733
2.3575
1.6631
2.1799
1.7193
1.9916
2.1757
1.9735
1.6958
1.8179
2.2581
2.2412
1.8907
2.0635
2.2328
1.866
1.9314
1.9967
1.973
2.3787
1.7812
1.5004
2.2674
1.8206
1.9976
2.0653
1.9763
1.949
1.7587
2.3665
1.9541
2.0653
1.6357
1.7509
1.9729
1.9757
2.0575
1.5673
2.1633
1.7025
1.7871
2.3349
1.8365
1.778
1.9627
1.7385
1.9983
2.1452
2.0385
2.0495
1.7184
2.0758
2.1146
1.7053
2.3284
2.3552
1.8421
2.1706
1.8165
2.0044
1.8849
2.1741
1.95
1.9546
2.3396
2.0925
2.113
2.2015
1.5617
1.9004
2.1266
2.2208
2.0742
1.692
1.7062
2.2344
1.9141
2.1144
2.1837
1.9339
1.901
1.9427
1.7739
1.9676
1.9352
1.707
1.8047
1.9203
1.9489
1.576
2.3711
2.107
1.839
2.0151
2.0744
1.8829
1.6969
2.0062
1.5326
2.401
2.0995
1.7708
2.1894
1.9142
2.1865
1.9379
1.7456
1.6965
2.0269
1.9617
2.2901
1.9345
1.5969
2.0828
1.8866
1.8264
2.0435
2.2515
1.8785
1.6647
2.2203
1.912
1.9045
1.855
1.767
1.8403
2.1757
2.3107
1.8807
1.9558
1.88
2.0487
1.7993
2.0087
2.0315
2.0939
1.8129
2.0941
2.1679
2.2699
1.6872
1.8161
2.0655
1.4559
2.0808
2.3375
1.7921
1.7269
2.3526
1.9483
1.7832
1.9751
2.2046
1.9187
2.0264
1.9429
2.055
1.8399
1.7574
1.8474
2.2589
1.9566
2.3067
1.8953
2.0457
1.7656
1.9224
1.8371
2.0566
1.7317
2.2724
1.8999
1.9932
1.7818
1.7186
2.2448
2.2265
1.8268
1.8138
1.7659
2.1157
1.8809
2.082
1.7797
2.2204
2.0926
1.7471
2.1801
2.1022
2.2076
1.8993
2.1941
2.094
1.8828
1.7783
1.7751
2.8036
1.7056
1.9869
1.7039
2.2187
1.9717
1.8322
1.7496
2.2548
1.9764
2.3003
1.9181
2.3831
1.6744
2.0414
2.1603
1.77
1.9447
2.287
2.0985
1.6826
2.289
1.3162
2.5213
1.7306
1.7952
2.3728
1.9369
1.9972
1.6446
2.395
1.7113
2.0691
1.6868
1.8763
1.5944
1.9
2.0261
1.9226
1.9734
1.8627
1.8656
2.0448
2.0472
2.0034
1.9287
1.6945
2.1486
2.0917
2.5896
1.7483
1.914
1.916
2.2325
1.5315
2.0285
2.1392
1.6696
2.2251
2.0132
2.2376
1.7354
2.4052
1.6849
2.2844
2.381
1.8357
1.914
1.9359
1.6188
2.3988
2.0679
1.7399
2.1765
1.6113
1.5761
2.0392
1.6214
2.1379
2.222
2.3367
1.951
2.4667
1.4297
2.0999
1.6286
2.5151
1.9229
1.7045
2.0954
1.962
1.9108
2.5997
1.4479
2.1685
2.2853
1.8459
1.7914
2.1414
2.0534
1.8411
2.0224
2.0176
2.029
2.1859
1.6906
1.7462
1.956
2.1239
1.6263
2.3976
2.0658
1.9432
2.0342
2.1069
2.02
1.6299
2.2144
2.0228
1.8356
2.0504
1.6789
2.0993
2.1145
1.901
2.3948
1.9481
1.6889
2.0576
1.7591
1.8705
1.7305
2.1279
2.3769
1.4884
1.6852
1.7717
1.7566
2.3694
1.909
2.0605
1.8481
1.6395
2.2069
1.6717
1.6455
2.2092
2.0055
1.7909
1.8938
2.3379
2.343
2.0971
2.0721
1.6312
2.215
2.1358
2.096
1.9222
2.1921
1.7874
2.3811
2.0265
2.0235
1.8839
2.0394
2.0364
1.9981
2.0212
2.0583
1.6976
2.1469
1.8708
2.3657
2.1905
1.687
2.2107
1.923
1.7053
2.0932
2.5747
1.7945
1.7699
2.0195
1.954
1.8334
2.2751
1.6446
2.0153
2.2075
2.2414
2.2098
1.6385
1.8253
2.1374
1.7923
1.9366
2.4273
1.9206
1.379
2.2682
2.2691
1.5735
2.3472
2.0629
2.3284
1.9143
2.124
2.0289
1.8008
2.171
1.6477
2.1337
1.7987
1.9386
1.8708
2.0459
2.2768
1.829
1.9646
2.3359
2.0623
1.9092
2.0091
2.3479
1.7225
1.962
1.7884
1.6554
2.2548
1.7956
2.1184
2.1211
2.0251
1.9547
1.827
2.0151
2.0114
2.179
2.1702
2.0735
1.9348
2.134
1.9948
2.1039
1.8782
2.0159
1.6885
1.9835
2.08
1.9687
1.9229
1.9028
1.9944
1.8623
1.9897
2.0845
1.6611
1.8021
2.3472
1.8682
2.3251
1.8773
1.8079
2.0896
2.2617
1.6992
1.956
1.9596
1.97
2.2365
1.7914
2.1134
1.9181
2.1985
1.774
1.8002
1.7511
1.9097
2.0974
1.7018
1.8687
1.7564
2.2563
1.7445
1.7079
2.2311
1.7658
1.9089
2.0685
1.8441
2.0985
1.6369
2.2741
1.9807
1.6251
1.5905
2.4482
1.9189
1.8165
2.1809
2.2374
2.1323
2.0599
1.7804
2.4663
2.1893
2.1475
1.8434
1.9346
1.9592
1.9401
1.785
2.3944
1.6433
2.0984
1.8471
2.0059
1.8901
2.2021
1.8873
2.2044
1.7914
1.9001
1.7545
2.1779
1.8253
1.7243
1.9418
2.1998
1.8611
2.0739
2.0264
1.5671
2.0687
2.0982
1.714
1.8147
1.9675
1.7809
1.7505
2.0926
1.5391
1.9612
2.217
1.7108
1.9147
1.878
2.2449
1.5901
2.1013
2.0666
2.0227
1.9723
2.1679
1.8787
1.6469
2.2621
1.7932
1.9133
2.1991
1.801
2.3285
1.7888
2.1718
1.7213
2.1347
2.2006
1.8638
2.0817
1.9069
1.9084
2.0769
1.8424
1.7068
2.2687
1.8969
2.1244
1.5712
2.0711
2.2422
2.0342
2.0206
2.0263
1.6798
2.2877
2.0765
1.6687
2.1867
2.1504
2.1181
2.093
1.932
2.3364
1.8385
1.626
2.4417
1.9753
2.0963
1.8983
2.2057
1.6089
1.915
2.0078
2.6915
2.005
1.6122
1.8926
2.1587
2.0602
1.837
2.2016
1.6427
1.9961
1.8158
2.0522
1.8362
2.0363
2.1538
2.0845
1.9705
2.2212
1.6818
2.0698
2.2458
1.8016
1.9165
1.8548
1.81
2.2343
2.0656
1.5713
2.0248
2.6615
1.9859
1.9366
1.9835
1.9913
2.0083
2.1138
2.0742
2.056
1.8406
2.2565
1.9245
2.5678
1.5688
1.9921
1.9829
1.4157
2.4036
2.1694
1.9262
1.7697
2.1993
1.6609
1.779
2.0101
1.8425
1.8729
2.0872
2.0842
1.9131
1.9501
1.8213
2.1725
1.8329
2.0451
1.9743
1.5891
2.0457
1.9131
2.131
2.008
1.7135
2.4772
1.7826
1.885
1.9236
1.819
2.1735
2.082
2.5474
1.7552
2.0973
2.1354
2.1059
2.0201
2.0717
2.0091
2.2254
1.7522
2.2729
2.0277
2.1535
1.7255
2.3789
1.5791
1.9073
1.5869
1.728
1.8845
1.8654
2.5331
1.5711
1.7351
1.6344
2.3517
1.9617
1.9971
1.8799
2.2332
1.8812
1.8667
2.2263
1.8782
1.8522
2.0156
2.328
2.0607
1.6717
1.6984
2.0793
1.6542
1.7073
2.1949
1.7033
2.1386
1.9257
2.0655
2.0236
1.8694
1.8602
2.1629
2.2169
1.7424
1.9276
2.6487
1.8481
2.0883
1.7985
1.811
1.8741
1.9093
1.7955
1.7985
1.9016
1.6399
2.2835
2.2633
1.7501
2.2233
1.8251
2.0038
2.2646
1.7488
1.9756
2.2002
1.8028
2.279
2.1901
1.4564
2.0002
2.1313
1.857
1.9645
1.7223
2.1166
2.4215
1.4665
2.4338
2.2806
2.3419
2.2179
1.6375
1.9635
2.1096
1.6899
2.2984
1.8187
2.0934
2.202
1.9307
1.7447
2.2493
1.6132
1.8556
2.6022
1.6256
1.881
2.0133
1.5313
2.4244
2.26
2.0998
2.0916
1.6044
1.8924
2.1489
2.0288
1.9499
1.8654
1.9425
1.7666
2.2325
1.9782
1.7199
2.1103
2.1158
1.9284
2.273
2.3788
1.8583
1.9313
1.8111
1.7876
1.707
2.3879
1.6294
1.7668
2.2261
1.9049
1.985
2.2193
1.9141
1.9332
1.5578
2.3949
2.1076
2.325
1.6277
1.9334
2.3286
2.0896
1.7386
2.083
2.074
1.5257
1.5688
2.4276
1.8745
1.701
2.2906
1.6724
2.0864
1.7781
2.3007
1.615
2.5072
1.9293
1.7768
2.1605
1.8581
1.7898
2.6337
2.1159
2.0534
2.0028
1.6295
1.9419
1.8528
1.6848
2.1199
1.9715
1.6985
2.2574
1.6666
2.0385
2.059
2.2122
1.5886
2.1931
1.8847
2.0178
1.9873
2.023
1.9964
2.0302
2.0314
2.1319
1.9367
2.1676
1.7677
2.1671
1.8191
2.109
1.8974
1.9869
2.1099
1.6543
2.1168
1.9834
2.0742
1.6768
2.2095
2.1489
2.0915
2.1084
2.227
2.1295
1.9725
1.7478
1.6524
2.1595
2.0309
2.1488
1.8571
1.6424
1.9145
2.0407
1.9875
1.9817
2.033
1.8381
2.0897
1.907
1.8239
2.1353
1.7079
1.8154
2.0769
2.1415
1.9456
1.9554
2.0598
1.9851
2.2161
1.5732
2.1314
1.8404
2.1629
1.825
1.9856
1.7362
2.4691
1.8125
2.1568
1.8471
2.3908
1.6792
2.1213
1.7227
2.0323
2.1432
2.1573
2.3995
1.7325
2.222
1.9087
2.0471
2.2051
1.7422
1.9471
2.2848
1.8021
2.1828
1.7001
2.1148
1.8388
1.8741
1.5334
1.9498
2.1827
1.8108
2.1779
1.8114
2.4618
1.8206
2.1543
2.2661
1.807
2.1817
1.9784
1.7582
1.7047
2.3602
1.709
2.1867
2.0686
2.2522
2.0027
1.6775
2.1311
1.9043
1.935
1.7888
2.1235
2.3099
1.7014
1.7419
2.1133
1.6443
1.9786
1.9379
1.964
1.9088
2.3183
2.1106
1.762
2.1275
2.3909
1.669
1.9778
1.8454
2.2629
1.8235
2.0201
1.7518
2.0037
1.8055
1.6379
2.1234
2.1263
1.8733
2.0617
1.8525
1.992
2.0907
1.6702
2.0724
2.0934
1.4999
1.9214
2.0798
1.9732
1.9062
1.8433
2.0023
2.32
1.4728
2.004
1.9876
2.2535
1.517
2.0539
1.8115
2.2195
2.3265
1.831
2.2663
1.7787
2.1644
2.1144
1.758
2.1832
1.931
2.0019
2.1005
2.2223
1.67
1.5541
2.2915
1.6691
1.8584
2.3694
1.516
2.2901
2.0976
2.0308
2.0599
2.5711
1.7041
1.9606
1.7316
2.0023
2.1232
2.5991
1.7952
2.1493
2.1562
2.0687
1.4428
1.6696
2.1288
1.7473
2.16
1.7074
2.1065
2.376
1.5764
2.1964
1.6556
2.2162
2.0557
1.9196
1.6282
2.0008
2.1584
1.9917
2.0033
2.1567
1.5498
2.1297
2.0957
1.9676
1.7232
1.9535
2.108
1.7536
2.3056
1.9758
1.8995
2.053
1.5247
1.8098
2.4222
1.7863
2.1635
1.967
2.287
1.7504
2.1476
1.8006
1.9954
2.4921
1.7247
2.0747
1.8144
2.0776
2.303
1.6806
2.1875
1.8868
1.5349
2.4181
1.8476
2.3028
2.1378
1.894
1.7037
2.2221
1.8404
1.7341
1.9339
1.9645
1.9874
2.3427
1.6644
2.1728
2.146
1.5042
1.7449
1.9925
2.3945
1.8956
2.061
1.6246
1.6346
2.0746
1.9382
1.4884
2.3896
2.087
1.8622
1.8943
1.9673
2.0477
1.8378
2.2477
1.7663
1.7862
1.9648
2.0994
1.9125
1.9492
2.4537
1.5262
1.8736
2.3782
1.8628
2.3579
1.854
2.3237
1.9885
1.8989
2.1117
1.5371
2.2866
1.654
1.7613
2.4059
1.7277
1.9483
2.0635
1.6378
2.4745
1.8886
1.8391
2.0419
1.814
2.4121
1.6556
1.953
1.8391
1.9326
2.1844
2.2883
2.0281
2.3792
2.0642
1.8566
1.7344
2.2649
1.8826
2.1275
1.5914
2.3703
1.9946
1.5709
2.4182
2.5934
1.5738
2.1176
2.0719
1.5843
1.9779
1.8814
1.8269
2.0483
1.85
2.1789
1.8556
1.8507
1.7692
2.3239
1.8838
2.0831
2.1267
1.5384
2.2967
1.7713
1.792
1.9452
2.3018
1.8806
1.7432
1.889
1.8072
2.0863
2.3054
1.9382
2.1003
2.0231
1.9004
2.0294
1.9415
1.7173
1.7193
2.003
1.8738
2.1089
1.678
1.8695
2.085
2.0145
2.0623
1.7865
2.0733
1.9514
1.9874
1.6223
2.0407
1.6033
1.8972
1.9117
1.9628
1.5857
1.9007
1.9396
2.2169
1.889
1.7205
2.2808
2.0614
1.7553
1.6393
2.2112
2.0487
2.2426
1.7497
2.0097
2.1958
2.2395
1.7349
1.9684
1.9346
1.7317
2.1441
2.2567
2.2705
1.9035
2.1314
2.1951
2.2729
2.0278
1.9861
2.3023
1.6718
1.731
2.3894
1.9594
1.9941
1.7179
1.761
2.0874
2.1605
1.6852
2.3875
1.8332
2.3855
2.1344
2.6647
1.8602
1.9039
1.9192
2.0859
1.7844
1.7083
2.1069
1.9376
1.9463
2.039
2.1904
2.226
1.5026
2.2541
1.92
1.9283
2.4801
2.1321
1.7742
2.0616
2.0781
2.0463
1.9774
2.2547
1.6527
1.7757
2.1371
2.1234
2.3911
1.9083
1.9864
1.8842
1.5029
1.9721
1.7752
1.9182
1.9684
2.3045
1.6976
2.1364
2.0703
1.7205
1.814
2.1801
1.9884
2.2811
1.8271
2.1053
1.7077
2.0617
2.2084
1.6798
2.262
1.9089
2.0827
2.2748
1.968
1.9229
1.8467
1.9914
2.0574
1.8008
2.2064
1.6357
1.9723
1.7383
2.2564
1.9554
1.8699
2.3495
1.4503
2.085
2.0767
1.8167
2.2694
2.3644
2.0846
1.8376
1.5391
2.1969
2.19
2.2426
2.3935
2.2812
1.9146
1.6389
2.1772
2.036
1.4454
2.3884
2.1444
1.7321
2.3409
2.3086
1.946
1.5611
1.9648
2.1207
1.7645
1.7034
2.2289
1.9316
2.3675
1.7807
2.2062
2.0915
1.8577
1.918
1.883
1.7215
1.7692
1.94
1.512
2.1448
2.4308
2.3139
1.72
2.3722
1.8897
1.8559
2.3803
1.8803
2.0238
1.9918
2.681
1.7037
2.2814
2.3962
1.7156
1.8932
1.895
1.9297
2.0416
1.8581
2.0853
2.0882
1.6564
2.1889
2.079
2.1939
2.3485
1.7543
2.0806
1.7118
2.1464
1.8858
2.1723
1.6066
1.8803
2.0662
1.687
2.2528
1.9633
1.4866
1.977
2.0679
1.8294
1.7393
2.2039
2.3496
2.0481
2.2395
1.8759
2.0906
2.0882
1.9089
1.8664
1.9631
2.0582
1.9277
1.9668
1.8427
1.6606
2.1621
2.2455
1.9039
2.4498
1.9204
2.5695
1.5743
2.1137
2.0117
2.0944
2.1431
2.1249
1.5637
2.3392
1.5711
1.9882
2.1259
2.1429
1.9939
2.2113
1.7416
1.7685
2.0356
1.7243
1.8924
2.2944
1.5954
2.1355
1.7236
1.5796
2.2317
1.9966
2.2503
1.8405
2.0047
1.862
1.6842
2.169
2.0736
2.2289
2.01
2.0768
2.0141
2.0163
2.0877
1.8492
1.9507
1.7383
2.0731
2.2478
1.8588
1.7046
2.39
1.8459
1.7694
2.0136
2.4063
1.904
2.3022
2.1436
1.9361
2.2437
2.1304
2.3226
1.8173
1.9284
2.0602
1.8293
1.9803
2.0017
1.9355
2.1569
1.934
1.9824
1.7189
1.9167
2.1167
1.755
2.3993
1.7378
1.8527
2.4001
1.665
2.3709
1.6661
1.8281
1.9389
2.1929
2.0625
2.3142
2.1427
2.0559
1.7384
1.9218
2.3254
2.1141
1.8888
1.9531
2.115
1.7601
2.2282
1.7547
2.3015
1.7127
2.1175
1.9822
1.6125
2.1647
1.904
1.9009
2.2946
1.5762
1.7468
1.9705
1.8066
2.3768
2.1184
1.711
2.1956
2.0773
1.7382
1.8543
1.9341
2.4612
1.8518
2.096
2.0767
1.9386
1.9328
1.6574
2.3112
1.9057
2.072
2.3619
1.9802
1.829
2.2083
2.1827
2.1366
2.2967
1.9711
2.0656
1.918
2.1652
1.8292
2.0561
1.9081
2.3221
1.9482
1.912
2.0792
1.8019
1.7438
2.2267
1.8147
2.0844
2.2101
1.6367
2.1988
2.4622
2.3871
1.5895
2.1239
1.3791
2.397
1.9384
2.0709
1.7946
2.1202
2.1232
2.013
2.1097
1.8308
2.1661
2.0213
1.6266
2.082
1.9971
1.6139
1.7895
2.3193
2.3791
2.5276
1.8117
1.6907
2.1829
1.951
2.1796
1.9137
2.1751
2.4271
2.1673
1.879
1.3228
2.2634
1.8959
1.6818
1.9195
2.6673
1.5408
2.0098
1.8935
2.094
1.5291
1.8514
1.8961
1.7474
2.0149
1.9732
2.0131
2.0977
2.1436
1.7786
2.31
1.6608
2.4629
1.8603
2.6032
1.5409
1.9924
2.3731
1.5313
1.8761
2.0495
1.6533
1.8038
2.279
1.9399
1.4707
2.3213
1.6375
1.9215
2.0366
1.8807
1.885
1.6108
1.9859
2.2334
1.8587
1.9438
2.257
1.7215
2.0488
1.6981
2.0442
1.7854
2.2201
2.0959
1.9293
1.9467
1.6752
2.4274
2.0925
2.1694
1.9006
1.8436
2.3592
1.8827
1.9507
2.2739
2.0814
2.0832
1.5308
2.1438
2.0232
2.063
1.8452
2.1834
1.6965
2.3053
1.8352
1.9991
1.8639
1.9972
1.7631
2.2332
1.752
2.0558
1.6869
2.1508
2.0592
1.9555
2.0586
1.8873
2.4814
1.5928
1.9228
1.6581
2.0408
2.1697
1.9312
2.0491
2.054
1.7823
2.0201
1.6422
2.3916
2.0012
1.6937
2.1723
1.6615
2.1472
1.9771
1.8
2.1152
1.9386
2.1787
2.1901
2.2993
2.0572
1.8896
1.9899
1.7394
1.9568
2.0114
1.5211
1.91
2.2582
2.0263
1.6526
2.2776
1.9381
1.9865
2.1133
1.9156
2.064
2.1018
1.9236
1.882
1.7637
2.4275
1.8396
2.4043
1.6683
2.391
1.6414
1.8329
2.2794
1.8493
1.7184
2.0817
2.0218
1.6636
1.6783
1.8972
2.3599
2.0916
2.1693
1.8964
2.0201
1.852
2.2194
1.8525
1.8453
1.9612
2.1237
1.5485
2.3447
1.5375
2.356
1.7313
2.0168
2.0184
1.9629
2.0176
1.812
1.7333
2.4612
2.0343
1.5578
1.959
2.2235
1.7841
1.8813
2.1214
2.1622
2.0318
1.895
1.7202
2.6215
1.6505
2.2282
1.9242
1.8551
1.8399
2.0417
1.6974
2.1856
2.0078
2.2344
1.9777
2.1027
2.0967
1.8369
2.0667
1.8769
2.0275
2.0149
2.1735
1.9646
1.9446
1.7411
1.8738
2.2092
2.1318
1.7437
2.0408
2.2968
2.0048
1.9627
1.7359
2.2268
1.8986
2.2031
1.8311
1.8188
1.8179
1.7782
1.8449
2.1323
2.0889
2.0136
2.2315
2.0112
2.0175
1.8191
2.4411
1.9459
1.9861
1.8827
2.0956
2.179
1.7063
2.4359
1.5215
2.2892
2.0523
1.6437
1.9684
1.9863
2.2308
2.1501
1.6884
2.5502
2.0281
1.5803
2.1474
1.6639
2.2159
1.8774
2.5975
1.4667
2.3797
1.9444
2.0542
1.6353
2.5588
1.8127
1.7982
1.7279
2.0166
2.0967
2.1185
1.8139
2.0257
1.9152
2.1937
1.7469
2.2279
1.8897
2.005
1.3634
2.4069
1.6339
1.9091
2.1025
2.088
1.718
1.7436
2.4034
1.8262
2.1565
2.2567
1.8706
1.8633
1.6153
2.0883
1.7229
1.8558
2.0252
2.4526
1.8279
1.7542
2.2494
1.7637
2.1768
2.0169
1.8997
2.3064
2.1467
2.1814
1.8586
1.5822
2.1943
1.706
2.1355
2.2168
1.7854
1.8611
2.3935
1.5233
2.0051
1.5457
2.2462
2.0007
2.0609
1.9839
1.9805
1.7746
2.2024
1.5993
2.0515
2.2065
1.9375
2.137
2.0656
1.6882
1.9229
2.255
1.806
2.2851
1.8045
2.0841
2.025
2.4925
1.9252
1.7812
2.17
2.1853
1.7764
1.9017
1.8551
2.2064
1.7379
2.0613
1.8489
2.0911
2.2619
1.9705
1.792
2.1199
1.9533
1.8288
1.9791
2.1037
1.8481
2.1799
1.9563
1.6762
2.1097
2.064
1.9436
1.7234
2.1201
1.7451
2.3477
2.0165
2.0084
1.8916
2.0909
1.9436
1.2942
2.3067
2.2723
1.6972
2.2453
1.6454
2.5308
1.7601
2.2588
1.9741
2.0055
1.7905
2.4767
1.8533
1.9744
1.6208
2.2609
1.9256
2.1745
1.9322
2.0772
2.0737
1.9049
2.1325
1.83
1.9272
2.1242
1.4637
2.1677
2.318
1.8951
1.4073
2.1067
1.6863
1.9013
1.6686
2.2964
1.8064
2.2043
1.958
2.1211
1.9702
2.0321
1.6427
1.7879
2.6507
1.8012
2.2508
1.9377
1.8256
2.2139
1.8335
1.8058
1.8777
1.9449
2.0167
1.9292
1.9951
2.4689
1.774
1.9777
1.8898
2.0322
2.4015
1.9258
1.9782
2.2019
1.9835
1.7286
1.5273
2.408
2.1444
1.8834
1.9407
2.4098
2.2275
1.827
1.9687
1.9318
1.8432
1.6765
2.3602
1.8072
2.1112
1.8659
2.3125
1.7574
2.363
1.9858
1.8414
1.9019
2.1251
2.2871
2.2686
1.5009
2.391
2.1335
1.9619
2.053
1.864
2.2367
1.8876
1.7459
2.3536
2.222
1.9986
2.1274
2.2338
2.0683
1.8684
1.908
1.7713
2.3186
2.0407
1.7286
1.6599
2.0428
1.8218
1.9555
1.7712
1.9521
1.8267
2.3651
1.6383
1.9053
2.0253
2.203
2.0711
2.4339
1.894
1.7999
2.1692
1.7885
2.2365
1.8307
2.1306
2.1966
1.7272
1.9161
2.36
1.7273
2.0458
2.3121
1.8196
1.8079
2.1845
1.7517
1.9561
1.9213
1.7718
2.0712
2.0176
1.8834
2.1468
2.3041
1.9005
1.7764
2.1313
1.8719
1.8629
1.9567
2.2169
2.122
1.7927
2.0124
2.2649
1.9376
1.8506
1.8644
2.1582
1.6832
1.7615
2.5312
1.7155
1.5323
1.8603
2.2321
2.0253
2.5195
1.7412
2.0368
1.9232
2.0459
2.1334
1.7471
2.0428
2.4705
2.0984
1.843
2.0392
1.9342
2.1382
1.8447
2.3812
1.4371
2.1472
2.0803
2.0666
1.7173
2.2983
2.0825
1.7526
2.4961
2.0931
1.6886
2.0558
2.1525
1.9836
1.9671
2.1512
1.9774
1.6988
2.0348
2.2765
1.7471
2.0094
1.9776
1.9499
2.1523
2.1036
1.9871
1.8689
2.1903
2.1154
1.6739
2.1677
1.8854
2.2387
2.0678
2.0929
1.8671
1.7826
2.1844
2.0369
1.4879
1.9131
2.4389
1.9988
1.7524
2.0637
1.7738
2.2346
2.1785
2.2234
1.7527
1.87
1.92
2.1825
1.8438
2.1553
1.8105
2.2045
1.5908
2.3242
1.7336
2.22
1.7668
2.0566
2.1901
1.6692
1.6547
1.9508
1.9132
1.9149
1.9252
1.9418
2.1716
1.6248
1.8748
2.1608
1.6395
2.1879
1.6546
1.9294
2.1001
1.9595
2.3645
1.8548
2.2851
1.9647
2.0461
1.7403
2.3253
1.8981
2.0355
2.2423
1.9443
2.0472
2.1274
1.6667
2.4415
1.6211
2.2418
1.8832
1.8999
2.109
1.8535
2.053
1.6586
2.2293
1.8113
1.588
2.1632
2.411
2.1109
1.6788
2.1596
1.6683
2.5749
1.6425
1.8677
2.0799
1.645
1.8428
1.9789
2.0166
1.9793
2.2951
1.9769
2.1494
1.9859
1.8933
2.1361
1.9037
2.2175
1.8694
2.2367
1.5673
2.0242
2.0222
2.0826
1.9626
1.9325
2.1112
2.0769
1.8711
1.7273
2.0417
1.8015
2.1636
1.8652
2.3435
1.9157
2.2025
2.3071
1.8767
1.7438
2.2546
2.0521
2.0241
1.713
1.4841
2.3718
1.9404
2.2295
1.9641
1.855
2.185
1.8028
1.9834
2.0952
1.8645
2.0906
2.4337
1.858
2.1645
1.9013
1.9538
1.8549
2.4907
1.7826
1.9633
1.8631
1.6956
1.7715
2.0792
1.7645
1.9612
2.1785
1.9185
2.0478
1.9393
2.1315
2.3592
2.2261
1.8528
2.0366
1.9107
2.2389
1.4148
2.229
1.6527
2.051
1.9207
2.0075
2.0171
1.9637
2.254
2.0159
1.9486
2.1992
2.0981
2.216
2.2439
1.7036
2.1993
1.9086
1.7786
1.9392
2.1556
1.777
2.359
1.8024
1.9409
2.0668
1.4698
1.8732
2.1418
1.8534
1.5822
2.0773
1.5024
2.0309
1.9141
2.2409
2.1298
2.0408
2.0405
1.9096
2.1622
1.6271
1.8478
2.1403
2.0061
1.9737
1.858
2.4158
2.0826
1.7698
1.974
1.9782
2.0866
1.607
1.8839
1.67
2.114
2.3489
1.746
2.3505
1.9797
1.9386
1.7875
2.0407
1.993
2.1267
2.1614
2.267
1.7435
2.3619
1.8141
2.1459
1.5974
2.0919
2.27
1.9448
2.2095
1.5102
2.4676
1.9908
1.7243
2.5534
1.789
2.2935
1.9102
1.8754
2.1709
2.0547
1.9093
1.8706
2.2179
2.3056
2.0484
2.2825
2.3757
1.4899
2.0879
2.3556
1.7973
1.8451
2.115
1.8382
2.065
2.1228
1.9256
2.1236
1.308
1.8137
2.3345
1.8468
1.8213
2.196
1.8
1.8337
2.0589
1.9826
2.3707
1.6985
2.081
1.9041
2.0895
1.5346
2.4086
1.8166
1.5802
2.0111
2.3116
1.5911
2.172
2.1906
2.0687
2.1438
2.4772
1.6564
1.6211
2.1055
1.9937
2.3897
2.2448
1.7546
1.8
1.6736
1.9196
2.3038
1.8543
2.3102
1.4664
2.1811
2.1893
1.746
2.2917
1.9258
1.7171
2.0644
2.0527
1.7881
2.0154
1.5427
2.2439
2.0241
1.9919
1.6798
1.9361
1.9076
2.13
1.5222
1.8349
1.8341
2.0135
2.0932
1.9295
2.0894
1.7711
2.3571
2.0125
1.6752
1.6981
2.1424
1.956
1.9372
1.7587
2.226
1.8598
2.0592
1.9888
1.9635
1.8504
2.0982
1.6095
1.7273
2.1445
1.8615
1.9833
1.904
2.0475
1.41
2.0195
1.8597
2.1379
1.8841
1.6208
1.8932
2.0132
1.8704
1.907
2.0652
2.1865
2.0107
1.7462
1.9508
2.3603
2.033
1.9632
2.2177
2.1485
2.1565
2.0178
2.012
2.0565
1.8998
1.6885
1.8188
1.9352
1.8329
1.9954
2.2683
1.9438
1.859
2.0204
2.1267
1.7721
1.9452
2.682
1.6159
2.1621
1.5078
1.812
2.5689
1.7913
2.0269
2.018
1.8642
2.0105
1.8389
2.4045
1.6914
2.3916
1.5734
2.0696
2.3638
1.76
2.24
1.5841
1.8542
2.0133
2.1087
2.1402
1.8884
1.7661
2.0927
1.9138
2.3163
1.8295
2.0525
2.2791
1.8974
1.8687
1.8342
2.4804
1.7487
2.1407
2.0229
2.2386
2.0279
1.9167
1.6322
2.1794
2.1343
2.0777
2.0468
1.7723
2.1755
1.8224
2.1421
1.9938
2.0425
1.4992
2.1923
2.3699
2.1293
1.8492
2.4249
2.0239
2.0194
1.7649
1.8981
1.9538
1.7792
1.8061
2.1778
1.8927
2.0421
2.0178
1.8073
1.9296
2.1738
1.775
1.7072
2.1215
2.1359
2.2415
1.4501
1.9886
2.037
1.875
1.7607
2.0045
1.6634
2.9331
1.5197
1.9876
1.6752
2.5925
1.8224
2.0207
1.7034
1.8433
1.9905
1.7088
2.1131
1.9938
1.7125
2.0481
2.102
1.9457
2.1119
1.5796
1.9975
1.9968
1.9722
1.8391
2.2691
2.0398
1.7996
2.1758
2.0809
1.5544
1.9746
2.128
2.0165
1.6378
2.0474
2.1553
2.1501
2.2066
2.095
1.605
2.1109
1.9499
2.2422
1.53
1.9519
2.4435
1.9709
2.1041
2.0672
2.4785
1.7692
2.0172
2.3324
1.5994
2.1889
2.0397
1.9516
1.8675
2.3607
2.5516
1.875
1.9279
2.0207
2.113
2.1689
1.5828
2.2766
2.1382
2.0231
1.6895
2.1448
1.8999
1.9982
2.2803
1.8493
1.9417
1.7062
2.1244
2.0216
2.0243
1.8002
2.2455
1.8804
1.8288
1.9119
2.4704
1.7265
2.0598
1.9651
2.2193
1.8966
1.9313
2.1575
1.6344
2.1134
2.015
2.1453
1.7673
1.9543
2.2436
2.169
2.4113
1.7294
1.8569
1.8727
1.9947
2.3753
2.06
1.7132
2.2218
1.7081
2.1875
1.7545
1.5576
1.9814
2.3055
1.7928
2.2521
1.9655
1.5882
2.0802
2.0213
1.6294
1.8299
1.9922
1.774
1.9718
2.1205
1.6656
1.9672
2.4754
1.6904
2.4617
2.1995
2.253
1.7675
1.645
2.155
1.7247
2.068
2.1653
1.8334
2.1386
1.8089
2.3453
1.8643
2.0153
2.1414
2.0745
1.7512
2.2877
2.2163
1.9124
1.9437
1.99
2.2384
1.9745
1.8418
2.1789
1.9845
2.0536
2.0339
2.4456
2.1654
1.7481
2.3305
2.1208
2.2136
2.3304
1.9311
1.7379
1.6757
1.865
2.4358
2.0816
1.5876
2.1719
1.821
1.6177
1.8214
2.1131
2.1061
2.1658
1.9886
1.9485
2.2924
1.5398
1.8205
1.8828
2.199
1.917
1.9295
2.3958
1.5288
1.9379
2.0468
1.7825
1.9026
2.3628
2.2884
1.9431
1.9558
1.8608
1.9789
1.8635
1.8486
1.912
2.003
2.2746
1.8781
2.0433
2.4934
1.4693
1.9725
2.1645
1.9127
2.0222
1.7043
1.892
1.6128
2.0306
2.1757
1.7411
2.0032
2.3727
2.1689
1.7284
1.8036
2.0726
2.0687
1.9329
1.8342
2.0426
2.0854
1.9851
1.9031
1.6581
2.1603
1.9179
1.7413
2.0842
1.6617
2.1889
2.289
2.2472
2.1766
1.7153
2.0787
1.6047
2.0367
1.954
2.1203
2.2269
1.8547
1.7634
2.0499
2.1589
2.3126
1.6181
2.2495
1.903
1.7076
2.13
1.678
2.2371
1.685
2.1743
2.2915
1.9061
2.0767
1.9201
2.0211
1.7676
2.2575
1.9317
2.0547
2.3173
1.6861
1.8409
2.2299
1.8498
1.9129
1.8024
1.9624
2.0274
1.9559
2.0443
1.8352
1.9875
2.1159
1.9446
2.0463
1.8307
2.3281
1.867
1.7892
2.1268
2.0248
1.7337
2.0741
2.1075
1.8154
2.0614
1.9533
2.8494
1.5216
2.0856
1.9495
2.1185
1.5421
2.394
2.297
2.288
1.8968
2.4263
1.784
2.0475
1.8979
2.3062
2.0747
1.9322
1.8745
2.031
2.1636
2.3029
2.1087
1.8993
2.3226
2.1446
2.0622
1.9787
2.0056
2.1179
1.5936
2.0304
1.7996
2.1719
1.8491
2.3427
2.1835
2.1577
1.8214
2.163
1.702
2.2474
1.7592
1.7428
2.2281
1.7523
2.0327
2.4666
1.8024
1.9908
2.1778
2.0109
2.5201
1.6676
1.9622
2.1536
1.9544
1.9745
1.855
2.1996
2.1601
2.0614
2.0367
1.8758
2.3327
1.614
2.2689
1.7614
1.8955
1.7584
2.2108
2.1774
1.7958
1.8739
1.8367
1.8767
2.2631
1.9237
2.0687
1.8159
2.3955
1.9764
2.0589
1.955
2.2625
1.7622
2.2233
1.7851
2.2676
1.8595
2.0168
2.1839
1.9772
1.9928
1.7883
1.9236
2.1916
1.8904
1.6087
1.7955
2.1483
1.4472
2.3427
1.9196
2.1111
1.8961
2.1818
2.2661
1.9441
1.727
2.2228
1.9626
2.0739
1.9609
2.6011
2.055
2.0984
1.6973
1.968
2.4407
2.1987
1.7142
1.8629
2.4567
1.8022
1.7702
1.7849
2.1857
2.1692
1.7711
2.2629
1.8758
1.4604
2.0122
1.8277
1.8019
2.069
1.7813
1.994
2.0117
1.8437
2.4461
1.6115
1.7361
2.1823
1.7876
2.3497
1.661
2.4541
1.5422
2.0771
1.7837
2.2517
1.9891
1.6084
2.0049
1.9591
2.1405
2.0968
2.3319
1.8465
1.7943
1.9864
2.0162
1.9162
2.1627
1.7046
1.901
1.8562
2.0818
2.2095
1.7459
2.1002
1.5202
2.5612
1.836
1.661
2.2266
1.992
1.8972
2.0732
2.3685
1.7655
1.6143
2.2111
2.1009
2.2559
1.9985
2.0217
2.5031
1.4852
2.0014
1.9435
2.2155
1.6742
1.8131
2.2485
1.9453
1.6911
1.6363
2.2624
2.0434
1.8469
2.028
1.9611
2.1631
2.1725
1.6851
2.079
1.9327
2.4587
1.9119
1.6573
2.333
1.8414
1.9956
2.1191
1.9112
1.7076
1.9103
1.8977
2.1357
1.6733
1.7859
1.6689
2.1292
2.1207
2.0637
1.8628
2.1128
2.3109
1.9393
2.1381
2.1003
2.1117
2.2082
1.8438
1.9275
2.0836
1.7532
2.3737
1.9674
2.0016
1.5568
1.6231
1.9303
2.0297
1.9053
2.0069
2.3854
1.5849
2.0966
1.951
2.3199
2.4238
1.905
1.9171
2.1468
1.8188
1.9613
2.4891
2.2578
1.6528
1.8779
1.8516
2.0643
1.9168
2.3211
1.8569
1.8726
2.4118
2.2213
1.8093
1.5384
1.6469
2.2555
2.2799
2.0671
2.0148
2.069
1.9218
1.8338
2.2387
1.942
2.0435
1.758
2.368
1.8691
1.7592
1.7099
1.9838
2.0287
2.0168
1.5403
2.5941
1.6769
1.686
2.1683
1.8013
1.7866
2.3823
2.2332
1.3151
1.7666
2.0208
1.8098
2.3245
1.9456
2.4043
1.8484
2.3073
1.3938
1.8742
2.0859
2.0739
1.9802
1.8073
2.1811
1.8216
2.0402
1.7849
2.55
1.3722
1.9558
2.088
1.9964
2.0576
1.7553
2.2153
2.1444
2.1722
2.3144
1.818
1.7397
2.0731
1.6784
2.1451
1.9513
1.9105
1.5558
2.0316
1.7853
1.8513
1.8782
2.141
2.0794
2.2373
1.8481
1.8733
2.4656
1.4625
1.9643
1.816
1.635
2.4518
2.145
1.8086
2.3507
1.799
1.6842
1.714
2.3521
1.7308
2.2286
1.5833
2.1551
2.465
1.8089
2.1404
1.6642
1.8139
2.0662
2.3006
2.2067
2.1726
1.6413
2.0181
2.037
1.7067
1.84
1.8747
2.0332
1.9489
1.7637
2.3316
1.926
1.6236
1.7979
2.0839
1.282
2.5198
1.6323
1.9217
2.2615
2.1925
1.9259
1.9177
1.9976
1.9607
2.1687
2.0202
1.9445
2.1293
2.1664
1.9265
1.8514
1.89
2.4916
1.7369
2.0823
2.0259
2.4624
1.9865
2.0562
1.9392
1.9887
2.1749
1.7972
2.1325
1.8032
1.6772
1.8219
2.1917
1.9439
1.8304
1.8576
2.016
1.9018
1.854
2.0785
2.0257
2.17
1.9
2.1461
1.8337
1.8122
1.9913
2.3509
1.9559
1.7887
2.2626
2.5461
1.6298
2.2386
2.0357
1.6554
1.5838
2.1295
2.234
2.4139
1.7161
1.9954
2.4629
1.6233
1.869
1.9421
1.9905
1.8411
2.3772
2.0505
1.7519
2.1058
2.2002
2.0762
1.7709
1.8864
1.959
2.0176
2.0722
2.2107
1.7948
2.0868
1.6907
2.3322
1.7495
2.12
1.9319
1.8603
2.0602
2.3376
1.7397
2.1313
2.0326
1.8356
2.474
1.6307
1.9419
2.1672
1.9467
2.1846
1.9256
1.9339
1.8279
1.728
2.4504
2.033
1.8267
1.9176
1.9056
2.1855
2.4804
1.7636
2.0582
1.7712
1.6293
2.7403
2.1535
1.5559
1.8829
2.0093
1.957
1.7937
1.9938
2.5695
1.8546
1.7852
2.0586
1.9837
1.8487
2.1983
1.8482
1.9208
2.0737
2.2673
2.0676
1.6658
2.0962
1.9688
2.1257
1.9273
1.9485
1.8102
2.0844
2.1876
1.88
2.0238
2.1934
2.0046
2.0056
1.8581
1.7536
2.4757
1.8415
1.7684
1.9975
1.7806
1.9262
1.881
2.2619
1.8444
1.857
2.1201
1.3466
1.9153
2.2534
2.1002
2.0901
1.8057
2.1285
1.659
2.3305
1.615
1.8873
1.7545
2.0953
2.1203
2.0251
2.3147
1.5873
1.664
1.6409
2.1078
2.0489
1.9677
1.7414
2.3242
1.6911
2.3529
1.7931
1.7763
2.189
1.7662
2.0478
1.8049
2.0567
1.7864
1.7184
1.9491
2.2602
1.7813
1.9455
2.4947
1.4786
2.2121
1.8729
2.2464
1.5591
2.2743
1.7321
1.9662
2.2722
1.4055
1.8938
1.9701
2.1161
2.2026
1.829
2.2696
1.9561
1.6558
2.3932
1.7358
1.7713
1.9674
1.9584
1.7358
2.209
1.8106
2.1057
1.8323
2.1231
1.5876
1.9767
1.855
1.8512
2.4528
2.2474
1.8955
1.6543
2.104
1.8701
2.4415
2.1675
1.9806
2.0129
1.6757
1.6458
2.1646
1.9362
2.0967
1.9858
1.8404
1.7375
1.8851
1.7868
2.0354
1.6633
1.8011
2.0956
2.3275
2.02
1.8102
1.801
1.9509
2.1461
1.7739
1.9727
2.3204
2.0682
1.8398
2.0103
1.8435
2.0041
1.8647
1.916
2.0535
1.7073
2.0995
1.6637
2.2518
1.8839
2.2792
1.6033
2.1528
1.7317
1.9103
1.9495
1.9991
1.8561
1.9675
1.9847
2.3222
1.7356
1.7655
1.791
1.9456
2.0644
1.6181
2.296
1.7553
2.3168
1.882
1.8261
2.0525
1.8246
1.6828
1.9095
2.3359
2.2817
2.0773
1.75
2.0338
2.1039
2.206
1.8709
1.7697
1.9353
1.9453
2.3662
1.8349
1.9314
1.9534
1.7842
2.1428
2.0198
2.0905
1.7253
2.4492
1.9584
1.9837
2.4428
1.9052
2.111
2.211
1.6627
2.1685
2.0922
1.919
1.7847
1.947
1.8032
2.219
1.7924
2.1791
1.5888
1.8597
1.917
1.4148
1.6753
2.4178
1.8779
1.5487
1.7814
2.4022
1.4011
2.0826
2.1581
1.7622
1.9095
2.2064
1.8593
2.2335
1.8841
2.1976
1.7221
1.9556
2.5918
2.2059
1.5828
1.8776
2.1783
1.5768
1.8834
1.9657
1.8684
2.1688
2.0357
2.2952
2.0552
2.1037
2.2818
1.5248
1.9703
2.0687
1.9047
1.8553
2.2546
2.2352
1.9082
1.7394
2.0811
1.9985
2.0229
1.8646
2.124
1.6947
2.1971
1.4611
2.0856
2.0326
1.9375
2.2274
2.013
1.8026
2.0203
1.7427
1.643
1.9811
1.9776
1.9048
2.0434
2.3716
1.4529
2.0508
2.1503
1.6883
2.1426
2.0679
1.5507
2.1949
2.2945
2.1644
2.1847
1.5985
1.6567
1.8215
2.3827
2.0029
2.1509
1.8657
1.9255
2.0396
2.3945
1.7905
1.8606
2.4396
2.026
1.868
1.7486
2.4767
2.0843
2.1241
1.8409
1.7268
2.1593
1.9788
1.8093
1.981
2.2268
1.7301
1.9617
2.0141
1.999
1.7525
2.188
2.1074
1.94
1.8873
2.0249
1.8354
2.0319
1.5695
2.1975
2.163
2.3512
1.8177
1.667
1.8396
1.9587
2.2127
2.1032
1.8005
2.2183
1.7173
1.9663
2.0443
1.959
2.0911
1.5211
1.701
2.037
2.4021
1.5975
1.8919
2.454
1.9156
1.7206
2.1941
2.1784
1.8392
1.8579
2.2715
2.3058
2.1821
1.7719
2.0292
1.7337
1.9386
2.1049
1.6598
2.3845
1.9209
1.9224
1.7395
2.397
2.0954
2.437
2.2555
1.5432
2.0334
2.1503
1.6489
2.0203
1.8854
2.0869
1.9291
2.1789
1.8978
2.3199
1.914
1.8549
2.1412
2.2479
1.6865
2.1415
1.6369
2.1641
1.9424
2.2953
2.0421
1.5147
2.2116
2.0477
1.938
1.9906
1.7398
1.9825
2.0321
2.0311
1.8517
2.3086
2.2418
1.7456
2.0495
1.5356
2.1453
2.3923
1.6804
2.0914
2.0337
2.1575
2.0256
1.8656
2.1076
2.316
2.0023
1.8347
2.4378
1.9967
1.4827
2.6659
1.893
1.5318
2.1249
1.842
1.9887
2.3985
1.6642
1.7808
2.2017
2.0758
2.0501
2.013
1.9555
2.2718
1.7928
2.0264
2.1012
1.8533
2.1416
1.4703
1.9668
1.9185
2.0463
2.1567
2.0505
1.7369
2.2639
1.833
1.8325
2.0721
1.8359
1.6282
1.8142
1.8731
1.9675
2.2119
1.7518
1.8656
2.3151
1.9547
2.1405
2.1164
2.0663
1.6691
2.9454
1.4549
2.1225
1.8522
1.702
2.2521
2.1057
1.6307
2.1624
1.7885
2.1926
2.0586
1.9442
2.352
2.0608
2.0991
2.0628
1.767
2.1919
1.7381
1.9401
2.1446
2.0598
1.8688
2.0184
1.6494
2.2371
2.2046
1.9393
2.0132
1.6691
2.2518
1.8584
1.9968
2.5375
1.7393
2.1237
2.279
1.9211
1.945
1.9214
1.9729
2.6102
1.5661
2.3156
1.9353
1.6957
2.1852
2.2816
1.7548
1.5394
2.2356
2.6346
2.0865
1.7118
1.8191
2.3779
1.9484
2.1992
2.1716
1.7847
1.8868
1.9171
1.9594
2.0042
1.7939
1.9924
2.1154
2.2599
2.0221
1.9587
1.6528
2.3245
2.2476
1.9769
1.8874
2.2756
2.0484
1.6566
1.8672
2.149
1.9882
1.9182
2.0752
1.7719
1.8663
1.9594
1.9965
1.7491
1.7143
1.9557
2.2205
2.0919
1.6682
2.1843
2.0165
2.0669
1.6594
1.792
2.1419
1.9196
1.8519
1.8535
2.1882
2.4082
1.6169
2.1479
1.8195
1.9978
1.6188
2.2827
1.7125
2.1448
1.997
1.8814
1.6447
2.322
1.8
2.053
1.9582
2.2607
1.6013
1.9371
1.9574
1.6772
2.0695
1.9098
1.6583
2.2827
1.9084
1.9668
2.0974
1.8261
2.0362
2.1127
1.9529
2.1932
1.9194
2.2442
1.8644
2.1276
1.7994
1.8666
2.1411
1.9994
1.8928
2.1016
1.9461
2.0368
2.381
2.0671
2.1278
1.726
1.9192
2.2982
2.0119
1.9135
1.8654
2.2375
2.0055
1.873
1.8838
2.0227
1.8263
1.8905
2.0745
2.2192
1.9672
1.9986
1.7874
1.9049
1.7098
2.109
2.0284
2.088
1.9904
1.8896
1.9258
1.9265
2.0517
1.7854
2.0646
2.3129
1.9212
2.1031
1.6607
2.0243
2.1021
2.03
1.7655
1.6188
2.5341
1.7837
1.9691
1.941
1.9011
2.1934
1.7516
2.3239
2.1621
1.6976
1.7804
2.3346
1.9394
1.9608
2.257
1.9928
1.5441
1.9371
2.1918
1.9552
1.6098
1.9027
2.0624
2.1647
2.0212
1.9824
2.1869
1.4349
2.1278
1.8261
2.4447
2.1771
1.8411
1.798
2.1322
2.0209
1.6809
2.3541
1.8778
1.5978
2.16
2.5241
1.7704
2.0216
2.1299
1.9205
2.0052
1.9584
1.8805
2.0669
2.1541
1.7667
2.1594
2.4123
1.8265
2.2374
2.1808
1.8376
1.838
2.0067
1.7997
2.1347
1.9066
1.7329
2.0779
2.1698
2.0311
2.0398
2.1746
1.849
2.1426
2.1422
1.9117
1.8081
1.7979
2.3868
1.6764
2.0502
2.452
1.7405
1.9829
2.1041
2.0247
2.1953
1.9618
2.095
1.8413
2.1298
1.6245
1.9742
2.098
1.4787
1.843
1.7247
2.3783
1.7323
1.9753
1.7321
2.0222
1.8139
2.2671
2.2263
1.9495
2.0063
2.1505
2.4904
1.9595
1.7375
2.4505
1.773
1.8469
2.3415
1.9401
2.0298
2.3593
2.079
1.7952
2.2383
1.9362
2.044
2.403
2.0407
1.9127
1.9353
2.2197
1.6595
2.1407
1.9028
1.985
2.294
1.9859
1.8347
1.7651
1.9121
2.2484
2.5507
1.9453
1.7096
1.909
2.0533
2.1861
2.4149
1.9225
1.9881
1.8867
1.7479
1.9519
2.2705
1.7966
2.1195
2.0784
2.3419
2.0681
2.1187
1.769
2.0868
2.0242
2.2816
1.5477
1.7791
2.4637
1.5361
2.6477
1.6387
1.8275
1.8772
2.1334
1.7867
2.0549
1.9494
2.2612
1.9612
1.9831
2.0664
1.9222
1.756
2.2006
1.9209
2.0156
2.1446
1.7258
1.7012
2.4534
2.122
2.0358
2.0485
1.8503
2.2005
1.4334
2.3807
1.7489
1.9491
1.8613
2.3666
1.8662
1.499
2.1653
2.2104
1.8837
1.6619
1.7675
2.1763
1.8187
1.934
2.2413
1.921
2.2705
1.8041
1.7652
2.269
1.5478
2.0602
2.1451
2.2711
2.0181
2.0444
1.7509
2.4169
1.7095
1.8464
2.4473
2.2915
1.5084
2.2243
2.4285
1.7932
2.0771
1.8467
1.8642
1.9611
1.7326
2.1139
2.7376
1.7003
2.2849
2.0015
1.9271
1.4339
2.4172
2.2971
1.5942
1.969
2.0541
1.9667
1.6912
2.0341
2.0955
2.0016
1.9195
2.1675
2.0704
1.8554
2.1826
1.6655
2.0707
1.7882
2.2219
1.9543
2.1129
1.5951
1.9029
2.126
1.6161
1.9665
1.9645
2.2564
1.6598
1.898
2.1654
1.5684
1.77
2.0272
1.9229
1.7654
2.1097
1.9198
1.7304
2.1443
2.1643
2.1983
1.868
2.111
1.7502
2.0697
1.6509
1.7089
1.9605
2.1139
1.8734
1.8731
1.4525
2.3933
1.8977
2.4777
1.668
1.9654
1.636
2.6293
1.7474
1.9052
2.0974
1.7881
1.9706
2.0512
2.0077
1.7611
2.0825
2.1342
1.494
2.4192
1.733
2.0352
2.1255
1.9819
2.2083
1.8311
2.0239
2.1509
2.1284
1.9535
1.8945
1.7779
2.2016
2.065
1.8542
2.1054
1.8007
2.1323
1.6505
2.0717
1.6576
1.7912
1.8839
1.8249
1.5257
2.4706
1.8773
2.099
2.6977
1.6152
2.251
1.6139
2.2935
1.7855
2.2994
1.891
2.2484
1.9695
1.5879
1.7137
1.8963
1.8688
2.2514
1.9301
2.0814
2.0132
1.8822
2.0606
1.8406
1.8692
2.1406
1.8824
1.6967
2.0955
1.9104
2.3043
1.6592
2.6092
1.8643
1.7085
2.0403
1.871
1.8565
2.0637
1.9595
2.4738
1.6304
2.0549
2.1776
1.9709
1.9684
1.8777
2.3204
1.5964
2.3786
2.2957
1.7997
2.0408
1.7374
1.9914
2.0131
1.966
2.2735
2.1126
2.1369
2.1283
2.1481
2.0168
2.0542
2.22
1.8497
2.0398
2.2322
2.205
1.6756
1.7093
2.0586
1.7761
2.0967
2.1997
1.8284
2.059
1.9326
2.0326
2.3361
1.8958
1.967
1.9078
2.2235
1.917
1.9769
1.918
2.094
1.9219
1.6228
2.362
1.6985
2.1146
2.5722
2.087
1.7486
2.037
2.2661
2.2603
2.1879
1.6071
2.3545
1.774
1.9863
1.8014
1.9148
2.0596
1.8847
2.208
1.7845
1.9734
1.8745
2.0241
1.7947
2.0238
1.794
2.0528
2.2796
1.5322
2.0696
1.9398
1.861
2.1347
2.1051
2.2156
2.0241
1.6417
2.1011
2.0927
1.627
1.9136
2.0936
1.9195
2.6748
1.953
1.8802
2.2415
1.7799
1.8092
2.4846
1.642
1.938
2.0604
2.1385
1.9805
1.6145
2.1813
1.9563
2.3527
2.035
2.4063
1.9192
2.095
1.7871
2.1278
1.9375
2.1135
2.1007
1.8895
2.1264
1.9049
1.6839
2.0911
2.0249
2.3307
1.7832
2.2652
1.9696
1.7801
1.9807
2.109
1.9861
2.2542
1.8166
2.0749
2.2242
2.0278
1.7416
2.048
2.4012
1.8118
2.0299
1.8352
1.6561
2.0067
1.7737
2.29
1.7615
1.8651
2.1828
1.8547
1.8416
1.6531
2.0025
2.166
1.9625
2.0663
2.0792
1.8445
1.7464
1.9925
1.9823
2.491
1.738
2.247
1.732
2.3862
1.5996
1.807
1.9148
2.0866
1.9218
1.9697
1.7527
2.0717
1.7915
2.125
2.2064
1.5914
1.6596
1.8238
2.3441
1.8289
2.0979
2.0035
1.9635
2.041
1.7236
2.1389
2.4506
1.622
2.5515
2.0684
1.4646
2.8083
2.1794
1.9324
2.1098
1.8388
2.1233
1.8669
2.0858
1.6411
2.7003
1.7127
1.8438
2.3481
2.1352
1.6699
2.1686
1.9737
1.7503
2.3789
1.9798
1.9962
1.8316
1.6687
1.6994
1.9322
2.0089
1.7641
1.9457
1.7267
2.3683
1.8578
2.4112
1.9131
2.0951
2.1743
1.2351
2.2299
1.9413
1.8083
2.0394
1.5176
1.924
1.8215
1.7
1.8897
1.8885
2.1895
1.8594
1.9182
2.2571
2.1891
1.9731
1.8191
1.832
2.2929
1.8315
2.6013
1.8917
2.1457
2.0617
1.7675
1.8971
2.0276
2.0748
2.1799
2.2351
2.1573
1.7972
2.0605
2.0565
2.0204
2.1165
2.0075
2.179
1.7652
1.9792
2.2274
2.2964
1.9817
1.9666
2.188
1.6718
2.0009
2.0302
1.8595
2.344
1.5659
1.8933
1.9883
2.4784
2.0246
2.32
1.6778
2.1284
1.8206
1.8377
1.4959
2.2718
1.7629
1.8677
2.3235
2.0397
2.2057
1.9447
2.1191
1.9163
2.1938
2.1511
2.2934
1.897
1.6684
1.8477
2.0866
2.194
1.8423
1.7113
1.925
2.4705
1.5125
2.2742
1.9185
1.7881
1.8316
2.1828
1.9117
2.0669
2.1194
1.6784
2.0165
2.1394
1.8543
2.0894
1.7298
2.2219
1.8505
2.1321
2.2519
1.7225
2.2257
2.2353
1.7579
1.5158
2.2798
1.8723
1.6948
2.1107
2.129
2.1262
1.6811
1.9271
1.678
1.835
1.6976
2.194
1.7489
2.1976
2.3037
1.8558
1.9813
2.0203
2.0466
1.9495
2.1427
1.7115
1.8945
2.0408
1.5748
1.8865
1.9187
1.9305
2.0988
1.8006
2.244
1.8576
2.3916
2.0683
2.5225
1.8541
2.2468
1.8848
2.1249
1.5704
1.8203
1.5663
2.8723
1.7542
1.8023
2.1481
1.823
1.7715
2.2152
2.0545
2.1676
1.5457
2.0518
1.6601
1.9994
2.006
1.9016
1.8209
1.7616
1.8737
1.867
2.2406
2.0153
1.7975
2.0657
1.9652
2.1681
1.6502
2.294
1.9637
1.6245
1.9666
2.2009
2.1566
2.4281
1.8513
2.1566
1.7794
2.0845
2.3595
1.7523
1.6565
2.2548
2.2092
2.3739
1.6652
1.6783
1.9928
1.9389
1.6679
1.9389
1.9295
2.1806
1.4878
1.925
1.995
2.277
1.9183
2.2851
1.7275
1.8716
1.7994
2.0338
2.3216
2.1062
1.6392
2.2299
2.057
2.0219
2.0167
1.7561
1.782
1.5092
2.3038
1.8972
2.012
1.902
2.0648
1.8826
1.7141
2.4403
1.8787
1.9968
1.7693
1.7192
2.0894
1.7447
2.1152
1.8896
1.8895
1.7849
1.9323
1.9384
2.2089
2.1234
2.2442
1.9336
1.6347
2.3039
2.0214
2.2896
1.5792
1.9874
2.0531
2.2395
1.9703
1.3861
2.1734
2.0977
2.0369
1.9413
1.7622
1.5781
2.095
2.4879
1.9285
1.9845
1.8404
1.6939
1.9141
2.1824
2.5016
1.8457
1.9724
1.9544
1.8153
2.1825
1.4326
2.2498
1.8731
2.1559
1.5682
2.0588
2.3112
1.8904
2.265
1.6122
1.7302
2.2299
2.2381
1.9447
2.0697
1.7697
2.1624
1.67
2.5092
1.9447
1.9739
1.7175
2.1973
1.8699
1.9659
2.1632
2.0549
2.2845
1.9289
1.8656
2.1183
2.3273
1.7261
1.7254
2.1779
1.6009
1.6994
2.3365
2.0902
1.859
2.0048
2.193
2.0503
1.7862
2.0249
1.9678
1.5509
2.012
2.6774
1.9825
1.5652
2.17
1.9537
2.3677
1.572
1.9679
1.7462
1.8178
2.3345
1.5157
1.7177
2.0179
1.9062
1.9047
1.9384
1.894
2.0283
1.85
2.1461
2.3829
2.097
2.0643
2.0227
1.9985
1.7632
2.1102
2.1571
1.5248
2.8332
1.5664
1.7984
2.3551
2.5973
1.8425
1.9417
1.885
2.2829
1.8565
2.1031
1.9881
1.9506
2.1497
2.022
2.472
1.7899
2.0147
1.7744
2.2326
1.3346
2.1939
2.1672
1.5703
2.1324
1.9938
1.6048
1.9095
2.0768
1.813
1.9099
1.6822
1.8288
2.002
1.7057
2.1804
1.8525
1.7789
1.9826
2.1595
2.1434
2.0194
1.8154
1.8021
2.3765
1.9061
1.751
1.9814
1.8423
2.042
2.0643
1.6183
1.8479
2.454
1.6205
1.8645
2.1529
2.1066
1.8363
2.0051
2.1232
2.2035
2.0302
1.7131
1.7259
2.0727
1.8462
1.9117
2.1142
2.4014
1.9965
1.9106
1.8277
2.0518
2.2503
2.0066
1.6411
2.2278
2.2859
1.6698
2.0159
2.1253
2.3754
2.3014
1.734
2.0775
1.8659
2.1072
2.102
2.0125
2.1947
1.4573
2.6922
1.7678
1.9039
1.9863
1.5185
2.1601
2.1901
2.0365
1.9715
2.0941
1.8845
2.1572
1.7274
2.3037
2.3586
1.4453
2.0747
2.1003
1.7513
2.1074
2.1751
1.7668
1.9479
2.2126
1.8799
1.8389
1.9728
2.1862
1.7507
2.235
1.9531
1.78
2.4954
1.6065
1.8626
2.0565
1.8103
2.0315
2.1014
1.9067
1.959
1.9989
1.7217
2.0851
1.8666
1.9912
1.8213
2.0798
1.9331
2.0853
1.7946
1.8788
1.8806
1.8037
1.9587
1.8369
2.1671
1.759
1.8654
2.3636
2.2848
2.1077
1.6641
2.3932
1.8853
2.3827
2.0506
1.6765
1.9556
1.9266
2.1488
2.0434
2.3926
1.6251
1.9206
1.5604
2.5439
1.8861
2.5971
2.1243
1.8476
2.0098
1.7952
2.0013
2.1454
1.606
1.9346
2.0151
1.7333
1.8195
2.0077
2.3116
2.0484
1.7305
1.8744
1.9519
1.7372
1.9523
1.6965
2.1685
1.5331
2.223
2.2928
2.3249
1.8527
1.7055
1.8193
2.4323
1.9539
2.1474
1.6451
1.5822
1.9423
2.2365
2.0285
1.7811
1.8991
1.9005
1.6689
2.1584
1.7767
2.1282
1.8485
1.8841
1.9768
1.8452
1.9229
1.868
2.1403
1.9418
1.787
1.5701
2.1026
2.3918
1.5578
2.0396
2.4539
1.7982
2.0028
1.955
1.7257
2.5005
1.8682
1.8455
1.9245
2.0407
2.4112
1.7112
1.9993
2.2082
2.1629
2.082
1.8743
2.1142
2.0288
2.0962
2.0539
1.6252
2.222
2.1505
1.7362
2.0402
2.0799
1.9177
1.9958
1.7357
1.8841
1.9204
2.1774
1.7187
2.2773
1.5154
1.964
1.9961
2.3806
1.7849
1.9888
2.1591
1.638
2.3758
1.9775
1.6315
2.0046
1.6976
2.1805
1.9695
1.9306
2.0085
1.9254
1.9284
1.8607
2.1845
2.0393
1.8728
1.9034
2.1285
2.0265
2.044
1.8303
1.8797
2.1433
1.9335
1.7435
2.0603
1.8449
2.0817
2.052
2.3486
1.9724
1.9375
2.1677
1.7421
1.5917
1.9259
2.3101
2.1005
2.3873
1.5686
2.3774
1.7614
1.5766
2.3667
1.7525
1.7662
2.1094
1.5138
2.2779
2.1831
2.0965
2.353
1.5088
1.7276
1.947
1.9
1.9986
1.9263
1.7778
1.9542
1.7946
2.0888
1.5778
2.1188
1.8374
2.0902
2.0933
1.8203
1.8581
1.8873
2.1502
2.0394
1.9788
2.0929
1.8085
1.9935
1.9989
2.0843
2.0553
1.7567
1.8646
2.3138
2.5234
1.2868
1.995
1.9016
2.3866
1.9409
1.7
2.1818
1.6055
2.042
1.6036
1.9743
1.7194
1.5905
2.2702
2.083
1.5751
2.1975
2.0519
2.0162
2.3802
1.526
2.3403
1.5815
2.0602
2.3498
1.6837
1.984
2.0549
1.6151
2.3596
1.6116
2.2517
2.2591
1.8289
2.1847
1.6479
2.2532
1.7945
2.4218
2.0226
2.0884
1.977
1.7399
1.9367
2.0663
2.0097
1.8664
2.3143
1.9242
2.2636
1.5819
2.5175
1.8503
1.9403
1.9287
1.9465
1.6049
2.3186
1.8902
1.8915
1.9234
2.3228
1.5849
2.3626
1.6757
1.85
1.9748
2.1222
2.2217
2.0668
2.1583
2.3238
1.9276
2.136
1.8093
1.6696
2.3721
2.1713
1.4058
2.4494
1.8317
1.9459
2.4861
1.8812
1.5253
2.1528
2.0608
2.1246
1.6192
2.2413
2.1314
1.7848
2.1301
1.758
2.1341
2.1528
1.6643
2.0548
1.8484
2.4792
1.7861
2.2278
2.0529
1.8373
1.6253
1.8405
1.8644
1.9368
2.1528
1.9471
1.878
2.1463
1.6585
2.3102
2.2282
1.9769
1.8533
1.9862
1.9102
2.1265
1.8885
2.0616
2.0235
2.242
2.1025
2.3277
1.6957
2.3011
1.7423
2.5318
1.5096
2.3151
2.1306
2.1218
1.5408
1.682
1.9876
1.9185
1.9683
2.0949
1.9934
2.2317
2.0324
1.9776
1.7795
2.0064
2.0194
1.7781
1.8373
2.1627
1.9984
1.5928
1.8262
1.9804
1.6329
1.8026
1.7684
1.7358
2.1837
1.9304
2.0735
2.0178
1.875
1.7362
2.1956
2.0299
1.9226
1.9169
1.9442
2.4535
1.7485
2.2512
1.9006
1.9176
2.0446
1.9536
2.0651
1.9715
2.1067
1.7819
1.9836
1.78
2.186
2.0389
1.657
2.0862
1.8522
1.7437
2.2101
1.9695
1.7672
1.5742
1.7395
2.2211
2.1391
2.3135
1.6293
1.9621
2.0395
2.0751
2.1002
2.0184
1.788
1.9724
2.1516
1.5481
2.0516
1.6977
2.1396
1.8711
2.2888
1.8692
2.1703
1.8027
2.1028
1.86
2.0613
1.8878
2.3102
1.8491
2.0764
2.1435
1.9576
2.024
1.9793
2.1101
1.8104
2.2539
2.0941
1.9069
1.9479
2.2857
1.9374
2.2946
1.9394
2.0388
1.972
1.8835
2.109
2.4164
1.537
1.7991
1.9856
2.2419
1.9363
1.9724
2.2478
1.6904
1.4696
2.1442
1.9343
2.0753
1.8647
2.2229
1.9349
2.3862
2.2536
2.0978
2.1985
1.9415
1.8043
2.0268
2.0854
1.9002
2.0746
1.6494
2.0687
2.0639
2.3045
2.1908
2.2956
2.0307
1.693
1.9379
2.1563
2.1307
2.1711
1.8645
2.1787
1.6772
1.6994
1.796
2.1398
1.8143
1.8288
2.0638
2.0479
2.0427
2.0753
1.9037
1.938
1.9519
2.3561
1.683
2.0021
1.9952
1.8141
2.0874
2.0103
2.0249
1.9277
1.4933
2.1895
2.0685
2.1237
2.0046
2.6023
1.8784
1.8842
2.1674
2.0312
2.0042
2.1115
2.0872
2.1967
2.0835
1.9098
2.1433
1.8414
2.2649
1.9639
1.7399
2.5447
1.4313
2.1723
1.8526
2.1397
2.3078
1.9248
1.9187
2.3663
1.875
1.965
1.914
2.3409
1.38
1.7006
2.7449
1.6355
2.1021
1.9672
2.2018
1.8842
1.7536
2.1561
1.75
2.0773
2.0928
1.4693
1.8767
2.5461
1.8702
2.1802
1.8335
1.8748
2.2069
1.8513
2.2658
1.8586
2.2117
2.0918
1.9922
1.8057
2.3754
1.8573
1.9599
2.1041
2.2732
1.7467
2.2536
1.9347
1.8562
2.1859
1.8703
1.8329
1.7606
2.2307
2.1236
1.9642
2.0796
1.8375
2.4919
1.9304
2.0775
2.1721
1.6803
2.0816
1.9214
2.0524
1.8591
2.0088
1.6094
2.396
1.7606
2.1343
2.0534
1.5757
2.2691
2.2349
1.7554
1.7474
1.8822
1.8393
1.9313
2.3497
2.1592
1.5323
1.9253
1.7685
1.9313
1.995
1.9502
2.0293
1.9703
2.1985
1.4157
1.9549
2.1265
2.3085
1.531
2.5192
1.8954
2.1235
1.6214
2.1821
1.7379
2.0913
1.7749
2.1597
1.8997
2.1812
2.1102
1.6038
2.3845
1.7098
2.3256
2.1075
2.3001
1.6878
2.0843
2.1599
2.3359
1.5468
1.9548
2.0415
1.8262
1.799
1.7822
2.1593
1.8422
2.0645
1.842
2.1234
1.8654
2.1769
2.2446
1.9567
1.7874
1.971
2.2213
1.7362
1.8361
2.0049
1.8921
2.0337
1.9993
1.8212
1.6942
1.8543
2.2064
1.9176
1.8342
1.732
2.0813
2.0681
1.8252
2.3579
2.1812
1.7887
2.1676
1.708
1.9558
2.0133
1.8871
1.7988
2.2904
2.0257
1.7645
1.7219
1.891
2.2987
1.8649
1.9104
1.9892
1.7232
1.8684
2.1414
1.779
2.134
1.9835
1.7142
1.7863
2.0284
2.2907
1.854
1.5863
1.9422
2.0768
2.2655
2.1947
1.5853
2.1837
1.8852
1.8983
1.9405
2.1142
1.6342
1.9609
1.8848
1.6869
2.0459
1.8902
1.6823
2.0493
2.1944
1.8778
2.1567
2.5317
2.1166
2.1085
1.9254
1.8818
1.8665
2.0982
2.3038
2.0669
1.6156
1.9353
2.4511
1.8073
2.2875
2.1999
1.9663
1.662
2.0268
2.0575
2.3592
1.8789
1.857
2.3959
1.5388
2.4066
1.6679
1.9968
1.8435
2.0527
1.6873
1.9274
1.7289
1.9323
1.9799
1.9047
1.7926
1.9628
1.7588
2.5066
2.1279
1.9095
2.2129
2.4269
1.3747
1.9289
1.8976
2.1104
1.7868
1.7121
2.2988
1.6574
1.8091
2.0453
1.9212
2.0071
1.9689
1.9882
1.9562
2.0649
1.8954
2.1009
2.1749
1.9943
1.7896
1.8122
1.8009
2.011
2.3234
1.9592
1.8603
1.9835
2.1456
1.6988
1.8728
1.7757
2.209
1.8628
1.5653
2.331
1.9372
1.8003
1.6428
1.9368
1.9793
1.8439
2.0822
1.9034
1.9416
1.9342
2.1443
1.8478
1.7437
1.9879
2.0291
2.2641
1.5797
1.9815
1.9889
1.7994
2.0866
1.9282
2.0744
2.1728
1.9699
2.3032
1.8164
1.7721
2.1788
1.7979
1.8957
2.0983
2.1998
1.5985
2.0915
2.1925
2.1599
1.6994
2.319
1.8757
1.9444
1.6474
1.8174
2.0332
1.5735
2.2319
2.1349
1.9178
1.8828
1.5913
2.2551
1.9541
2.2749
1.8682
1.8088
2.0823
2.2005
1.7314
2.2955
1.8403
1.9846
1.9129
2.0708
2.0732
1.8754
2.1345
2.1542
1.9078
1.6891
2.0501
2.0554
1.6982
2.1118
1.7972
2.0523
1.7596
2.0358
2.0264
1.8558
2.1037
1.9045
1.9725
2.0043
1.7919
2.0944
2.0586
1.8707
1.9469
2.0206
1.8465
2.2067
2.0136
2.1374
1.9763
1.9806
2.391
2.1937
1.7664
1.7193
1.7656
1.882
1.7405
2.018
2.4823
1.9155
2.2841
2.2198
1.7589
1.9048
2.2433
1.7806
2.4319
1.9277
1.9966
1.9415
2.0618
1.9031
1.9725
1.8942
1.9156
2.0566
2.0362
1.8758
2.2907
2.6536
1.7509
2.1951
2.1394
1.644
2.2186
1.7756
1.9
2.1241
1.8036
2.0004
2.176
2.2276
1.9528
2.2447
1.8129
2.0981
2.0795
1.9257
2.1379
1.7099
2.187
1.8685
1.4857
2.0981
2.0612
1.8068
1.7713
2.0827
2.192
2.0878
1.9375
1.6419
2.1219
1.9213
2.0154
2.191
2.2132
2.2889
1.7244
1.9796
1.9382
2.2439
1.978
1.6761
2.1194
2.0008
1.7519
1.8909
2.3087
1.5455
2.2247
1.8204
1.9614
1.7003
1.8366
2.3054
1.8304
2.0662
2.2268
2.052
2.0179
1.9207
1.7758
1.9866
2.2688
1.8574
2.0153
1.9864
1.8284
1.8265
2.3511
1.9834
1.984
2.1956
2.091
2.1067
2.2072
1.8648
1.8224
1.7199
2.2668
1.9189
2.1964
1.9124
1.6425
2.6602
1.9292
1.7942
1.6527
2.1945
1.9403
2.0763
2.046
1.7848
1.9322
1.9734
1.9656
2.0389
1.9024
1.9676
2.0763
2.1353
1.7461
2.062
1.6452
2.1823
2.0286
2.0555
1.7561
2.1507
1.966
2.0416
2.0165
1.9876
1.9462
1.6368
1.8261
2.0695
2.6688
1.5147
2.7872
1.603
2.1339
1.8768
1.6762
2.1307
1.7111
2.2274
1.8573
2.0077
1.6941
2.3503
2.0194
1.5537
1.9379
1.8067
2.24
1.6398
1.6465
1.9673
1.9978
1.8513
2.314
2.2152
1.903
2.1641
1.8418
2.2614
1.9787
1.6507
2.3174
2.12
1.9398
1.8079
2.233
1.7624
2.2065
1.8047
2.14
2.1797
1.664
2.1226
2.2749
2.0087
1.9027
2.0503
1.7131
1.7602
2.1257
1.8406
2.3161
2.0476
2.0054
2.0116
1.9315
1.9239
2.0758
2.289
1.8058
2.1571
1.7991
1.9683
1.7057
1.5735
2.0018
2.0505
2.4652
1.8022
1.8712
1.8576
1.8949
2.2824
2.0075
1.8141
2.3584
1.6245
2.0628
1.7518
2.0915
1.8829
2.1293
2.2997
2.0011
1.6316
1.9796
1.761
1.7345
1.9541
1.8943
2.0165
1.9464
1.8946
1.7357
2.2901
1.7371
2.3287
2.0491
2.0782
2.141
1.8879
1.7985
1.9677
2.0623
2.1133
1.8379
2.206
2.0226
1.9744
1.7062
2.0685
1.9159
1.9837
2.3076
2.3441
1.7637
2.3367
2.0699
2.0211
1.7085
2.3321
2.0025
2.2143
1.656
1.8659
2.4717
1.383
2.5272
1.6885
1.86
1.8887
2.3263
1.7722
1.8484
2.1054
1.9037
2.1381
1.8962
2.0023
1.635
1.6063
1.9972
1.8331
1.5914
1.7117
1.8695
1.8883
2.2418
1.8471
1.7998
2.3342
1.7247
2.0449
2.0052
1.7461
2.2303
2.0826
1.8577
2.1863
1.9716
1.9973
2.1873
1.9109
1.7588
2.1497
2.0582
2.2859
1.5293
1.818
2.0184
1.9587
2.0744
2.1232
2.1203
1.8121
1.9459
2.1663
1.601
2.0482
2.0085
1.8658
2.4176
2.1204
1.9109
2.2381
1.7494
2.1074
2.0932
1.6871
2.0473
1.6047
2.049
1.942
1.8943
1.9427
1.9667
1.789
2.2872
2.2063
1.7898
1.9542
2.2258
2.3569
2.0723
1.5032
2.3487
1.5136
2.1597
1.9065
2.0644
2.0264
1.9807
1.839
1.9033
2.1388
2.2578
1.9181
1.9676
1.9962
1.9946
2.121
2.0247
1.5049
1.8486
2.0912
2.0981
1.7251
1.8464
1.4854
1.9872
1.6751
2.1276
2.1307
1.9902
2.0319
1.6298
2.4206
1.7507
1.7481
2.1414
2.5299
2.0807
1.8445
2.0374
1.91
1.7389
1.978
1.7689
2.6917
1.6638
1.6001
2.0897
1.8234
1.9617
1.6271
2.1848
1.9725
1.9057
1.643
2.0845
1.8278
1.8802
2.2616
1.8054
1.7169
2.2728
1.8774
1.6557
2.578
1.9794
2.3576
1.8097
1.7867
2.3091
2.173
1.6676
1.9235
1.6749
2.2763
1.8573
1.8732
2.0945
2.0578
1.9672
1.9035
1.8177
2.065
1.8714
1.8569
2.0256
2.0568
2.2781
1.9617
1.8533
1.8721
2.255
1.8495
2.24
1.9717
2.5856
1.65
1.9159
1.7528
2.3884
1.6816
1.6666
1.7129
2.0531
1.8733
2.5926
1.4203
2.171
2.4571
2.194
2.2396
1.8954
1.6196
2.017
1.884
2.0431
1.8756
1.9909
2.4201
1.6707
2.4198
2.0727
2.0832
1.8852
2.4433
1.7661
2.6715
1.8132
1.9105
2.1598
1.8385
1.7118
1.9055
2.0168
2.1882
2.1273
2.2801
1.5363
2.1635
1.9961
1.7608
2.24
1.8296
1.8152
2.026
2.1387
2.0785
1.7093
1.95
1.9524
1.842
2.4159
1.7852
1.6975
2.3761
1.6603
2.3871
1.8325
2.1081
1.5848
2.2616
1.9735
1.7467
1.7559
1.8357
2.5473
1.9738
1.9938
2.4405
1.7068
2.1809
1.6965
1.9841
1.8877
1.9953
2.0509
1.6282
2.177
2.409
1.8976
2.2869
1.9343
1.899
1.6364
2.1274
2.258
1.8356
2.288
1.491
2.1454
2.2641
1.8322
1.8666
2.2475
2.297
1.4251
2.2181
2.0278
2.062
1.881
1.9317
2.0643
1.563
1.952
1.757
1.8609
1.8498
2.0548
1.8265
2.1743
1.8973
1.717
2.5402
1.7138
1.5603
2.0715
2.3959
1.5916
2.1332
1.8849
2.3422
1.8707
1.759
2.1277
2.0944
1.9143
2.005
1.8191
2.0093
1.7741
2.2102
2.0591
1.8884
1.8094
1.9557
1.9554
2.2652
2.1021
1.7324
1.7997
2.1495
2.1797
1.9266
1.8448
2.0437
2.0549
2.2972
2.0254
2.0757
2.2474
1.6213
2.2175
2.0044
1.6946
2.0466
1.8462
2.05
1.8477
1.7568
1.8152
2.347
1.8024
1.8386
1.9101
1.4802
2.1835
1.9076
1.8077
2.6494
2.2428
2.2359
1.9695
1.6878
2.169
1.6639
2.7257
1.9294
1.9291
1.8967
2.65
1.6328
1.7648
1.9136
1.897
2.4645
1.8255
2.0183
2.4043
1.7878
1.6972
2.0231
2.1492
2.0795
1.9779
2.0737
1.8823
2.0384
2.0438
2.1308
1.6581
2.005
2.3077
1.552
2.4995
1.6035
2.1305
1.9809
1.7404
2.2199
2.1995
1.9563
2.3662
1.8406
2.2189
1.3457
2.205
2.5398
1.5664
1.9716
1.7434
2.169
2.3596
1.6082
2.7376
1.7057
1.7948
2.3498
1.8774
2.1727
2.0486
2.0152
2.2815
2.2765
1.6126
1.8986
2.2023
1.768
2.3259
1.8674
2.3994
1.8421
2.258
2.1703
2.0431
1.8062
2.2714
1.9764
1.7512
2.2726
1.8029
1.7777
1.8766
2.158
1.9259
2.3473
1.5448
1.8711
2.126
1.8919
2.2689
2.0068
1.9295
2.0714
1.8766
2.2219
1.7042
2.1355
1.5631
2.5106
1.771
2.0148
1.9363
2.2173
1.7248
2.5264
1.7392
2.0984
2.104
2.1705
1.8514
1.9572
2.1112
1.6586
2.4235
1.6466
2.4614
1.6767
2.015
1.9675
2.1232
1.5803
2.2646
1.7399
2.3234
1.9247
2.7126
2.0143
2.0931
1.7958
2.1556
1.9385
1.9542
1.8285
2.0001
2.1034
1.4069
2.3876
1.8838
2.0078
2.0804
1.8888
2.1557
2.3242
2.1851
1.8553
2.0233
2.0194
1.9765
1.9438
2.1618
2.0516
1.8277
1.7126
1.8742
1.7693
2.2913
1.4091
2.4397
1.8421
1.9995
2.0892
1.8404
2.2785
2.0447
1.6685
2.4917
1.9881
1.7952
2.3409
2.2261
2.2091
1.8193
2.0864
2.1445
2.2447
1.8511
2.0578
1.7743
2.0691
1.8795
2.4878
2.1275
1.6979
2.3877
1.9581
1.9705
1.9297
1.6691
2.0158
1.8433
2.0557
1.9589
1.8818
1.8749
1.6662
2.1736
1.9232
1.7756
2.0544
1.4391
2.2286
1.9066
1.9898
2.0764
1.7927
2.0116
2.1686
2.2609
1.7987
1.859
2.2063
2.1817
2.098
1.9758
1.7498
2.1844
1.9571
2.1459
1.9249
2.3441
1.7215
1.8239
1.6916
1.9723
1.9484
2.2509
2.406
1.9761
2.0138
1.6229
2.0559
1.8331
2.4706
2.0412
2.2968
2.0742
1.808
2.1507
1.5797
2.1404
1.8836
2.6948
1.6872
1.519
2.2689
1.9419
1.991
2.0315
2.1085
1.9663
1.9128
1.9053
2.4176
1.739
1.9315
2.0638
1.6843
2.2164
1.7954
1.542
2.301
1.8702
1.8549
2.1325
1.9721
2.1847
1.5976
2.0784
2.0984
1.8513
2.3763
2.0853
1.3716
2.0532
2.2295
2.0446
1.7631
2.2793
1.8375
2.3123
1.8391
2.1584
1.9327
1.4501
2.1383
1.803
2.4279
1.8016
1.8065
1.8774
1.861
2.0405
2.1042
1.7652
2.077
2.3151
1.7148
2.1267
1.8183
1.8954
2.054
2.1259
2.5026
2.0187
1.7708
1.9832
2.0217
1.7729
2.0797
1.9774
1.8871
1.8871
1.8111
2.1408
1.8799
1.9729
2.4947
1.6339
1.566
2.1745
1.672
2.1022
2.1977
1.8653
2.5318
2.2244
1.618
2.0839
1.8693
1.637
2.0744
1.5754
2.2305
1.8753
1.9216
2.092
1.8112
1.8966
2.2351
2.0016
2.1571
2.0305
1.937
2.0694
1.8596
2.073
1.8443
1.9081
1.902
2.0015
2.4382
2.008
1.5113
2.3533
1.7836
1.6458
1.7347
1.9135
2.4259
1.587
1.836
2.1042
1.966
1.9887
2.1422
2.035
1.8242
1.7742
2.2215
1.8769
1.7756
2.1074
1.5992
2.1017
1.7692
1.9435
2.3812
2.2695
1.9888
1.9916
1.5353
2.1831
1.9652
2.2067
1.8816
2.0158
2.1663
1.7062
1.9675
1.8303
1.9916
2.2129
2.0668
2.2895
1.7445
2.4701
2.1171
2.0254
1.7068
2.0097
2.5498
1.9564
1.8953
1.8702
2.1066
1.8606
2.1562
2.1254
2.3453
1.7815
2.0872
2.1005
2.0505
2.0703
2.427
1.797
1.7278
1.7119
1.9612
2.2595
2.1828
1.7653
1.9282
1.6548
2.1019
1.9863
1.92
1.8653
1.4546
2.2751
1.5628
2.1508
2.0391
2.1531
2.1827
1.629
2.4779
1.88
2.3366
1.6915
1.9385
2.0562
2.0605
1.6798
2.1099
1.7796
1.8392
2.3751
2.3435
1.514
2.1828
2.2181
1.8649
1.9712
2.0965
1.5854
1.9518
2.1833
1.6134
2.5024
1.7981
1.8591
1.9473
2.17
2.0343
1.8717
1.9739
1.8
1.8199
2.3885
1.8727
1.5169
2.509
1.7366
2.1765
1.8408
1.9302
1.7989
2.2909
2.1613
1.9298
1.7092
1.7056
2.4459
1.7366
2.3644
1.6952
2.4367
2.1613
1.8432
1.4909
2.5003
1.9378
1.7928
2.0864
1.6618
2.1106
1.8971
2.2753
1.3798
2.2505
2.0269
1.7715
1.8701
1.9224
2.1114
2.4072
1.5107
2.1792
1.78
1.9985
2.219
1.8031
1.9499
2.1933
2.0634
2.3533
1.7645
2.1016
2.1368
1.8889
2.057
1.9191
1.6807
2.2554
1.799
2.1728
1.8381
1.6053
1.9397
2.3063
1.6625
2.1568
1.8924
1.6913
2.1644
1.6886
2.0605
2.3326
1.8465
2.4018
2.0836
1.9706
1.7434
1.8085
1.9953
1.8094
1.787
2.0193
2.1886
1.7762
1.9542
1.6972
2.0238
1.9232
2.2226
1.9027
2.0053
2.2131
1.9212
2.2152
1.6455
1.839
2.4968
1.7341
1.8012
2.3619
1.8453
1.7562
2.4288
1.9091
2.1582
1.8607
2.3164
1.9639
2.0461
2.0206
2.4914
1.6786
2.473
1.8166
2.0308
1.7685
1.6314
2.2122
1.9054
1.9704
2.2992
1.5507
2.3313
2.2608
1.9441
1.6889
1.8024
1.8118
2.5147
1.8887
2.117
1.7211
2.3098
1.8308
1.6321
2.149
1.9433
1.8407
2.001
2.2767
2.0761
1.8763
2.4185
1.8947
2.279
1.6083
1.868
2.255
1.8035
1.983
2.2682
1.3545
2.2728
1.8187
2.2273
1.9365
1.8205
1.7615
2.0002
2.3889
1.5933
1.8825
1.9776
2.3553
2.1752
1.6147
2.2468
1.9607
2.2147
1.9689
2.4189
1.7856
2.3671
2.0816
1.4795
1.7986
2.1464
2.0743
1.6687
2.4121
1.8731
1.5605
1.7981
2.5755
1.8362
1.8905
1.8914
1.8676
1.7363
2.0334
2.094
1.9883
2.1031
1.9597
1.8284
1.9282
2.2429
1.3334
2.1218
1.8256
2.0423
2.2538
2.0596
2.0634
1.6218
2.341
1.7644
2.0183
2.0131
2.3037
2.1447
2.0451
1.7382
2.1527
1.9769
1.974
1.8463
1.9412
2.0453
1.9709
1.9109
1.8351
2.6309
2.0931
1.8341
1.7163
2.0351
1.9658
2.1859
2.0189
1.5092
2.1533
2.4368
2.3015
1.6345
1.972
1.7957
2.2607
1.8137
1.8251
2.0478
2.1375
1.7773
2.1101
2.0917
1.8936
1.7733
2.0621
1.9161
1.892
1.5597
2.2393
2.1407
2.1531
2.2603
1.7872
2.1961
1.8375
2.0273
1.7397
1.7615
2.036
2.151
1.8049
2.3834
2.0341
2.1499
2.1838
2.2915
1.5545
1.9258
2.0145
1.882
1.7193
2.295
1.9014
2.0897
1.915
1.8025
1.9701
2.0438
1.9967
2.2378
1.8587
1.9408
2.0143
1.8496
1.9403
1.9339
2.2435
2.3216
1.847
2.0744
1.9652
2.0429
2.1799
2.1897
2.2112
1.4706
1.871
1.8524
2.0652
1.9162
2.0708
1.9377
1.9119
1.9975
2.1377
2.4209
2.0524
2.1602
1.9813
1.8762
2.1957
2.0188
1.4995
2.6487
1.5599
2.0513
2.0756
2.0557
2.2569
1.945
2.0221
1.9704
1.8355
2.1937
2.3649
2.4085
2.4426
1.7672
1.9687
2.4398
2.2698
1.9552
1.9323
2.1349
1.8988
1.7767
2.153
2.1132
1.6957
1.9773
2.2314
2.1494
1.9438
1.8126
1.9033
1.8556
1.9461
1.6942
2.6824
1.7661
2.3788
1.8847
1.7719
2.339
1.8159
1.8202
2.1313
2.0845
1.7419
1.6064
2.1555
1.8919
1.8869
2.0815
1.8756
1.9053
2.016
1.7792
1.8184
1.9238
2.1256
2.2098
2.0429
1.8466
1.8699
1.9826
2.3308
1.6443
1.8761
2.2581
2.204
2.1809
1.7597
2.2327
1.7626
2.3935
2.0296
2.0133
1.5836
2.1903
1.9913
2.0511
1.6943
2.2408
2.047
1.7524
1.7658
2.4739
2.2025
2.1377
1.6906
2.3967
2.0003
2.1338
1.9167
2.0114
2.0812
1.9736
2.1609
1.9788
2.1284
2.1761
2.2373
2.0639
1.7455
1.6883
2.0678
1.6706
2.5313
1.8999
2.0382
1.6362
1.8312
2.5016
2.1048
1.58
1.9654
1.9618
2.2623
1.6878
1.8635
2.2532
1.7674
1.9522
1.7845
2.2254
2.0124
2.223
2.0324
1.7874
1.7277
2.0436
1.7264
2.0167
2.2964
1.9094
2.233
1.887
2.0148
1.9156
1.8341
1.9357
1.8901
2.1475
2.0928
1.7029
2.0091
2.4375
1.9609
1.9645
1.6383
1.9835
1.6456
2.2754
2.3232
2.0806
1.6653
2.0351
2.092
1.7481
1.9657
1.8585
1.9513
2.2749
1.578
2.1691
1.8331
1.9639
2.0591
1.8426
2.2204
1.4598
1.9056
2.0694
2.3311
2.0131
1.9177
1.841
2.1063
2.1668
2.1523
1.8792
2.2548
1.8902
1.7318
1.9958
2.3597
1.7591
1.8412
2.0188
2.0679
1.6469
1.8101
2.0356
1.7914
1.6765
2.5507
1.7176
1.9691
1.9373
1.8748
2.0684
2.1187
1.3191
2.2584
1.894
1.9102
2.0217
2.1788
1.8229
2.2938
1.8896
1.8902
2.0118
2.1853
2.0538
2.0076
1.9195
1.9052
1.7024
2.1814
1.86
2.1028
1.9407
1.9199
1.8394
1.9587
1.9372
2.0767
1.8176
2.0207
2.0896
1.7867
1.7133
2.063
1.8631
2.1564
2.2094
1.9721
2.2128
1.8465
2.1158
2.0516
1.8633
2.0062
1.8406
1.572
1.8956
1.6393
2.2751
2.0484
2.2259
1.7064
2.1869
2.2143
1.8006
1.9165
2.0391
2.01
1.8665
2.1056
1.8301
1.998
1.9851
1.9787
2.2711
1.805
2.0208
1.86
1.8878
1.6585
1.9746
2.2039
2.0578
1.5774
2.3605
2.0565
1.7949
1.6053
2.5796
1.7678
2.4357
1.754
1.7947
2.0736
1.8915
1.7968
2.2451
2.3598
2.1272
1.665
1.7676
2.236
1.8776
1.7253
2.1392
1.6517
1.9497
2.2494
2.3106
1.6317
1.9905
2.0914
2.2149
2.2647
1.9169
2.3432
1.8828
1.9132
1.8449
1.7816
2.1303
2.053
2.1105
2.1567
1.9104
2.0446
1.7871
2.2362
2.0803
1.926
1.6503
1.9605
1.8309
2.1467
1.6937
2.365
1.7187
2.2658
1.9135
1.7078
2.1055
2.0568
1.7678
1.9742
1.8789
1.7769
2.2081
1.7754
2.0705
1.9365
2.1034
1.8728
2.087
1.9097
1.7515
2.3934
2.1232
1.9798
2.0204
2.1732
1.7507
2.3136
1.8525
2.0842
1.9117
2.38
1.9675
2.0559
1.4542
1.8165
2.5374
1.5315
2.124
1.8144
2.2986
2.032
2.0627
2.0351
2.1305
2.1108
1.8324
2.0901
2.0379
1.7941
2.1404
1.6137
1.9191
2.4634
1.8646
1.7873
1.8915
2.0834
1.9
2.0191
2.2892
1.9243
2.2857
1.9401
1.9497
1.5588
2.6365
1.773
2.0127
1.8449
2.2945
1.7929
2.1491
2.1006
1.9654
1.9155
1.8978
2.3265
1.8606
1.9987
2.0657
1.7847
1.9976
1.8472
1.8445
2.1742
1.3114
1.9898
1.9831
2.4579
1.9372
2.11
1.8644
2.0978
2.3494
1.5057
1.9574
1.9063
2.2982
1.5304
1.9488
1.4129
1.7827
2.4379
1.9845
1.9813
1.8299
2.1243
1.8842
1.9199
1.971
1.9117
2.0419
2.0318
1.8462
2.2479
1.7145
2.3678
1.8736
1.8949
2.0287
2.2372
1.6721
1.9901
2.1672
1.7258
1.7999
1.9782
2.1177
1.8663
2.0419
1.8546
1.9015
2.0666
2.0106
2.2402
1.744
2.0918
1.9136
2.3872
2.0779
2.12
1.6615
1.9585
1.9447
1.7834
2.263
1.8577
2.0018
1.5282
2.0244
2.3882
1.6263
2.0021
1.6057
1.9903
2.17
1.5871
1.8921
2.3563
1.9106
1.6472
2.1101
1.4676
1.8708
2.4187
2.0518
1.7539
2.3193
1.75
1.9052
2.2901
2.2132
1.4144
2.1749
2.0485
1.7604
1.8877
1.8401
2.0578
1.9
2.2593
1.5022
2.0684
1.7828
1.4498
2.7503
1.6269
1.8965
2.0098
2.2101
1.9925
2.1272
1.8746
1.9806
2.4474
1.7178
1.6686
1.8772
2.1267
1.8271
2.1873
1.9317
2.4626
1.8563
1.6687
1.7188
2.2574
2.3495
1.8016
2.0545
2.035
1.8149
1.6424
1.5571
2.297
1.8141
2.2096
1.9644
1.9056
1.5458
1.9836
2.4167
1.9962
1.7435
1.8642
1.4489
1.4977
2.5025
2.0499
1.7323
1.9655
2.0554
2.2583
1.9826
1.8854
1.9372
2.3048
2.2522
1.924
1.6437
2.3812
1.9727
2.1252
2.0048
1.9258
2.2127
1.8519
2.0088
1.9229
1.8492
2.1641
2.4016
1.8145
1.5922
2.4186
1.9568
1.9479
1.9956
1.5675
1.9461
1.9671
1.945
2.031
2.172
1.8687
1.9294
2.4257
1.8842
2.0576
1.9933
1.7966
1.6852
2.0197
1.7107
2.2976
1.7893
1.8708
1.942
1.7747
1.7519
2.2318
1.8102
1.9377
1.8331
2.2784
1.6161
2.053
1.7767
1.9234
1.7251
2.2158
1.8497
1.831
2.1854
1.6844
2.1229
2.0389
2.1517
1.9261
1.8358
2.0513
1.7664
1.9337
1.9603
1.7331
1.9457
1.9716
1.9759
2.1734
2.3098
1.9477
1.8682
1.7346
2.2996
1.657
2.0291
2.0664
1.8727
1.8235
2.2038
1.5154
2.0689
2.1296
1.8308
2.2539
1.6092
1.9247
2.1778
2.1156
2.2738
2.0798
2.0898
1.5059
2.1604
1.9301
2.1413
1.8287
2.0103
1.8854
2.2205
1.8582
2.062
2.0748
1.7821
1.994
2.171
1.7465
2.8012
1.6761
2.2936
2.0702
1.6974
2.352
2.1938
1.6325
1.5884
2.3467
2.0532
1.913
2.2604
1.7652
1.8757
1.9891
1.8995
1.8685
1.8933
2.0438
1.7551
1.7446
2.306
1.9118
1.9999
1.7078
2.3449
1.7885
2.3076
1.5421
2.2916
1.6099
1.886
2.283
2.1833
1.9372
1.8408
2.3018
2.0656
1.8505
1.8568
2.2469
2.4695
1.6162
2.2283
1.9278
2.5025
1.6279
1.8601
2.2672
2.0681
1.8747
1.9087
1.9006
2.0874
1.6668
1.7785
1.9682
2.1888
2.053
1.8558
2.5111
1.9535
2.2178
2.123
1.8078
2.1576
1.9165
2.157
2.0501
1.8073
2.3522
1.8265
1.51
2.1268
2.119
1.9228
1.9212
1.8364
2.2041
1.9865
2.0916
2.0232
2.0354
1.9911
2.0947
1.8546
1.8492
1.9199
2.4651
1.7015
2.0205
2.7263
1.6098
1.9394
2.1312
1.8688
1.8204
2.1551
1.9613
1.9931
1.9791
1.9217
2.1587
1.9101
2.3561
1.7651
1.9772
1.7246
1.8511
2.1039
1.6934
1.9078
2.1857
2.0326
2.0511
2.0414
1.6518
2.1131
2.1182
1.9771
2.2547
1.8516
1.9105
2.1955
2.1111
1.7625
2.0015
1.7708
2.1207
2.4429
1.8353
2.021
2.5624
1.8829
2.1857
1.7335
2.2411
1.7516
1.8606
1.6202
2.1565
2.0523
1.6353
1.8744
2.1358
2.0422
1.7758
1.9758
1.8129
1.9189
2.1518
1.6544
1.8374
2.2731
2.1738
1.7226
1.9106
1.9906
1.8111
2.045
1.9011
1.8969
1.5806
2.1201
2.0401
1.7747
1.7943
2.2659
1.9386
1.6197
1.814
2.2109
1.708
2.0116
1.7397
2.0036
2.0262
2.1935
1.5877
2.1391
1.7671
2.0428
2.0163
1.7551
2.0035
1.5775
2.0361
1.9872
1.992
2.2568
1.8259
1.9327
2.0769
1.752
1.8631
2.6048
1.5976
2.0515
2.3186
1.6184
1.8496
1.6846
2.3663
1.8981
1.9972
1.6811
1.8928
1.8759
1.8758
1.9592
1.5121
2.2559
2.1623
1.8473
2.5778
2.1028
1.8116
2.0425
1.6486
2.2548
2.2461
1.9622
1.975
1.9708
1.9145
1.7474
2.0162
1.9132
1.9798
2.31
1.7249
1.9578
1.8516
1.9537
1.8651
2.2381
2.0326
1.7764
1.8708
2.3527
1.7026
2.3005
1.7803
1.5276
2.0679
2.3409
1.7573
1.5397
2.5867
1.9734
1.976
2.594
1.6028
1.8408
1.8571
1.9424
2.1495
1.6365
1.9005
1.9991
1.6469
2.1548
1.9485
2.2001
2.1698
1.8964
1.9071
1.6927
1.9661
1.9979
1.796
1.8811
2.1841
2.0549
2.0772
2.1181
1.9223
1.8128
1.9343
2.2833
1.9851
2.0477
2.0842
1.7308
1.9573
1.7358
2.0084
2.0534
1.9092
1.8292
1.7617
2.2919
1.5649
2.0587
2.1592
2.1745
1.7007
1.9518
2.0025
1.9793
2.041
2.2054
1.6686
1.9818
2.3817
1.8153
1.911
2.338
1.7123
2.2302
1.3317
2.0647
2.0939
1.7708
2.0885
2.2694
2.0416
2.1057
1.8332
2.158
2.2784
1.6261
1.7765
2.2082
1.9096
1.95
2.3293
2.5324
1.9239
1.9223
2.1862
1.6912
2.2485
2.5266
1.4046
1.9579
2.2158
1.5948
1.9737
2.1869
1.5057
1.9008
1.774
1.9482
2.2411
1.8824
2.1114
1.7007
1.9967
2.159
2.1973
1.7635
2.1921
2.0245
2.1768
1.9362
1.689
2.2413
2.2883
1.8095
2.0225
1.8748
2.3236
1.9501
2.0961
1.9228
1.8005
2.0396
2.3181
1.9241
2.2136
2.0197
1.698
1.7063
2.336
2.1276
1.7012
1.8713
2.2726
2.0433
2.041
2.2404
2.0428
1.8216
1.7769
1.8508
2.2616
1.6117
2.2218
1.8341
2.0585
1.8499
2.3941
1.6319
2.221
2.0181
2.0387
1.854
2.4934
1.8253
2.0125
1.7541
2.2272
2.1547
1.9384
2.1672
2.0239
2.1834
2.2295
1.8115
1.9775
1.7357
1.792
1.947
2.3395
1.7225
2.0032
2.3065
1.6042
2.322
2.1621
1.7598
1.7066
2.0912
1.8291
2.426
2.3004
1.8081
2.1434
1.9771
2.0293
1.5727
2.4657
2.0928
1.8573
2.3472
1.7609
1.8566
2.0393
2.0786
2.1031
2.1294
2.271
1.8678
1.8535
1.9999
2.0587
1.5798
1.672
2.1745
2.07
2.2293
1.7606
2.1418
1.9769
2.056
2.3384
1.8667
1.9524
2.2105
1.8442
1.9665
1.9976
1.6272
1.8708
1.8801
2.0852
2.153
2.0384
2.136
1.8573
2.1772
1.5893
2.1424
1.7802
2.4999
1.467
2.0536
1.8121
1.9756
2.1031
1.6964
2.2253
1.8677
1.6478
2.0437
1.8567
1.9338
2.1413
1.906
1.6999
2.3777
1.8772
2.2969
2.2894
1.8548
1.9075
1.7247
1.7754
2.0305
1.8711
2.0444
2.0699
2.6305
1.8288
2.0358
1.8584
2.0033
2.4239
1.5522
2.2182
2.2294
2.0038
1.5534
2.3152
1.9608
2.0421
1.5473
2.1803
2.2617
2.2344
1.7048
2.0337
1.5654
2.4052
1.9418
1.6901
2.1993
1.5029
2.3684
2.2396
1.7037
2.1938
2.1941
2.094
1.6014
2.0577
1.9935
1.8159
1.9522
1.6335
1.9253
2.0928
2.097
1.8037
2.1288
2.0342
2.4375
1.9459
1.6557
2.2745
1.9097
2.2206
1.7363
2.1099
2.1825
2.085
1.7464
2.0362
2.1813
2.3986
1.7403
2.0389
1.968
2.0597
2.0712
1.9347
1.8975
2.1095
1.8147
1.999
1.8487
2.1129
2.0176
2.0928
1.8293
1.8021
1.8035
2.2914
1.9294
1.8976
1.6386
2.2343
1.9787
1.912
2.0352
2.2629
1.5605
2.2784
1.9715
2.0782
1.4694
2.0777
1.8806
1.9669
1.9959
2.1602
1.8874
2.312
2.2656
1.5779
1.98
2.0573
1.9756
1.9806
2.025
1.5124
2.1609
1.547
2.4007
1.9298
1.905
2.0207
2.2928
1.7314
2.0784
1.8242
1.946
2.0982
2.221
1.6419
2.0547
2.2111
1.7583
2.2221
1.943
1.9936
1.6044
1.6738
2.3487
1.5546
2.3714
2.0129
1.7325
2.2337
1.8275
1.5189
2.1465
1.7571
1.9761
2.1007
1.7704
2.0419
1.8794
2.1412
1.6649
1.9726
2.1548
2.0864
1.9444
1.6837
2.0242
2.0528
1.9363
1.6252
1.9063
2.5944
1.9577
1.9438
1.942
1.6759
2.0772
2.1747
2.0699
1.7245
2.0052
1.9086
2.0333
1.9497
1.8403
2.1179
1.7049
2.3519
2.3473
1.8996
2.0107
2.2275
2.2118
2.2326
1.8806
2.0664
1.8417
2.2017
1.7002
1.9905
2.1209
2.0481
2.1002
2.1075
2.2871
1.8399
2.1642
1.8792
2.1509
1.8556
2.0967
1.6888
2.2608
1.6272
2.2919
2.0702
2.12
1.9028
1.8134
1.8635
2.0227
2.2278
1.7659
1.9127
1.8939
2.1102
1.8566
2.0072
1.9083
2.3286
1.764
1.8288
2.0845
1.9445
2.2347
1.8797
1.6721
2.0631
2.0963
1.6916
2.2117
2.4685
2.082
2.1365
1.5953
2.2717
2.4312
1.8547
1.6554
1.9915
1.7851
2.4465
1.9426
2.2319
2.0415
1.7483
2.1473
1.8581
2.3043
1.6366
1.7833
2.5014
1.598
1.8997
1.7683
1.9099
1.8329
1.9829
1.4123
2.3905
1.8944
1.86
2.1073
1.6441
2.2825
1.8662
1.7996
2.3133
1.7969
1.9244
2.0847
2.0914
1.8701
2.2765
1.8692
2.1968
2.5898
1.8985
1.6998
2.205
1.7266
2.0045
2.2109
1.7587
1.8678
2.2732
1.9181
2.1139
1.7911
2.0661
1.8583
2.0856
2.1373
2.1171
1.6952
1.9732
1.9915
2.2282
1.7314
1.9432
1.9838
2.0208
2.2626
1.7391
2.0968
1.9985
1.8732
1.9803
2.4615
1.9532
1.7594
2.1041
1.7208
2.0492
1.8352
1.9545
1.6579
2.0757
1.9322
2.1574
1.9059
1.775
2.0623
2.0311
1.9644
2.1829
1.699
1.8759
1.8892
2.1818
1.8267
2.2734
2.0194
2.2035
1.8492
1.8338
1.9138
1.9014
2.0311
1.9484
2.0689
2.0324
2.1001
1.9609
1.7516
2.0156
1.8906
2.2514
1.9405
2.2473
1.8062
1.8408
2.0603
2.1618
1.3782
2.0775
2.1907
1.6109
1.8237
2.3028
2.0121
1.6858
1.8708
1.7893
1.8578
1.7235
2.0254
2.1477
1.7426
2.0212
1.8379
2.1209
2.093
1.9693
1.6123
2.1342
2.0545
2.0629
1.9464
2.0922
1.9194
1.8417
2.2129
1.9758
2.028
2.2213
1.758
1.9019
2.2946
2.2334
1.9417
1.7413
2.1633
2.0227
1.9159
1.6684
2.7822
2.1561
1.8975
1.621
2.3323
1.732
2.009
1.8601
2.0147
2.3812
2.1143
1.585
1.8488
1.8986
1.8882
2.2564
1.7297
2.0377
1.9845
1.7791
1.6155
2.2851
2.0267
2.1296
2.1192
2.2542
1.7392
1.8003
2.283
1.9595
1.8625
1.8281
1.9354
1.9339
1.8216
2.0577
2.0715
2.0376
2.0763
2.2777
2.0844
1.8136
1.8496
1.9501
1.8593
1.993
2.254
1.6381
2.2175
2.1411
1.6334
1.8674
2.2483
1.5739
2.4047
1.849
2.2293
1.7508
1.7053
1.89
1.9878
1.9126
2.2261
1.5483
1.9914
2.2081
1.9331
2.2286
1.7985
2.1689
1.8615
2.1304
1.8382
1.9613
1.7876
2.2057
1.7018
1.7727
2.0915
2.2223
1.4669
2.0407
1.8771
2.036
1.426
2.0735
1.7194
1.8687
1.9671
1.879
2.1506
2.5872
1.6081
1.8905
1.8883
1.9839
1.9544
2.1159
1.8871
1.8679
1.9428
2.0213
1.804
2.0486
2.32
1.6937
1.8849
1.8216
1.8619
2.2511
1.8095
1.7008
2.2866
2.2513
1.9076
2.0782
2.2808
1.8445
2.1818
1.8858
1.9363
2.0986
1.8371
2.1113
2.0676
1.9226
1.8565
1.6373
2.3039
2.2319
1.8416
1.9453
2.123
2.5015
1.7925
1.6812
2.0134
1.841
1.8154
1.9731
2.1948
2.0759
2.2178
1.7969
2.4633
1.8013
2.4483
1.9501
2.0706
2.1946
1.7458
2.2575
2.0425
1.893
1.9232
1.7062
2.025
1.9649
1.7968
2.3787
1.9893
1.8074
2.3435
1.6287
2.0073
2.0308
2.2612
1.6448
1.9778
2.0589
1.9912
1.7393
2.0351
2.1353
1.8828
1.6349
2.2303
2.3465
1.5665
2.4074
2.0949
2.515
1.7822
1.8278
1.9598
1.6635
1.9555
1.8982
1.7867
1.7412
2.1781
2.0963
1.8089
1.8434
1.4865
2.2931
1.6598
1.9337
1.8378
1.7424
1.9903
1.9568
1.8383
2.0155
1.8433
1.7788
1.8046
2.2556
1.934
1.7427
2.1803
2.1328
1.8415
1.8606
2.1021
2.4609
1.9578
2.243
1.5751
2.0272
1.9105
1.761
1.7123
1.9398
2.0259
1.3689
1.8321
2.5704
2.0168
1.4654
2.4606
1.9259
1.9725
1.9982
2.2648
1.8229
1.5684
1.993
2.0433
2.1048
1.9799
1.7233
1.6085
2.4278
2.3465
2.0139
1.9207
1.8467
2.4438
1.9223
2.1448
2.0503
2.2698
1.9269
1.9909
1.7881
2.0625
2.0713
1.942
2.1324
2.0207
1.7607
1.887
2.0585
1.8422
1.7982
1.6402
2.0469
1.9949
1.6738
1.941
2.0297
1.9405
2.361
1.7835
1.9701
1.6982
2.3855
1.4817
2.1352
2.3665
2.3643
1.8586
1.5766
1.9024
1.9665
2.0767
1.563
2.1802
1.6526
1.8549
2.3702
2.3015
1.8507
1.8253
2.4845
2.0305
1.7283
2.0134
2.4913
2.066
1.6644
2.1885
2.3102
1.9273
2.2675
1.88
2.1556
2.147
2.0381
2.082
1.8538
2.4218
1.756
1.9672
1.9122
1.8225
2.2465
1.8585
1.9027
2.1827
1.2017
2.3676
1.6688
1.9586
2.2411
1.9601
2.2032
1.9293
2.0025
1.7651
1.8058
2.2288
2.0966
2.0767
2.2014
1.9362
2.0733
1.8272
2.2036
1.7038
1.984
2.3838
2.1346
1.7069
1.9181
2.0523
2.219
1.8072
2.182
1.6242
2.3539
1.8123
2.455
1.8565
1.8593
1.8678
1.9819
2.0662
2.2028
2.2169
1.5584
2.1144
1.7307
2.1568
1.907
1.9209
2.0025
1.9233
2.2452
2.0629
1.9497
2.1564
1.8815
1.6937
1.8342
1.9316
1.9599
1.6838
1.8595
2.1573
1.7717
2.2524
2.087
1.6802
1.9662
2.2646
1.7874
2.0655
2.3376
1.6323
2.1853
1.8161
1.9472
1.9419
1.8554
2.151
1.73
2.2441
1.7428
2.2187
1.6809
2.3668
2.0179
2.1407
1.8002
2.4515
1.7301
2.283
2.1124
1.6685
1.8554
1.9168
2.2388
1.7684
1.4131
2.132
1.9734
2.0253
2.2155
2.0586
1.8369
2.2427
2.0949
1.9599
2.2116
2.276
1.8696
1.9262
1.9909
1.6857
2.2151
1.6015
2.189
1.7095
1.9898
2.2356
1.3341
1.8871
2.1608
1.9934
1.9177
2.1009
1.8308
1.9115
1.9381
2.6958
1.7071
2.0737
2.1516
1.9363
1.828
1.8267
1.9353
1.8761
2.4736
1.784
2.261
1.8719
1.7949
2.072
1.6933
1.9362
2.2004
1.7921
2.0727
1.4361
2.3915
2.692
1.8075
2.0485
2.1659
2.0167
1.6581
1.6097
2.3211
1.8507
2.2083
2.1352
1.8747
1.9534
1.8199
1.8468
1.9217
1.9166
1.7825
2.1835
1.942
1.914
1.7411
2.4481
1.446
2.1038
1.5706
2.4659
1.8141
1.7513
2.0712
1.6614
1.9188
1.9584
2.0061
1.9139
2.4847
1.6727
1.9025
1.9573
1.7903
1.6314
1.6364
2.6555
1.8171
1.5051
1.8967
2.3763
1.839
2.0338
2.0282
2.1995
1.8432
2.3598
2.0701
2.1877
2.1442
1.914
2.0575
1.9274
2.5051
1.8254
1.4779
2.3441
1.7467
2.0233
1.9704
1.633
2.2557
1.8655
2.0497
1.8357
2.3626
1.8964
2.0144
1.7921
2.0999
1.9639
1.802
1.9866
1.6948
2.0319
2.0444
2.087
2.155
1.334
2.2332
2.2544
1.6454
1.9788
1.5286
1.9619
2.2512
1.9521
1.9391
2.8578
1.9543
1.8797
2.3033
1.8557
1.9719
2.1196
2.2948
1.5671
1.9292
2.1638
2.2835
1.6126
1.9619
1.8157
1.7676
2.4804
1.5866
1.9864
2.392
1.7675
2.2789
2.3681
1.6163
1.5833
2.159
2.4136
1.9888
1.9355
2.1605
2.0174
2.0559
1.9351
2.159
1.7317
2.0181
2.186
1.6254
1.7141
2.3358
1.8787
2.3093
2.4626
1.7966
1.7523
1.6787
2.0772
2.0417
1.8172
2.2269
1.7844
2.1584
2.0943
2.0311
2.1318
1.9671
2.0671
2.4952
1.9578
1.8017
2.0996
2.0163
1.954
1.9505
1.5426
1.6614
2.6095
1.9475
2.5996
1.692
1.6723
2.2028
1.7031
2.0131
2.3336
1.806
1.9355
1.942
1.8075
2.1063
1.7846
1.8641
1.9478
2.0301
2.0482
1.8319
1.7503
1.7585
2.434
1.8952
1.9548
2.718
1.6004
2.0777
2.2969
1.9713
2.0924
2.0579
1.7246
2.316
1.9867
2.2
1.9829
2.1183
1.579
