0.5595
0.7141
0.6325
0.6233
0.7279
0.7244
0.7134
0.6164
0.692
0.703
0.6802
0.6399
0.6116
0.6129
0.631
0.6866
0.7164
0.6128
0.6764
0.6573
0.6264
0.5948
0.7249
0.683
0.6841
0.6859
0.6579
0.6672
0.5881
0.7816
0.6484
0.661
0.8106
0.5811
0.6513
0.5199
0.7422
0.6832
0.532
0.6981
0.6347
0.7392
0.6151
0.573
0.6214
0.6401
0.6769
0.7443
0.5865
0.6627
0.6995
0.712
0.6266
0.646
0.6468
0.68
0.7765
0.563
0.689
0.806
0.7674
0.654
0.7738
0.5646
0.7527
0.5954
0.6406
0.7305
0.7063
0.5797
0.6827
0.5949
0.6962
0.6447
0.6495
0.5802
0.6696
0.6443
0.5681
0.7886
0.5613
0.6478
0.8043
0.5649
0.7007
0.6728
0.5916
0.678
0.6921
0.7366
0.6758
0.6961
0.6444
0.6382
0.6486
0.7258
0.6026
0.786
0.6791
0.7128
0.5848
0.6339
0.6803
0.7021
0.6671
0.6765
0.7622
0.6609
0.6449
0.6809
0.6039
0.6518
0.786
0.6301
0.5034
0.7327
0.6488
0.7221
0.6333
0.6712
0.6066
0.6769
0.6679
0.6105
0.665
0.7279
0.608
0.6624
0.6221
0.7188
0.6311
0.6885
0.6889
0.712
0.6643
0.5783
0.7668
0.5537
0.7423
0.7057
0.7836
0.4829
0.6052
0.7052
0.7265
0.6557
0.665
0.7571
0.6861
0.6738
0.6928
0.6468
0.6835
0.6585
0.7439
0.7357
0.5748
0.638
0.6966
0.6651
0.6666
0.6138
0.7817
0.5897
0.7427
0.6538
0.7414
0.4882
0.7621
0.6617
0.5486
0.737
0.5821
0.7639
0.5956
0.6521
0.6157
0.6931
0.7095
0.6067
0.6307
0.6975
0.6996
0.6705
0.5967
0.7876
0.5927
0.6114
0.7374
0.6864
0.5995
0.6705
0.6281
0.6205
0.7004
0.6021
0.7434
0.6472
0.7508
0.5635
0.6469
0.6848
0.7016
0.6208
0.6122
0.7401
0.5641
0.7472
0.787
0.5886
0.696
0.6569
0.7621
0.5848
0.754
0.6445
0.6743
0.6895
0.7078
0.6676
0.6705
0.6633
0.5569
0.7036
0.6726
0.6378
0.624
0.7605
0.7743
0.6882
0.5998
0.7098
0.6831
0.5866
0.6319
0.5638
0.7433
0.5614
0.6186
0.7746
0.6314
0.6297
0.6645
0.7096
0.5653
0.6867
0.6586
0.7349
0.6225
0.6443
0.7677
0.7059
0.5369
0.7108
0.6143
0.6756
0.6169
0.7627
0.6222
0.6814
0.7232
0.6812
0.5571
0.646
0.6821
0.8007
0.6097
0.6473
0.7008
0.6659
0.6352
0.7505
0.6395
0.6157
0.6363
0.7799
0.5906
0.7471
0.5799
0.6699
0.5791
0.8654
0.7157
0.62
0.5748
0.7096
0.656
0.5331
0.7743
0.623
0.7069
0.5945
0.733
0.6191
0.6484
0.7396
0.6926
0.655
0.628
0.6388
0.6573
0.6496
0.6604
0.7108
0.6962
0.661
0.7306
0.646
0.6963
0.6908
0.6949
0.5704
0.7361
0.7572
0.6247
0.5877
0.6849
0.6396
0.7255
0.701
0.6607
0.7116
0.5424
0.7928
0.625
0.5875
0.7723
0.7005
0.6613
0.7638
0.6682
0.5744
0.6674
0.6221
0.6242
0.7242
0.6973
0.7639
0.5623
0.7301
0.6902
0.6448
0.6667
0.6277
0.6359
0.8277
0.6148
0.6868
0.6788
0.6607
0.6282
0.7138
0.6037
0.6773
0.6984
0.6484
0.6425
0.6569
0.7116
0.7224
0.6719
0.6507
0.7078
0.5451
0.6929
0.639
0.5728
0.7412
0.6633
0.6092
0.7779
0.6915
0.629
0.6978
0.6975
0.7225
0.6754
0.6195
0.5606
0.6723
0.7546
0.6444
0.5724
0.8654
0.512
0.5988
0.8143
0.5515
0.6115
0.6622
0.6255
0.7484
0.6105
0.6483
0.6713
0.6479
0.7158
0.5945
0.63
0.7475
0.6895
0.838
0.6284
0.5864
0.6459
0.7205
0.6711
0.6734
0.7478
0.6292
0.5744
0.671
0.6261
0.7264
0.6796
0.6255
0.6939
0.6521
0.7111
0.6839
0.6395
0.6822
0.5583
0.6843
0.7534
0.7356
0.6637
0.6528
0.5141
0.6972
0.605
0.6622
0.6727
0.7179
0.622
0.6914
0.6639
0.6268
0.7749
0.6834
0.6015
0.6914
0.7957
0.5486
0.6791
0.6473
0.5807
0.6604
0.6692
0.708
0.6189
0.732
0.5999
0.6372
0.6766
0.6317
0.6405
0.6558
0.7331
0.6389
0.6011
0.6989
0.7324
0.652
0.6709
0.6227
0.7699
0.6025
0.6515
0.6075
0.705
0.6381
0.7942
0.697
0.5777
0.5826
0.7202
0.6621
0.6491
0.7026
0.5954
0.715
0.5945
0.6947
0.7243
0.688
0.7056
0.6531
0.6104
0.6643
0.668
0.6794
0.6753
0.734
0.619
0.6162
0.6202
0.6652
0.6747
0.7118
0.6347
0.7168
0.6381
0.6603
0.7452
0.7132
0.7034
0.6221
0.7018
0.6567
0.7147
0.6793
0.6213
0.6352
0.6327
0.6948
0.764
0.6403
0.6285
0.6777
0.7279
0.57
0.6439
0.6667
0.6456
0.7429
0.6725
0.6712
0.7157
0.5707
0.7163
0.7033
0.6747
0.7134
0.7017
0.6127
0.732
0.6699
0.6239
0.6571
0.6654
0.6702
0.6598
0.6225
0.8161
0.5976
0.6281
0.6482
0.6766
0.6865
0.6437
0.6578
0.7273
0.6732
0.802
0.5993
0.631
0.702
0.716
0.5272
0.8196
0.5679
0.6517
0.618
0.6707
0.7468
0.6574
0.6547
0.6295
0.7037
0.6569
0.6823
0.7448
0.6425
0.752
0.5292
0.6445
0.7482
0.7137
0.6998
0.6438
0.6235
0.5959
0.7585
0.6252
0.6335
0.776
0.632
0.6183
0.6164
0.652
0.6093
0.6777
0.6124
0.6319
0.6269
0.7785
0.62
0.6748
0.6353
0.6013
0.6588
0.7124
0.5991
0.6876
0.6478
0.6089
0.6272
0.7638
0.6736
0.7219
0.6516
0.6634
0.7346
0.5268
0.8135
0.7449
0.5514
0.738
0.7375
0.6625
0.5777
0.7256
0.5652
0.6576
0.7601
0.6518
0.6503
0.6641
0.6227
0.6735
0.6666
0.7093
0.6675
0.5778
0.7215
0.7173
0.6303
0.6342
0.5358
0.7038
0.6636
0.8129
0.6295
0.7327
0.6231
0.7007
0.6412
0.5866
0.7827
0.5966
0.6563
0.5818
0.6465
0.6724
0.5651
0.7346
0.7015
0.7066
0.6484
0.6294
0.6054
0.6735
0.7427
0.5042
0.6462
0.7788
0.6852
0.6315
0.6755
0.5603
0.7139
0.6811
0.5774
0.71
0.6335
0.5642
0.7877
0.6629
0.6507
0.6989
0.626
0.744
0.6538
0.6889
0.6575
0.648
0.7893
0.6335
0.5633
0.7089
0.8088
0.6618
0.6863
0.6227
0.654
0.6881
0.7061
0.6739
0.6783
0.6173
0.7164
0.733
0.6726
0.5421
0.6514
0.6722
0.721
0.709
0.7155
0.6311
0.7057
0.7237
0.696
0.6077
0.7484
0.6495
0.7219
0.6385
0.6155
0.7006
0.6607
0.6295
0.6377
0.7751
0.6462
0.6694
0.6443
0.7051
0.7344
0.6205
0.7057
0.6048
0.7592
0.657
0.6363
0.664
0.6482
0.6986
0.5903
0.7292
0.7712
0.6616
0.6615
0.6588
0.7077
0.695
0.6584
0.6135
0.745
0.6912
0.6205
0.7636
0.6401
0.7098
0.5588
0.5481
0.6803
0.7355
0.7846
0.7007
0.5794
0.7654
0.5886
0.7539
0.7404
0.6385
0.657
0.7039
0.6563
0.688
0.6605
0.6829
0.6639
0.6947
0.6417
0.5178
0.7548
0.6316
0.6641
0.6827
0.7121
0.6852
0.6297
0.7543
0.6213
0.5915
0.6472
0.5612
0.7094
0.7092
0.7159
0.6255
0.6134
0.6012
0.6217
0.7233
0.692
0.7058
0.635
0.8328
0.5645
0.6865
0.7398
0.6307
0.6651
0.6282
0.6507
0.6837
0.714
0.5566
0.6411
0.7861
0.6475
0.5683
0.7587
0.5957
0.6565
0.671
0.754
0.6283
0.6578
0.5646
0.6328
0.7112
0.723
0.6302
0.7427
0.6515
0.622
0.6345
0.7162
0.6504
0.6751
0.6972
0.6391
0.6526
0.6376
0.7246
0.6991
0.705
0.6719
0.5627
0.6504
0.6715
0.6485
0.6686
0.7176
0.7247
0.6061
0.7372
0.6326
0.6861
0.6797
0.7048
0.5502
0.6698
0.6362
0.7094
0.717
0.6322
0.7071
0.5631
0.6675
0.6348
0.651
0.5722
0.7083
0.6431
0.617
0.7409
0.6254
0.7584
0.6644
0.6835
0.5553
0.5698
0.7312
0.6949
0.6501
0.7349
0.7527
0.6597
0.6194
0.715
0.6094
0.678
0.6333
0.7362
0.7105
0.6612
0.6386
0.6035
0.6773
0.6178
0.6601
0.6568
0.6551
0.6845
0.6289
0.6064
0.749
0.5968
0.6477
0.6488
0.5998
0.6779
0.6401
0.6673
0.7051
0.6541
0.7049
0.6264
0.6743
0.6079
0.6123
0.6461
0.6815
0.5811
0.6704
0.7208
0.6919
0.5584
0.7931
0.7138
0.6659
0.6126
0.7755
0.6658
0.6797
0.5249
0.7181
0.7054
0.7177
0.6425
0.6892
0.5966
0.567
0.6201
0.6995
0.6676
0.6988
0.7399
0.6489
0.6311
0.6342
0.6328
0.8538
0.6078
0.6523
0.7262
0.7397
0.6577
0.6737
0.683
0.7118
0.6246
0.703
0.5985
0.7552
0.6208
0.7008
0.6961
0.5945
0.623
0.7683
0.5287
0.6703
0.7259
0.7968
0.5791
0.6446
0.5992
0.5769
0.6414
0.6938
0.6547
0.6879
0.685
0.6206
0.5676
0.6434
0.8443
0.6562
0.6805
0.678
0.6826
0.687
0.6722
0.6834
0.7522
0.6915
0.6463
0.6486
0.6163
0.6821
0.6196
0.7418
0.7364
0.5681
