2.1257
1.6246
1.955
1.7413
1.8975
1.7521
2.2834
1.9172
2.2414
1.9484
2.403
2.023
1.677
1.6492
2.458
1.9251
1.5625
2.4593
2.0299
1.7408
1.7588
2.0489
2.2333
1.6554
1.7241
1.9527
2.0879
2.011
1.8567
2.212
1.8082
2.0595
2.0926
2.048
1.9963
2.1081
2.1243
2.072
1.7527
1.748
1.9684
2.044
1.778
2.4302
1.8465
1.9324
1.7908
2.1692
2.1701
2.0854
1.7845
1.8858
2.0895
2.3605
2.0899
1.7937
1.7736
2.262
1.6426
2.0731
1.6263
2.1735
1.8158
1.9408
1.791
1.855
1.9491
2.2064
1.6913
2.3468
2.021
1.9074
2.2009
2.0908
1.7628
2.103
1.6755
2.1494
2.2437
1.7853
2.4247
1.6433
2.2555
1.5016
2.012
2.0653
1.4622
1.8868
2.2819
1.7202
2.0937
1.8107
1.8701
2.0067
2.2891
2.0994
1.8615
1.9705
1.9075
1.8383
2.1819
1.8457
1.6182
2.4925
1.8718
1.8563
2.1725
1.7517
2.2159
1.9919
2.2031
2.2404
1.6762
2.0613
2.0193
1.714
2.2119
2.0053
2.0293
2.1764
2.1695
2.0131
1.6407
1.8784
1.8097
2.3068
2.2304
1.7039
2.0516
1.9622
1.9485
1.7978
2.166
2.2193
2.1675
1.7331
1.7048
1.7898
2.4375
1.6223
1.921
2.2205
1.92
1.8314
2.0934
1.6068
2.5499
1.7789
1.9246
2.1276
1.8724
1.8624
2.2356
1.9182
1.9511
1.8222
2.0211
1.9411
1.8682
1.7996
2.5797
2.0128
1.8742
2.1385
1.8831
1.8413
2.1766
1.9134
1.8245
2.0144
1.6896
2.4247
1.7293
2.1044
1.8429
2.3494
2.0528
2.5929
1.8645
1.8491
2.1283
2.1542
2.3201
1.8925
2.0853
1.7169
2.2547
1.7048
2.151
1.985
2.2625
1.9497
1.9702
1.7867
1.8597
1.9532
2.0463
2.1941
2.2781
1.9661
2.1922
1.9185
1.8576
2.1905
2.231
2.0021
2.238
2.3439
1.5073
2.002
1.9784
1.3986
2.3185
2.0961
2.0096
2.2031
1.696
2.0961
1.8984
1.6038
2.23
1.7032
2.2849
1.5205
2.1679
1.8225
1.9173
1.7318
2.008
2.1475
1.9397
1.9259
2.0388
1.847
2.3035
1.9197
2.2645
1.9544
1.5335
1.9925
2.2352
1.4627
2.1268
1.8101
1.9831
1.8577
1.8795
2.4025
1.9624
1.8983
1.7566
1.8684
2.057
1.5574
2.0551
1.9078
1.9029
1.8219
2.0619
1.5464
2.0467
2.1745
1.9532
2.1208
2.0746
1.7819
1.7958
2.2213
2.0099
1.744
1.8355
1.8296
1.7443
2.1336
1.7458
2.4017
2.4235
1.6033
2.3245
2.109
2.0644
1.5486
1.8907
1.926
2.1351
2.1602
1.9215
1.9022
2.225
1.8702
2.1323
2.1661
2.0204
1.7208
2.2257
1.6545
1.8478
2.1961
2.4354
1.7205
2.3563
2.0772
2.1846
1.7426
1.7655
1.7766
1.7835
1.859
2.2197
2.003
2.1067
1.926
1.8362
1.6928
2.1587
2.032
2.5002
2.0012
1.8558
1.9919
2.0224
1.8475
1.885
1.8486
2.0206
1.5632
2.1788
1.9133
1.4905
2.1241
2.2915
1.9226
1.7612
2.1481
2.0476
1.8087
2.0894
2.1568
1.778
2.2458
1.8504
2.1339
1.6754
1.5375
2.2707
1.9043
1.796
2.2617
1.9103
2.0525
2.4267
2.0089
1.9496
1.6939
2.1461
1.9617
1.6409
1.944
1.9593
2.0453
1.9987
1.8517
1.6094
2.4922
2.0088
2.3622
1.9416
1.7454
2.3716
1.8374
1.8969
2.0254
1.8248
1.993
2.4835
1.9691
1.9673
2.137
1.7761
1.9381
1.6257
2.0419
1.9373
1.8826
1.9638
1.4853
2.1727
1.8015
1.9967
1.7874
2.1011
2.1967
1.2968
1.951
2.6831
1.9918
2.1127
1.9025
1.9205
2.1813
1.6339
1.987
1.9595
1.8111
2.0091
1.5474
1.6479
1.8598
2.5529
2.2086
1.7725
2.0451
2.0316
2.1424
1.7177
1.9488
2.2648
1.8662
1.9933
1.9815
1.8781
1.7533
2.1303
1.9651
1.6537
1.9584
1.86
1.9111
1.9561
2.1036
1.9083
1.9765
1.6223
2.4575
1.6401
1.9169
2.0201
1.6984
2.0995
2.0798
1.729
2.6434
1.5329
2.4899
1.5178
2.1611
1.9055
2.2093
1.9161
1.7979
2.5615
1.8012
2.014
1.7747
2.1862
1.7352
1.7102
1.9568
1.846
1.9034
2.1313
2.3418
2.0118
1.6122
2.0691
2.2694
1.869
1.8579
1.8477
1.7393
2.4855
1.9148
2.0205
1.7713
2.0535
1.8814
2.1224
1.8867
2.3474
1.7166
1.7314
2.1318
2.182
1.8203
2.168
1.8736
2.0595
1.723
2.1023
1.8669
2.1666
1.8539
1.9458
2.0513
1.7607
2.1636
1.7116
1.9038
2.2123
1.904
2.3965
1.6065
2.1372
2.0227
2.0805
2.0309
1.9978
1.6476
2.1671
1.8736
2.0121
2.172
1.7936
1.9057
2.0508
2.1043
1.6527
2.0286
2.1168
2.1737
1.7254
1.9043
1.8651
2.1811
1.6021
2.3981
1.9191
2.1401
1.7745
2.061
2.1181
1.9615
1.7202
2.3091
1.8351
1.9937
1.7432
1.7382
2.1029
1.9925
2.1127
2.1664
2.3129
1.6713
1.9118
2.1699
1.903
2.4926
1.7594
2.4097
2.2792
1.9896
2.0533
2.0598
1.8196
1.8288
1.8339
2.0429
1.5545
1.8652
2.3069
1.9825
1.8494
1.8045
1.6215
2.1017
1.8564
2.0582
1.7142
2.2195
2.1648
2.1664
1.9043
2.3617
1.9738
2.1166
2.1888
1.7463
1.9109
1.9381
1.8787
1.8197
2.0082
2.3023
1.626
2.212
1.8927
2.4176
1.9304
1.7612
1.9699
2.2493
1.886
1.8329
2.1115
2.4949
1.9407
1.9961
1.9328
1.7556
2.2913
1.7872
1.9368
2.5584
2.0217
1.9295
1.6818
1.8877
1.6998
1.8578
2.2626
2.0433
1.9774
1.8709
2.3768
1.4953
1.9071
2.2159
2.2951
1.6808
1.7043
1.8364
2.1575
1.8626
2.1587
1.7799
1.6672
1.9141
2.3771
1.962
2.0482
1.7695
1.9402
2.1395
1.8377
2.6431
2.0717
2.2218
2.0054
1.8689
2.1969
1.9357
1.6847
1.8421
2.2731
1.7316
2.4508
1.8374
1.5551
2.0273
1.8004
2.143
1.6745
1.5258
1.9006
2.1103
1.9825
2.1445
1.785
2.1111
2.2834
2.2332
2.1653
1.8956
2.1522
1.6407
2.3137
2.021
1.8118
1.9291
2.6995
1.9794
2.3045
1.792
1.6581
2.1388
2.2464
1.8654
1.8716
1.9784
2.0558
1.6908
1.9915
1.8181
1.7028
2.2211
1.6832
2.2514
1.9216
2.009
2.0075
1.883
1.6841
1.6182
2.3166
1.9729
1.8677
2.302
1.66
2.3091
1.7236
2.3936
1.9729
1.7247
2.1318
1.8625
2.2217
1.9532
2.0454
1.8804
2.027
2.0533
2.1881
1.8699
1.7865
2.0939
2.1223
2.0444
1.879
2.2982
1.6649
2.0876
2.4654
2.2913
1.6789
1.5885
2.0123
2.2338
2.1885
1.8843
1.7699
2.4499
1.8637
2.1653
1.8648
1.9207
1.9559
2.1722
1.7318
1.5676
2.581
1.7701
1.9111
1.9732
1.7989
2.1503
1.9514
1.9542
2.0696
2.1505
1.8892
1.897
1.6009
2.1909
2.1819
1.8218
2.387
1.7318
2.118
1.7359
2.4915
1.8491
2.0486
2.2749
2.1743
1.8009
1.9147
2.0743
1.7406
2.3014
1.6598
1.7106
2.0034
1.9463
2.1478
2.0942
1.8032
2.1579
2.1171
1.885
1.5775
2.074
1.9278
1.6366
1.9122
2.0442
2.1656
1.5124
2.0507
1.9398
1.8336
1.8624
2.4782
1.8027
1.9619
1.965
1.6651
2.1
1.7966
1.8279
2.1528
1.9933
1.9156
1.7229
2.1327
1.9374
2.1328
2.0172
2.0087
1.609
1.7945
2.3059
1.4762
1.9664
2.2637
2.3418
1.948
1.8379
1.9446
2.0737
2.186
1.6579
1.878
2.3867
1.7824
1.9596
2.3211
2.0479
1.693
2.5557
1.5879
2.1282
1.754
1.9928
1.7556
2.0908
2.2012
1.8422
2.2167
1.7365
2.4662
1.76
2.5053
2.1203
1.5545
2.242
1.8373
1.9666
2.0966
2.1183
1.929
2.249
1.9497
2.4342
1.9194
1.8491
2.0192
1.9873
2.0882
1.5265
3.1633
1.552
2.0459
2.203
2.1514
2.0977
1.8934
1.9159
1.8702
2.1315
1.7824
1.9132
1.8233
2.0881
2.0983
1.8353
2.0812
1.7508
1.7615
1.6886
2.3607
1.902
2.3466
1.6719
2.1588
2.1122
2.1146
1.613
1.8418
2.231
1.865
1.9134
2.0649
2.3672
1.8976
1.877
2.2164
2.3914
2.0699
2.0391
1.7885
1.9497
2.1117
1.695
2.0959
2.0479
2.3796
1.6777
2.0538
1.8953
1.9633
1.4739
2.0606
2.3504
1.6984
1.7277
2.1548
1.9639
2.4157
1.8058
2.2235
1.9649
1.6698
2.1533
1.8501
1.7971
1.9653
2.0975
1.8401
1.6315
2.1547
2.2112
2.0817
2.3552
1.8905
2.2253
1.8543
1.6666
2.1945
2.3625
1.7766
1.8663
2.1771
1.929
2.2107
1.8288
2.455
2.3232
2.221
1.9214
1.7635
1.9622
1.4061
2.0258
2.037
1.9258
2.092
2.2907
2.0704
1.6097
2.5752
1.6108
2.2637
1.6714
2.0299
2.1687
2.1186
2.1013
2.075
1.9672
2.2759
1.877
1.6307
2.1839
2.0905
1.6392
2.4512
1.8356
2.2892
1.9618
2.3393
1.7006
2.0012
2.0404
1.7406
2.2188
2.1828
1.8249
1.6867
2.3801
1.4448
2.2798
1.8235
1.7553
2.3281
2.02
1.6483
1.6286
2.2621
2.0154
1.8393
1.9441
2.4318
2.1657
1.8485
2.0395
1.493
1.892
2.1311
2.0426
1.8498
1.8327
1.9425
2.2887
2.0177
2.059
1.8109
2.0886
1.9612
1.6239
2.1406
2.0247
1.657
2.2375
1.9278
1.9403
1.9735
1.6299
1.9496
1.7579
2.3982
1.8436
1.8825
2.2056
1.7235
2.0269
2.2011
1.7434
2.2606
2.164
1.9282
1.9992
1.7223
1.8673
1.8959
2.1643
1.6554
1.6781
1.8084
2.0888
2.1085
1.4417
2.3074
1.6904
1.993
1.8699
2.1202
2.1204
1.889
1.9528
2.1116
1.9803
1.7187
2.014
1.8996
2.0604
1.8538
1.8491
2.0143
1.5771
1.883
1.869
2.2016
1.5731
2.1249
2.0104
2.0775
1.5642
2.2207
1.6461
2.1908
1.8137
2.1444
2.1601
1.8846
1.6992
1.8931
2.0526
2.38
1.966
2.1805
1.671
2.2034
1.8914
1.9125
1.8394
1.8864
2.0105
2.1925
2.0056
1.7297
2.0015
2.1969
2.347
1.7586
1.9559
1.9229
2.2012
1.934
1.7611
2.1609
1.7523
1.8392
2.2363
1.78
1.9638
2.0425
2.2124
2.0651
1.6766
2.0113
2.2026
1.999
1.7214
1.9358
2.4582
1.6789
2.5341
1.6732
2.0766
2.006
2.4065
1.7007
2.0675
1.8934
1.9362
2.3708
2.0812
1.7875
2.2483
2.3047
2.0756
1.8782
1.7688
2.3361
2.4699
2.0855
1.8479
2.1892
2.0867
1.8085
2.1508
1.5583
2.2146
1.7094
2.152
2.1547
1.714
2.0927
1.8096
1.8316
1.7978
2.1415
1.9362
1.9094
2.024
1.9226
2.0297
2.2227
1.5147
2.0471
2.0766
1.8117
1.9303
2.0386
2.0039
2.126
2.3543
1.7634
1.845
2.0116
2.1797
1.903
2.1272
1.3069
1.9041
2.4961
1.6116
2.1122
2.2334
1.6768
2.0638
2.0094
1.9961
1.9034
1.9599
2.4493
1.9628
1.8066
1.9372
1.8164
1.8215
2.1718
2.3599
1.813
1.9571
2.1307
2.1426
1.7936
1.7602
2.1535
1.9901
1.5561
1.6267
2.1602
1.96
2.0551
2.0943
1.4346
1.8558
1.93
2.0296
1.9279
2.2447
1.6638
2.3432
1.6825
2.0888
2.1403
1.8624
1.9177
2.0713
1.9621
2.1184
1.7587
2.6487
1.5389
2.2399
2.1251
1.7424
2.0258
2.2089
1.8019
2.1946
1.4291
2.0781
2.1083
1.7738
2.2586
1.9341
2.0465
2.1214
1.853
2.1163
2.1446
1.7902
1.9437
2.028
2.2102
1.6182
2.4513
1.8281
2.3592
2.0823
2.1732
2.7376
1.9082
1.5943
1.9145
2.0799
1.5996
2.1284
1.9198
1.8925
2.1229
2.2672
2.4934
1.7833
1.7504
2.1588
2.04
2.0647
2.163
1.6083
2.3222
1.8409
2.0681
2.3132
1.568
1.6704
2.0478
2.1968
1.9879
2.1019
1.9578
1.7181
2.3835
1.4067
2.1991
1.5152
2.4527
1.7531
2.0701
1.6408
2.3583
1.9415
1.7262
1.9305
2.1996
2.136
1.85
2.3692
1.5621
1.8983
1.5754
1.9158
2.1588
2.2263
2.0113
2.1608
1.9699
1.9687
1.763
1.8783
2.5006
1.7824
2.0357
2.1451
1.79
1.9474
1.9805
2.0462
1.9536
2.3737
1.601
1.9729
2.056
2.1141
1.9887
1.7423
1.7837
2.1118
1.6445
2.1597
1.9997
1.9189
2.1169
2.1222
1.7788
1.6593
2.364
1.7764
2.3532
1.7165
1.7261
1.8712
1.7728
2.231
1.9826
2.1471
2.1344
1.8744
2.2367
1.7822
2.1872
1.8864
1.9063
2.0707
2.0542
2.016
1.7949
1.9502
2.0633
1.7048
2.2478
2.0609
2.1722
2.2679
2.0678
1.7317
1.9693
1.9484
1.8205
1.9413
2.2057
2.3344
1.934
1.71
1.919
1.9186
2.1719
1.9466
1.9861
2.1581
1.8716
2.2667
2.1527
1.812
1.9838
1.8063
1.5003
1.9606
1.9866
1.9758
2.3597
2.0821
2.3911
2.3118
1.5375
2.0326
1.5451
2.1871
1.7569
2.2314
2.0425
1.9387
1.9039
2.1104
1.9968
2.0854
2.0237
2.2454
1.9159
1.8513
2.1961
2.0154
2.2374
1.8521
2.0604
2.0052
1.9745
2.1327
1.8894
2.1586
2.2957
1.677
2.1231
1.9888
2.0578
2.1675
1.7812
1.6465
2.0444
1.7512
1.923
2.1258
2.0764
2.0012
2.1124
1.7758
2.0016
2.1533
1.8432
1.924
2.0086
2.0346
1.5366
1.8568
2.3014
1.6876
2.5677
2.0798
1.7204
1.9593
1.9024
1.8404
2.2317
2.124
1.8378
2.1876
1.7213
1.7018
1.9268
2.2841
1.913
2.1658
1.931
1.5007
2.2653
2.1824
1.8703
1.9407
2.0164
1.9822
2.5
1.8221
2.4309
1.7825
1.9482
1.9795
2.1513
1.8742
1.9361
2.2295
2.0264
1.9035
1.8042
2.3332
1.9218
1.777
1.5863
2.3025
2.1425
1.5193
2.0428
1.7492
2.167
1.6898
1.8405
2.2039
1.8588
1.9287
1.7008
1.9119
2.2984
2.2545
1.7892
2.2593
1.7686
1.6377
2.4414
1.9239
2.4252
1.7206
1.7634
1.8594
2.445
1.7906
2.1887
1.6876
2.0111
1.9909
1.8607
1.8722
2.2436
2.11
2.0192
1.9485
2.2795
2.2871
1.8738
1.8253
1.9141
2.3279
1.9106
1.7059
2.1598
1.7213
2.2333
2.1056
1.8418
1.9594
2.1045
1.7341
1.9046
1.9929
2.097
1.8199
1.699
2.5572
1.9962
1.902
1.8401
2.2589
1.6402
1.6633
2.7734
1.6984
2.1086
1.8739
1.8023
1.7207
1.7171
2.412
1.7184
2.1056
1.752
2.1431
2.0186
2.4976
1.6931
2.0452
1.6939
2.3857
1.3367
2.3775
1.8711
2.1495
1.7742
2.1983
1.7373
2.4065
1.5456
2.3692
1.6695
1.8228
2.0417
2.109
1.9572
2.1682
1.8739
1.7653
2.1106
2.1395
1.8765
1.7822
2.4128
1.6331
2.0618
1.5534
1.8127
1.9572
2.4101
2.5942
1.7026
2.2142
1.6068
1.726
2.2261
1.9089
2.1896
2.1089
1.9146
2.1062
1.5814
2.1429
2.0963
1.7774
1.7354
2.0149
1.9054
2.0967
1.9422
1.9953
2.2491
1.9499
2.176
1.8896
1.9126
2.2445
2.6549
1.6844
2.5522
1.8022
1.6828
1.9791
2.0562
2.1998
1.7542
2.2866
2.5818
1.8374
2.3539
1.7526
1.8965
2.2437
1.8789
1.8483
1.7141
2.3329
1.8782
1.9548
2.0534
2.1578
1.8746
2.0976
2.1076
1.667
1.8608
2.9229
1.5729
2.0217
1.9959
1.7571
1.8193
1.868
1.8818
2.2441
1.9556
2.0638
2.0027
1.6801
2.2885
1.7003
2.1212
1.9734
2.0934
1.7431
2.4385
2.0031
1.8798
1.916
1.9849
2.0348
1.9863
2.0978
2.127
1.952
1.8691
2.1951
2.0107
2.1912
1.6653
2.8767
1.6634
1.716
1.7978
2.6003
1.5443
2.2572
1.7183
1.9049
2.1257
1.6795
2.2687
1.6967
2.0581
1.9843
1.886
1.6572
2.0002
1.8061
2.2292
1.7629
2.1811
1.9106
2.1021
1.7612
2.0158
1.9308
2.3769
2.1107
1.8539
1.8759
1.8127
1.5625
1.9428
2.1345
1.6239
2.4983
2.3576
1.6154
2.1312
1.9318
2.0458
1.8506
1.5132
2.0603
2.2288
1.7763
1.9158
1.7445
2.1139
1.9159
1.8327
2.3965
2.1136
1.95
1.7892
2.3233
2.0316
1.9953
1.6263
2.3366
1.8112
2.3781
1.8337
1.7542
2.266
2.4004
1.4874
2.4005
1.8513
2.2709
1.9191
1.8852
2.2012
2.4073
1.6305
2.1683
2.1219
1.9875
1.9196
1.9389
1.7207
1.9446
1.8564
2.0168
1.8302
1.8895
1.6668
2.0726
2.6781
1.6721
1.9772
2.0341
2.1889
1.5788
2.57
2.1469
1.7891
2.2591
1.9847
1.8778
1.6091
2.1705
1.8552
2.1879
1.8362
1.8179
2.0185
1.9809
1.9566
1.9078
1.9027
1.8118
2.2387
2.1376
1.972
1.9971
1.8727
2.2142
2.1884
2.2374
1.8132
2.4783
2.0616
1.7293
1.826
2.1896
2.0694
2.1303
1.8016
1.9786
2.0367
2.1657
1.7163
2.1652
1.9734
1.708
2.0831
1.6879
2.0098
2.2883
1.7641
2.1072
1.6806
2.0559
1.7811
2.2838
1.8941
1.7391
1.8263
2.2661
1.5916
1.8154
1.7723
2.1509
1.855
2.2972
2.2055
1.3736
2.3036
1.9257
1.8877
2.0256
1.7062
1.9389
1.9138
1.9267
1.8738
1.7843
1.7859
2.3617
2.4503
1.761
1.8245
2.0694
1.8681
2.012
1.8827
2.0252
2.1403
1.896
1.7775
1.8682
1.869
2.4105
2.1084
1.8156
2.4033
1.8186
2.0976
2.1098
2.1346
1.3747
2.008
2.1309
1.9672
2.2714
2.0602
2.0041
1.8101
2.06
2.0535
2.1356
2.2835
2.2298
1.7152
1.9657
1.8137
2.4409
1.649
1.8585
1.8275
1.9745
2.0881
1.973
1.8068
1.5108
2.1242
2.1298
1.975
2.1255
1.9337
2.0604
2.1504
2.0387
2.1219
2.0429
1.6596
2.0244
2.1906
2.3588
1.8317
2.1951
2.0044
1.8836
1.6179
1.9078
2.6859
2.1416
2.1061
1.7557
1.8936
2.3149
1.6071
1.9743
1.6231
1.9912
2.0974
2.4276
1.9583
1.7411
2.171
1.7234
1.6999
1.8318
2.1872
1.8731
2.1882
2.0553
2.2833
2.0242
2.1459
1.6479
2.0824
1.9905
2.2661
1.6727
1.849
2.0426
2.1425
2.0211
1.8513
1.9214
2.0002
1.9529
1.9729
1.9066
2.0852
1.6431
2.1937
1.8991
2.2587
1.9292
2.2629
1.8557
1.8511
2.3427
1.4797
1.6183
2.0579
1.8892
1.8555
1.6574
1.9779
1.7021
2.3376
1.7771
2.1132
2.0109
1.7314
2.3522
2.4509
2.0853
1.8753
1.543
1.8967
2.0408
1.8641
1.7338
1.9019
2.075
1.8496
1.9045
2.1529
2.1053
1.5144
2.4257
1.7079
1.836
1.6616
2.2509
2.0443
1.9242
1.9462
1.8604
1.7527
1.8031
2.164
2.1031
1.9582
2.0808
1.9217
2.0695
2.008
2.0604
2.0056
2.1115
2.2156
1.7728
1.9059
1.9009
1.8679
2.1005
1.9641
1.7003
2.2632
1.8433
1.8797
2.0465
2.229
1.9535
1.8423
1.7776
2.282
1.65
1.7826
1.7777
1.8764
2.2303
1.6739
2.3132
2.2978
1.8199
1.9755
2.1323
1.8471
1.7536
1.8647
1.51
1.8338
2.3399
1.7756
2.2501
1.8017
1.8728
2.2685
1.6033
1.8962
1.5995
2.3547
1.5356
2.1307
2.0188
2.3407
1.7074
1.7007
1.9374
2.0222
1.8404
2.2871
1.9732
1.6258
2.2788
2.2288
1.9525
1.8319
2.0106
2.4042
1.8475
2.0562
1.814
1.8841
1.7115
1.994
2.1627
1.935
1.9196
2.1496
1.8373
2.0887
2.2099
2.1638
1.6924
2.0743
2.1489
1.9684
1.822
1.9535
2.1586
2.1033
2.2092
2.3852
1.7162
2.2088
1.6631
2.18
2.2057
2.0517
2.04
1.4716
2.3478
1.775
1.9618
1.9866
1.5787
2.097
2.0881
2.13
1.8315
2.2758
1.978
2.1583
1.6111
2.2531
1.8947
2.0674
2.0664
1.9947
1.7217
1.9831
2.1266
2.055
2.1172
1.744
1.5154
2.0763
1.9815
1.9329
2.3449
1.8819
2.1828
2.3676
1.8741
1.7196
2.195
1.5806
1.8253
1.9883
1.7613
2.2361
2.2436
2.1973
2.0623
1.6351
2.1118
1.889
2.1477
1.9067
1.7006
2.2682
2.3019
2.2139
2.0657
2.0894
1.7215
2.3982
2.0002
2.0788
2.0592
2.3549
2.0183
1.8628
1.9995
1.8737
1.6841
2.2936
1.615
2.4555
1.7752
1.6381
2.1482
2.0504
1.8942
1.8956
1.8031
1.5569
2.0524
2.1101
1.9944
2.0026
1.7406
1.8685
1.9926
1.6337
1.8563
1.8886
2.2511
1.8119
1.9499
2.1918
1.6907
1.639
1.9298
2.1777
2.4688
1.8236
1.9617
1.728
1.9433
2.2105
2.1458
1.6386
1.6369
1.6588
2.5837
1.8822
1.8684
2.0749
1.9858
1.7909
1.5946
2.1817
1.7729
2.027
2.0159
1.6895
2.2155
1.7264
1.9956
2.5817
2.0722
1.8707
2.008
2.1615
2.0003
2.2044
1.7981
2.1825
1.8648
2.0544
1.9586
1.517
2.1374
1.5969
2.1724
2.0736
1.892
1.9978
1.9913
1.8342
2.6746
1.8186
1.8826
2.0528
2.0173
1.9208
2.0807
1.6108
2.4261
1.6858
1.9061
2.315
1.9143
1.6413
1.9645
1.9045
1.9063
1.9232
1.5664
2.475
1.8522
2.1484
1.8842
1.9409
1.5542
2.3059
1.8106
1.9294
2.1876
2.2923
1.6006
1.9465
2.2709
1.8379
2.2817
2.0342
2.0225
1.9472
2.0369
1.9388
1.8519
2.3875
2.1525
2.1343
1.557
1.6013
1.8467
1.9278
1.9451
1.9437
2.1396
2.0072
2.5447
2.0061
1.4273
2.2698
2.1315
2.043
1.8006
2.388
1.825
1.6171
1.8284
1.9795
2.1131
1.7729
1.795
1.8677
2.371
1.774
1.9897
2.1735
2.0133
2.3059
2.2275
1.9343
1.9372
2.3774
1.9384
1.9644
2.0993
2.0008
1.8595
2.2961
1.6101
1.7294
2.1064
1.7968
2.0166
2.0142
1.5881
1.9902
2.0984
2.2588
1.8192
2.1748
1.6322
2.3562
1.4848
1.7789
1.6864
2.0053
2.1858
1.6507
1.9705
1.9771
2.1407
1.9649
2.1708
1.6428
2.1618
1.6681
2.2206
2.0653
2.1819
1.835
2.4976
1.9278
2.1286
2.0027
2.592
1.4859
2.2013
2.0749
2.0172
1.8638
2.3952
1.7169
2.1407
2.7051
1.8094
2.1128
1.576
2.3593
2.0568
1.9585
1.4677
2.4928
1.9245
2.2852
1.8508
1.9001
2.163
1.7749
2.1546
2.2041
1.851
1.6974
1.8789
2.6521
1.673
1.7938
2.7042
2.1096
1.547
1.9653
1.7354
1.9858
2.0968
2.0829
2.203
2.0988
1.9867
2.0176
2.3521
1.8287
1.645
2.1602
1.9627
2.2937
1.6396
2.1335
1.7235
2.3255
2.2871
1.7447
1.9102
2.5892
1.7245
1.8799
1.9268
2.3596
2.3275
1.6636
1.7181
2.2772
2.0279
1.8742
1.9847
1.9293
2.1684
1.9514
2.4075
1.8104
1.7623
1.9409
2.1347
1.8814
1.946
1.9519
2.1424
1.751
1.9622
2.139
2.0486
1.5285
1.5234
1.9506
2.1725
1.873
2.0355
1.7995
2.1301
1.9408
2.1239
1.8804
1.9804
1.7881
1.9484
1.4443
2.3938
1.8504
1.6265
2.0679
2.28
1.6815
2.1544
1.5915
2.2125
1.8663
2.178
1.6023
2.2831
2.0235
2.3032
1.8492
2.4674
1.9228
1.9822
1.5161
2.08
1.9337
1.6498
2.4473
2.1278
1.8135
1.8311
2.1717
1.7743
2.3181
1.9614
2.1506
1.6074
1.9362
2.5109
1.8079
2.2238
1.9484
1.9181
1.975
1.8985
1.8621
1.8665
2.1463
1.9112
1.6898
2.3278
2.0513
1.4698
2.2485
2.036
1.9033
2.0459
2.3519
1.6485
1.8058
2.0612
2.0362
1.8315
1.93
1.7749
2.2337
1.6213
2.3909
2.7531
1.4839
1.9069
2.2059
1.5329
2.1755
1.9528
2.1436
1.5274
2.4251
2.0837
1.713
2.1267
1.6877
2.3687
1.8034
1.93
2.0076
2.5006
1.4124
2.1606
2.0514
2.1342
1.935
2.0945
1.9475
1.9148
2.1434
1.9059
2.0274
1.9322
2.0666
2.1066
1.7383
1.9434
1.9237
2.2998
1.8142
1.7429
1.9242
2.3767
1.9231
1.8983
2.1114
2.0562
1.7116
1.688
1.9537
2.098
1.6633
1.9089
2.1047
1.8342
1.7768
2.3363
2.0708
2.0365
1.8874
2.4125
1.7866
1.6884
2.3725
1.9637
2.4128
1.7216
1.6471
2.0829
2.0342
2.0344
2.0766
2.2173
2.0903
1.8955
1.9167
2.3115
2.0201
1.7947
2.1062
1.942
1.6433
2.4782
2.0838
1.8473
1.9218
1.9343
1.7939
1.8446
1.9351
1.9053
1.9714
1.7947
2.0748
2.3327
2.0863
1.7374
2.3687
1.5387
2.2287
1.9837
1.9304
2.1219
2.1456
1.9233
1.9765
1.9553
2.0806
2.0277
1.7852
2.0376
1.9159
2.2958
1.868
2.0749
1.9919
1.8773
1.9486
1.5529
2.1367
1.9825
1.8323
1.9908
1.8208
2.225
2.1818
1.7553
2.1385
2.4702
1.7626
2.1042
2.0745
1.865
1.7094
2.1727
2.135
2.0124
2.0274
2.3234
1.8585
1.8018
1.9662
1.5702
2.1528
2.0767
1.9437
2.1593
1.7454
2.064
2.1555
1.5219
1.954
1.9079
2.4271
2.6049
1.4899
1.8386
2.0183
1.9957
1.911
1.7181
2.1872
1.8306
1.8037
2.1933
2.3741
1.971
2.1684
1.6281
2.3624
2.0937
1.8127
2.192
2.1778
2.0446
1.7735
1.9808
1.9271
1.6941
1.8413
1.791
2.2102
1.719
2.1015
2.1037
1.7453
2.1713
1.9537
2.1344
1.5873
1.6435
2.2048
1.6777
1.9955
1.9512
2.0551
1.9134
1.8312
1.8833
1.71
2.3231
1.9275
2.0777
2.0306
1.6669
2.2563
1.6502
1.9148
2.0762
2.0293
1.965
1.6509
2.1314
1.8807
1.8062
2.0194
1.8385
1.8611
2.0708
2.0478
1.6284
2.0518
2.2099
1.85
1.8357
2.5497
1.6393
1.8456
1.9109
2.0214
2.0848
2.0581
1.7195
2.2214
2.2267
1.8982
1.925
2.03
1.9586
1.5971
1.6757
2.4138
1.7661
2.1557
1.7659
1.7494
2.1387
2.0365
2.6012
1.8242
1.7085
1.9855
1.8529
2.1992
1.9151
1.902
1.5895
2.1555
1.8365
2.5618
1.5972
1.9429
1.8924
2.044
2.1894
1.6829
2.2663
2.5005
1.704
2.0742
1.4525
1.9559
2.3677
1.8817
1.9057
1.8409
2.3115
2.0205
1.9413
1.7165
2.3216
1.847
2.4109
2.2234
2.0859
1.8801
1.8516
2.1923
2.0611
1.9716
1.9704
1.8948
1.8736
1.7329
1.7875
2.1763
1.8147
1.9362
2.2321
1.8845
2.4321
1.6908
2.0246
2.0054
1.6494
2.3545
1.6115
1.9619
1.8547
1.9077
2.477
1.8489
1.5988
2.5444
1.3431
2.2781
1.9295
2.1194
1.8592
2.205
2.1913
2.3719
2.2484
1.7938
2.4097
1.4245
2.0434
2.1068
2.2109
1.6103
2.2259
1.7379
1.9488
2.0847
1.8394
1.8684
2.1888
2.2167
1.8148
1.843
2.3852
1.8365
2.1062
2.2198
2.005
1.8467
1.6362
1.763
2.2452
2.204
1.877
1.9481
2.358
1.6153
2.1948
1.7847
2.1931
1.7292
2.3446
1.7089
1.8683
1.927
2.3744
2.2436
1.828
1.7725
2.0551
1.9432
2.259
2.1521
1.8335
1.6826
2.0294
1.9202
2.2375
1.6591
1.7502
2.3877
1.9206
2.2558
1.5909
1.8433
2.2808
1.9047
2.1501
1.9762
1.8592
2.0409
1.974
2.2158
1.6322
1.9327
2.4409
1.841
1.86
1.929
2.0923
1.763
2.1192
1.8969
1.847
1.9485
2.3629
2.2493
1.635
1.9708
1.9426
1.6415
2.5055
1.5765
2.3952
1.8294
1.9895
1.8576
1.5626
2.2486
2.0845
1.9712
2.0256
2.0667
2.1032
1.8532
1.9103
1.7911
2.1732
1.6648
2.5432
1.8122
2.138
2.0867
1.7307
2.279
1.7484
1.9246
1.5329
1.7609
1.8706
2.1632
2.0357
1.7323
1.7389
1.9926
2.0407
2.048
2.0224
1.3463
2.0093
1.9798
1.8826
2.021
1.954
1.9156
1.8803
1.8632
1.9326
1.5427
1.7299
2.1527
1.9243
1.8101
1.9559
2.1091
2.1842
1.7308
1.7671
2.2832
1.9938
1.6876
2.4532
1.6361
1.9064
2.0495
1.9791
2.1827
1.5098
2.4739
1.7708
1.8847
2.0301
1.9679
1.7013
2.171
1.3787
2.018
2.0616
2.1382
1.9341
1.8525
2.2139
1.4714
1.8601
2.0817
1.7807
1.7907
2.0378
1.9473
2.0356
1.9098
2.1308
2.046
1.9987
1.7789
2.1966
1.8007
2.3839
1.6724
1.8644
2.2209
2.0634
2.3612
1.9825
1.9305
2.1556
1.8713
2.3516
1.9386
1.9192
2.1281
1.7005
1.9488
2.3831
1.8429
1.9335
1.6199
1.8355
1.7901
1.8203
2.2282
1.9823
2.48
1.6975
1.8048
1.6996
2.1888
2.2652
1.9091
2.0097
1.6523
2.2599
1.9879
1.7067
2.0258
2.2342
1.836
2.168
2.0759
1.9777
2.0499
1.8477
2.0376
2.4065
1.8432
2.0531
2.1851
2.0313
2.0524
2.0344
2.2222
1.8305
2.161
1.5697
2.2377
1.9055
1.738
1.6837
2.167
1.811
2.0842
1.9705
1.9089
1.9757
2.5444
1.4415
1.8056
2.0035
2.2658
2.1889
1.902
1.9633
2.0049
2.2285
2.0856
1.5583
1.8797
1.6782
2.4895
2.0053
1.9392
1.9174
2.5137
2.001
2.2369
1.9123
2.1028
2.0205
1.7498
1.8203
1.7109
2.2479
1.7348
1.9962
1.7974
2.1156
2.1844
1.8205
1.7676
1.9161
2.0464
2.2174
1.271
2.0225
2.4347
1.7791
1.9495
1.5208
2.0901
1.9689
2.0267
2.1109
1.8853
2.2838
2.1054
1.7003
1.8256
2.7186
2.1878
2.1388
1.7257
1.8029
1.9529
2.169
2.0911
2.1504
2.085
1.6916
1.9796
2.1965
1.9983
1.8981
1.615
1.9835
1.7988
1.8668
2.0229
2.1402
1.7066
1.9955
2.3667
1.8507
2.2336
2.1195
1.8956
2.27
1.6191
2.0416
1.8686
2.1798
1.9287
1.9799
2.4731
1.6124
2.0871
1.7183
1.7611
1.8084
2.5297
1.5719
2.3948
1.8929
1.6987
2.0029
1.8921
2.3589
1.6694
1.8026
2.0505
1.9605
2.2633
2.0271
1.9574
1.4777
2.038
2.2368
1.976
1.6394
2.1661
2.1379
2.2459
1.8304
2.0322
1.9831
1.8465
2.152
1.8892
1.9154
2.0063
2.2243
2.1708
1.9466
1.9039
2.0106
2.1765
1.9749
2.1932
2.2056
2.0847
1.6856
1.6673
1.798
1.6842
1.8263
1.8372
2.295
1.8291
2.2234
1.7552
2.112
1.993
2.3628
1.64
2.3588
1.9143
2.3283
1.5112
2.0738
2.09
2.1939
2.0835
2.1849
2.0032
1.8655
2.1825
1.9672
1.584
2.4606
2.1198
1.9059
1.8917
2.0296
1.5961
2.3423
2.2081
1.9605
1.9791
1.8955
1.7901
2.1772
2.054
2.1499
1.8638
1.7642
2.4621
1.8858
1.9681
1.8844
2.3537
1.97
1.9577
1.9656
1.9147
1.7612
2.1205
1.8913
2.0909
1.9873
1.7737
2.641
1.8875
1.9553
1.6461
2.0397
2.0058
1.8965
2.2716
1.9368
1.6764
2.166
1.8615
2.0762
2.3794
1.8364
2.0424
2.2461
1.4071
2.1937
1.8754
1.6696
2.2032
2.0655
1.8216
2.1542
1.7824
2.1135
1.597
2.1454
2.1231
1.7442
1.644
2.1798
2.1065
1.9118
2.0084
1.8437
1.8891
1.9177
2.0354
1.8781
2.2332
1.8496
1.7805
1.8471
1.8987
2.0754
1.8537
2.0569
1.9978
1.8442
1.9535
1.752
2.0492
2.2462
1.8392
2.2354
1.8124
1.9263
1.9951
1.9571
2.0405
2.0167
2.0847
2.3327
1.7522
1.8219
2.1434
1.9344
1.9665
1.7209
2.1051
2.2403
2.0576
2.0918
2.4418
1.8634
2.0684
1.8612
2.3602
2.2015
1.914
1.5703
2.3026
1.75
2.0815
2.159
1.8269
2.5104
1.607
2.1752
2.0325
2.2282
2.1834
2.165
1.9957
1.7852
1.954
2.1305
1.8593
1.823
2.1336
2.0719
1.7927
1.9177
1.8133
2.0208
2.0255
2.1776
1.7371
1.9261
2.1281
1.8883
1.9751
1.8489
1.9694
1.8531
2.2019
1.705
2.3884
1.8798
2.1855
2.1292
1.9013
1.4899
2.1702
1.9742
2.0867
2.2002
1.9663
1.9884
2.1715
1.901
1.8924
1.8296
1.8102
2.3312
1.6538
2.2221
2.0556
2.0869
1.7467
2.0424
2.1919
1.9881
2.1589
1.9764
1.5792
2.0358
2.1277
2.0122
1.9469
1.9313
2.2983
1.6823
1.5533
2.1378
2.2334
1.4433
1.7217
1.9941
2.0136
1.9523
1.9752
1.8224
1.9811
1.5337
2.1949
2.0618
2.3337
2.124
1.6538
1.7711
2.1246
1.8365
1.877
2.0876
1.7631
1.8009
2.3275
2.1325
2.0873
1.8246
1.6468
2.116
2.0708
2.4367
1.223
2.0316
2.2884
1.734
1.8641
2.2392
1.9356
2.3806
2.1286
1.938
1.9283
1.646
2.3888
1.9653
1.9528
1.9249
1.8683
2.4729
1.5557
2.0767
1.8103
1.9065
1.9608
1.6132
1.8447
1.899
1.733
2.1832
2.1941
1.8762
2.1373
1.6317
2.1275
2.0033
1.766
2.162
1.4216
2.4201
1.9288
2.0381
2.3608
2.152
1.593
2.1684
1.8402
2.0673
1.8573
2.4068
1.8348
1.9481
1.9448
1.9941
1.9774
2.124
1.8036
2.1212
1.5674
1.5438
2.1524
1.9928
2.0922
1.8922
2.4776
2.0592
1.906
1.5422
2.8926
1.6888
1.9072
2.0173
2.0737
1.8771
2.0535
2.0938
1.7205
1.7849
1.8624
2.1265
2.0513
1.9086
1.7482
2.153
2.1359
1.9567
1.9536
1.8711
2.0111
2.0544
1.8999
2.4497
2.168
1.7414
2.3331
1.9384
2.0076
1.9362
1.7847
2.1985
1.9094
2.5731
1.4791
1.8168
2.1976
1.9832
1.9535
1.6721
1.9982
2.3232
1.8123
1.8986
1.8498
2.0229
1.9755
1.5186
2.465
1.6246
2.1329
2.0474
2.0659
2.001
1.8403
1.9944
1.9725
2.2085
1.933
2.1229
1.8884
1.9844
1.8712
2.1366
1.8567
2.4616
1.6877
1.7089
2.1453
1.8983
1.7121
2.629
2.132
1.8185
1.9013
1.9719
1.7231
1.9208
1.7587
1.9519
2.2787
1.888
2.3084
1.783
2.2539
1.9546
2.0107
1.9516
1.9409
2.1016
2.0755
2.0772
2.0777
1.8233
2.2443
2.1638
2.1353
1.7656
1.8296
2.3072
1.8809
2.0212
2.1937
1.7472
2.3628
2.0493
1.7042
2.2812
1.8062
2.0555
2.5056
1.7214
1.9455
2.1253
1.7835
1.8115
1.9056
2.1
1.6153
1.9294
2.0582
2.0344
1.8874
2.5121
1.7774
2.4492
1.5775
1.8318
1.9028
2.0816
2.2149
1.9522
2.3383
2.1478
2.0049
1.872
1.5094
1.9877
2.0548
1.9459
1.9227
1.8312
2.5629
1.5804
2.1703
2.0801
2.1155
1.9767
1.7831
1.7831
2.2383
1.8053
2.2244
1.9606
1.8113
1.7517
1.932
2.2871
1.7431
2.285
2.1441
1.8628
2.2477
1.5441
2.1532
2.2559
1.9467
1.9463
2.2007
2.033
1.8811
2.1239
1.9123
2.1235
2.1635
2.1662
1.9321
1.8636
1.9582
1.709
1.8147
2.1467
2.1387
1.8968
2.0482
1.8167
1.8891
2.5806
1.5524
1.7273
2.1069
1.8876
2.1114
2.1888
2.1172
1.6612
1.7058
1.5501
2.3073
1.9879
1.6835
1.8477
2.2269
1.9733
1.8273
2.0429
2.3075
1.9002
2.2673
1.8801
2.4871
1.9352
1.9791
2.3743
1.9123
2.1308
2.5674
1.5853
1.9332
2.3587
1.7234
2.0702
2.2504
1.8111
1.9369
2.0339
1.8737
1.6721
1.994
1.8337
2.2931
1.8361
2.0729
2.0052
1.6281
2.1884
2.0256
1.9131
1.7006
2.1238
1.955
1.7792
2.2871
2.2077
1.8414
1.9523
2.4496
1.9976
2.0683
2.0374
2.0823
1.7286
1.9492
1.8083
2.391
1.6777
1.9035
2.2944
1.9384
1.7196
1.8544
2.2424
1.7071
2.0391
2.374
1.8368
1.6363
2.2924
2.2575
2.248
1.6427
2.0986
1.9959
1.8151
2.2791
1.3497
2.4616
1.8307
1.9662
1.7565
1.8577
2.0863
1.8401
1.6865
2.1453
2.4899
1.9218
2.1883
1.8359
1.8759
2.3362
1.5961
1.8192
1.9563
1.7407
2.4499
1.5873
2.5773
2.0926
1.955
1.7832
2.3591
1.6988
1.5503
2.4502
2.2132
2.1584
2.4136
2.0828
2.2184
1.7235
1.9097
1.5933
2.2497
1.9937
2.0033
2.2145
2.1071
2.0982
1.843
1.7039
1.7817
2.0782
2.1042
2.2484
2.0756
2.1303
1.8948
1.9548
1.8844
1.6009
1.8884
2.0499
1.9952
1.855
1.9945
1.8992
1.9051
1.7586
1.909
1.9462
2.2947
1.4945
1.8398
2.0482
2.0386
2.213
2.0482
2.1029
1.8967
1.9484
1.8058
2.1203
1.7091
2.4655
1.7308
1.6894
2.0671
2.185
2.3354
2.4204
2.2918
1.6452
2.0477
1.9923
1.849
1.8537
2.4076
1.8195
2.082
1.8276
1.8552
1.8564
2.1193
2.1812
1.6842
2.4446
1.8624
1.973
1.894
1.9039
2.2398
1.9205
2.1102
1.9054
1.7924
2.2163
2.1066
2.0798
1.669
2.0566
1.6621
1.9704
2.0113
1.7449
2.4519
1.7426
2.413
1.6252
1.8875
2.1884
1.996
1.8626
1.8764
2.2308
1.8552
1.7132
1.7617
2.1929
1.616
2.0907
1.6555
2.2694
1.9437
1.7849
2.0159
2.0213
1.8679
2.2563
1.7749
2.1083
1.4345
2.155
2.2547
1.7603
2.0282
1.7164
2.2315
1.955
1.8766
2.2529
2.4579
1.8214
2.2664
2.37
1.6415
2.1482
1.9053
2.1037
1.7507
1.9463
1.5334
2.0762
1.6742
1.8733
1.9288
2.3246
2.0296
1.8021
2.1444
1.7826
2.3763
1.7141
1.6582
2.5314
2.0603
2.3883
1.8541
1.7762
2.1586
1.7195
2.341
1.8043
1.9259
1.8641
1.7189
1.7351
2.0289
1.9089
2.3866
1.887
1.8566
1.9437
2.0727
1.9569
2.1701
2.0355
2.4773
1.8569
2.1576
1.9544
2.1366
2.1944
1.8151
1.9874
1.5381
1.8984
1.794
1.9952
2.1298
2.2396
1.9156
1.9876
1.8431
2.5322
1.836
1.7578
2.1765
1.6169
2.3382
1.8432
1.9382
1.9453
1.9984
2.3329
2.0091
1.654
1.6822
2.253
2.1607
1.9154
2.0536
1.7804
1.9543
1.9004
2.055
1.9746
2.0423
1.5707
1.8074
1.9228
2.2572
1.9525
1.8764
1.9468
1.8958
1.8772
1.9662
1.9077
2.3718
1.7752
2.0575
2.1124
1.7871
2.2059
1.803
2.3594
1.7214
1.8561
2.3175
1.6673
2.0304
1.8284
2.0466
1.8113
1.9597
2.0023
1.8123
2.2667
1.6297
2.081
1.8277
1.8772
1.6857
2.3867
2.3419
1.5701
1.7935
1.6584
2.2826
1.6173
2.0813
2.1035
2.2082
1.9935
1.8455
2.1397
1.981
2.351
2.0067
2.0651
1.7207
1.7032
1.7561
2.2285
1.9063
1.6711
1.84
1.9591
2.187
2.171
1.5841
2.1813
1.8557
2.0288
1.6122
1.9668
2.3715
1.9588
2.2239
1.6808
2.1987
1.8473
2.0582
1.4439
2.1399
1.9832
1.866
1.9746
1.7162
2.157
2.5059
1.5701
1.9324
2.3763
2.077
1.9113
1.6594
1.9471
1.8082
1.6874
2.6175
1.776
2.2329
2.0672
2.1813
1.6974
2.177
2.3095
2.2093
1.7883
1.8845
2.1665
1.6466
2.0033
2.006
1.6674
1.7302
2.7297
1.8452
1.6246
2.0191
1.8205
2.1023
1.4283
1.9716
2.2096
2.0434
1.922
2.1037
1.9546
1.8682
2.329
2.0458
1.9816
1.965
2.0282
2.2211
1.5744
1.8547
1.9558
1.6505
2.0508
1.9315
1.8187
2.1888
1.9905
2.0621
1.703
1.8583
2.2597
1.8631
2.1539
2.0198
1.4571
1.9256
2.2086
2.0453
1.9651
2.2324
2.1709
1.8465
2.2243
1.7034
2.3479
1.8707
1.7058
2.3851
1.7558
2.4997
1.5351
1.8652
2.6823
1.7878
1.9022
1.7674
1.4285
1.7911
1.9908
1.6016
1.8123
2.4441
2.0128
1.9944
1.7775
2.0204
1.3591
2.0703
2.3121
1.5562
2.0462
1.8567
1.9853
2.0088
1.9998
2.3477
1.7051
2.3404
1.8077
2.2123
1.9604
1.9793
1.7615
2.1421
2.1242
1.696
2.0375
1.9853
1.9341
2.3057
1.9928
1.8772
1.9491
1.6957
2.2213
1.5877
1.9134
2.213
2.0069
1.8123
2.1838
1.8341
2.0774
1.9645
1.7516
2.029
1.8387
1.8166
1.6133
2.4096
2.0905
1.8745
2.0045
2.3488
1.7855
2.4394
1.6682
1.945
1.9422
1.7593
2.3996
1.5777
2.7888
2.1513
1.7989
1.7409
1.7384
2.1561
2.129
1.9808
2.0801
1.6766
1.9216
1.8846
1.8825
1.9697
1.8351
1.6597
2.2143
1.8341
1.8136
2.3449
1.7458
1.8266
1.9195
2.1777
1.7679
2.1661
2.4965
1.8558
2.3276
1.7064
1.7107
1.5711
2.0332
1.84
2.1617
1.8731
1.923
1.9812
2.0838
1.9498
2.1227
1.7027
2.0112
2.2535
2.1059
1.7729
1.8187
1.8822
1.6742
2.326
1.7602
2.3425
2.003
2.2921
1.889
1.6937
1.9657
2.027
2.007
2.343
1.9424
1.6084
2.3703
1.5705
2.089
1.9433
2.3364
2.1013
1.7456
2.2312
1.9168
2.0227
2.0296
1.5414
2.3378
1.8315
2.0758
2.0963
2.1555
2.3513
1.8476
2.4178
1.8276
1.8114
1.9163
1.983
2.2201
1.7262
2.2053
2.2164
1.5894
2.2142
2.0538
1.913
2.0133
1.9014
2.0995
1.8511
2.0714
2.185
1.7932
1.9632
1.6549
1.8873
1.9029
2.0571
1.742
2.1479
1.8631
1.8968
1.8156
1.6806
2.1679
2.0303
2.2845
1.6609
2.0554
1.8383
2.2834
1.6801
2.1829
2.3513
1.7787
1.9854
1.9507
1.8698
1.9178
1.7019
2.4839
1.7675
1.9014
1.7482
2.193
2.3497
1.7142
2.2359
2.1934
2.3179
1.5677
2.1817
1.9449
1.7237
2.0256
1.9874
1.9958
1.7562
1.6921
2.2952
2.1273
1.8995
1.6082
2.2944
2.061
1.7
2.4551
2.1014
2.1765
2.902
1.8705
2.1022
2.0668
1.868
2.2136
1.4944
2.1673
2.2923
1.7309
2.2654
2.2417
2.0227
2.2303
2.1628
1.9819
1.9907
1.6565
1.8427
1.5738
2.2375
2.1124
2.1262
1.8559
2.2326
2.2573
1.9273
1.7149
2.1981
1.969
1.777
2.2851
1.4552
1.9141
2.3545
1.9036
2.2352
1.9278
2.1506
2.4246
1.6486
1.8344
2.1386
1.5928
1.9336
2.5385
1.7825
2.0453
2.4126
2.1427
1.9729
2.0929
1.9251
1.7423
1.9079
1.8268
1.9422
1.9422
1.5942
2.1346
1.9458
2.2505
1.9332
2.1675
2.0039
2.0454
2.1035
1.7474
1.776
2.1539
1.9843
2.0318
1.6726
2.3686
1.9053
1.8611
1.4424
2.5255
2.2506
1.6
2.1237
2.2069
2.0879
1.9947
2.0127
1.8018
1.6727
2.0664
2.2411
1.5156
1.9573
1.7059
1.9486
2.3632
1.5515
1.8108
1.8273
2.0486
2.1348
2.0637
2.0128
1.8208
1.7692
2.0014
1.6334
1.9987
2.1611
2.0718
1.6175
1.8399
2.2572
1.8625
2.0344
2.3492
1.6302
2.1629
1.8085
2.0594
1.7808
2.0865
2.0308
1.5013
2.1256
1.889
1.8422
2.2099
1.9102
2.1483
2.0066
2.0027
2.0704
2.3289
1.5369
2.4094
1.836
1.7058
1.9003
1.7307
2.4707
1.673
1.8258
2.2626
1.9085
2.4553
1.5298
2.3777
1.9513
2.0929
1.9722
1.6376
2.1339
1.9711
2.2802
1.8082
2.0909
1.75
2.2764
1.9878
1.5314
1.9555
1.8001
2.066
1.8537
2.0448
1.654
2.5051
1.513
2.136
1.9446
1.6043
1.9122
2.0326
2.0856
2.4123
2.1313
1.6514
2.0192
2.1084
1.4759
2.6374
1.5847
1.9321
2.4349
1.7191
1.7501
2.1291
1.997
1.9453
2.1072
1.8114
2.0427
1.8589
1.7044
2.2518
1.6634
1.5658
1.9716
2.0981
2.0646
1.9218
2.5564
1.6483
2.2078
1.5543
1.9526
1.7427
2.1466
1.8093
2.023
1.5836
2.1521
2.1763
1.6846
1.7679
2.2128
2.0493
1.9607
2.0749
1.7615
1.9296
2.2916
1.7557
2.1771
2.0993
1.7343
2.0718
1.8774
1.9699
1.5264
2.0399
1.7825
2.0947
2.0341
2.1218
2.0696
2.3813
1.6223
2.0155
2.1526
2.2003
1.8419
2.0859
1.9587
2.2446
1.5392
2.1642
2.3717
2.3671
1.5281
2.0973
1.85
2.1821
2.0719
1.7582
1.8446
1.936
2.0049
2.2118
2.0323
1.9027
2.1524
2.0207
1.8552
2.1305
1.4295
2.1955
1.5749
1.976
1.9343
1.816
2.2455
1.9599
2.1843
1.7261
1.9639
2.0105
2.0788
1.5976
2.2398
1.9114
2.1855
1.8239
1.9326
2.0584
2.1177
2.191
1.8406
1.7469
2.1357
2.1835
2.0239
1.8443
1.95
2.0764
1.915
2.2377
1.8602
2.1053
1.8861
2.0693
2.1778
2.1183
1.5169
2.2385
1.936
1.5317
1.8131
2.002
2.0368
2.1712
1.6949
1.9378
1.9748
1.8173
1.845
2.4024
2.1292
2.0606
2.1829
1.7733
1.9652
1.9658
2.2771
2.1984
1.9033
2.0391
1.9117
1.7243
2.4469
1.6837
2.2572
2.3709
1.909
2.175
1.8502
1.7817
1.9101
1.8769
2.4143
1.7248
1.4965
2.4753
1.628
1.8568
2.1791
2.1884
1.8033
1.9399
1.9826
2.0095
2.0234
2.2809
2.1154
1.7884
1.8771
1.9668
2.2617
1.8357
2.0551
1.6796
1.5797
2.1606
1.7587
1.9242
1.9286
1.7886
1.9537
2.1357
1.9757
1.8905
2.2024
1.9808
1.695
1.7636
2.1041
1.8626
2.0885
2.3926
2.2426
2.0883
1.9755
1.9302
2.292
1.887
1.7138
2.1924
1.9614
2.3461
2.0105
1.7644
2.0009
2.2576
1.55
2.3283
1.8892
2.0848
1.7512
2.006
2.4195
1.7141
2.1891
1.6807
1.9972
1.9925
1.9687
2.0246
2.5114
1.7915
1.9283
2.0079
2.0321
1.7144
1.7777
2.0419
1.6609
2.1301
1.9855
1.7089
2.4444
1.7818
1.9306
2.0849
2.1455
1.962
2.0459
1.7695
1.8887
1.8646
2.0201
1.3613
2.2311
1.984
1.9154
1.9026
1.7258
2.2565
1.8388
2.2915
1.5899
2.0089
2.2238
2.2867
2.003
2.2045
1.8774
1.9931
2.1762
1.6649
2.3018
1.8394
1.6477
2.1327
2.0229
2.1092
2.177
1.6709
1.7605
1.4654
1.7977
2.2328
2.3485
2.0144
1.6467
2.1581
2.342
1.6766
2.0022
2.3759
2.0537
1.7473
2.0348
2.0206
2.385
2.1199
1.9061
1.73
1.9761
2.0118
1.7752
1.8499
1.9769
1.9238
1.9401
2.392
1.8716
1.9801
1.6433
2.1271
1.9734
1.9813
1.8802
2.305
1.695
1.7968
2.0025
2.3582
1.8245
1.7826
2.2901
1.5576
2.3763
1.9728
1.8265
2.2725
1.9648
2.385
2.0962
1.8244
1.7417
2.2497
1.8758
2.3084
1.7698
1.8928
1.5079
1.9143
2.1235
2.493
1.8539
2.2887
1.8299
1.9368
2.4971
1.7159
1.9234
1.8602
2.1109
1.5126
2.1443
2.1973
2.0682
1.7375
2.5686
1.7985
2.0284
1.9724
1.6508
1.9796
2.0279
2.0823
2.0873
1.8692
1.7052
1.9557
2.279
1.8258
2.0108
2.0447
1.9835
1.5491
2.062
2.0689
1.5882
2.224
1.9383
1.7797
1.9685
2.051
1.801
2.118
2.0774
2.2788
2.04
1.9347
1.9613
1.9819
1.7729
1.937
2.0628
1.6693
1.8475
2.1961
1.6732
1.841
1.676
2.7673
1.609
1.9085
1.9373
1.6739
2.1557
2.2636
1.7144
1.6923
1.7667
2.4477
1.9082
1.7431
1.8997
2.2546
2.4064
1.5696
2.0281
1.7408
2.0842
1.6936
2.0961
2.2677
1.8823
1.7838
2.0112
2.052
1.915
2.2162
2.0438
1.4765
2.0612
1.6969
2.0339
1.8354
2.1879
2.0642
1.8134
1.9379
2.1461
2.1901
2.0215
1.8305
2.0213
1.5826
1.7387
1.9278
2.5304
1.9705
1.9829
1.6882
2.1234
1.6685
2.3467
1.7104
2.2033
1.9349
1.9361
2.1527
2.0184
1.802
1.7499
1.5174
2.2897
1.769
2.1969
1.6602
1.9779
2.2498
1.6817
2.0878
2.486
1.7293
1.8609
1.9283
1.5495
1.835
1.9755
1.9508
1.7992
1.6519
1.8696
2.1576
1.8949
2.5469
1.5738
1.9755
2.0652
1.6056
2.0119
2.142
1.722
2.113
2.2413
1.7893
2.0303
2.0663
1.7744
2.3843
2.0566
1.9764
1.9131
1.7642
1.8489
2.0093
1.7594
2.0464
2.1382
1.6929
2.1065
1.806
1.9799
1.8339
2.0631
2.0589
1.6321
2.2754
1.8676
2.0388
2.1435
1.885
2.0419
1.9832
2.4016
1.9231
2.2924
2.3857
1.6349
1.7909
2.0844
2.2047
1.7343
2.0348
1.7297
2.0801
1.5567
2.1652
2.0115
1.6715
1.8732
2.1839
1.8805
1.8562
2.1655
2.5143
1.5906
2.352
1.9306
2.2108
1.5769
1.8115
2.4114
1.9067
1.8756
2.2136
1.8086
1.529
2.3082
1.9803
1.7906
1.9211
2.1796
2.0701
1.7102
2.303
1.909
2.0848
2.4485
1.9481
1.7775
1.812
2.0554
2.0302
2.1799
1.7076
2.2967
2.2628
1.9585
2.0179
2.3667
1.7745
2.1441
1.9231
2.2038
2.2077
1.9588
2.2298
1.9508
1.9006
1.9721
2.2608
1.8894
1.9587
2.3265
1.6043
1.9452
1.7879
1.9505
1.9732
2.2251
2.1112
1.6304
1.8636
2.3446
1.4892
2.0019
1.7303
2.366
2.2593
1.5342
2.2238
2.3343
1.6626
2.3234
1.7609
2.1108
1.8674
2.1019
2.0111
2.0966
1.6661
2.0304
2.1453
1.796
1.9482
1.9941
1.8765
2.2106
1.9898
1.8418
1.529
2.2635
1.9019
1.6518
2.2741
2.325
1.638
1.9605
1.8987
2.0154
1.7261
2.2355
1.7135
1.8352
2.1895
1.925
1.6055
2.077
2.0439
2.054
2.1958
1.8955
1.9113
1.988
2.4574
1.6473
1.885
1.9594
2.1512
1.9856
2.1244
1.8477
1.8902
2.0848
2.6659
1.8852
2.0344
2.04
1.959
2.5151
1.6566
1.7833
1.5257
2.35
2.103
1.7388
1.8835
2.1936
1.7948
1.8553
1.668
1.6832
1.9707
1.8921
1.9911
1.6244
1.8786
1.8248
1.948
2.108
1.817
1.6825
1.5526
2.4494
2.1841
1.9734
1.915
2.0062
1.7248
2.133
1.8965
2.1311
1.9848
1.6145
1.8699
1.8878
2.297
2.2126
2.0173
2.0894
2.0325
1.9606
2.3526
1.564
1.963
1.9464
1.6381
2.2467
2.1721
2.3807
1.3811
2.2021
2.0691
1.8161
2.2635
2.07
2.0368
2.2578
2.0103
1.6538
2.1503
1.875
1.8671
2.0395
1.5822
2.0823
1.8681
1.9889
2.0578
2.111
1.7355
2.1923
1.9665
2.0999
1.7947
2.328
2.0695
2.2705
2.5314
1.7205
1.6583
1.951
2.1551
2.0594
1.949
1.8203
1.9343
2.1373
1.8979
2.0633
1.7802
2.1156
1.9325
1.8281
1.9613
1.6766
2.0366
1.7644
1.9128
2.0432
1.7832
2.0497
1.772
1.9912
2.1672
1.8033
2.0082
1.7708
2.2733
1.628
2.1781
2.0009
2.2027
1.9117
2.6109
2.1508
2.3462
1.9201
1.8934
2.1597
1.5745
1.9267
1.9114
2.5747
1.8552
1.6427
1.9753
2.3033
1.8787
1.9396
1.917
2.0498
2.3374
2.0909
1.6407
2.348
1.7102
2.345
1.5769
1.9757
1.4757
2.283
2.0803
2.629
1.938
1.5984
2.1563
2.1529
2.1134
1.9277
2.2721
1.6916
2.1225
2.5751
2.2057
1.838
1.6611
1.7748
1.9685
2.3641
1.8806
1.5883
1.7264
1.9552
2.2443
1.8525
2.2678
2.1083
1.7743
1.7263
2.3291
2.0063
1.6511
2.3727
1.5722
2.0096
2.0342
2.2067
1.8968
2.1132
2.0164
1.5872
2.1333
1.5923
1.9899
2.046
2.2158
1.6342
1.9126
2.0395
1.6606
2.0924
1.6251
2.3486
2.0052
2.0492
2.1942
1.6964
2.1174
2.0999
1.9728
1.9753
2.5532
1.8536
1.9671
2.1888
1.856
1.9983
1.7502
1.9863
2.3631
1.4902
1.5068
1.9407
1.7422
1.9465
1.7925
1.9424
2.0992
2.1703
1.8586
1.6403
2.1207
1.7808
1.8742
2.0619
2.1472
1.9806
2.3293
1.8693
2.3828
1.6017
2.1674
1.9964
1.9521
1.7653
2.2111
1.8815
1.9317
1.7758
1.9538
2.1795
1.5628
2.6508
1.86
1.8472
2.0445
1.6606
2.0685
1.7777
1.7107
2.0041
2.0819
1.7223
2.0966
2.14
1.7724
2.5757
2.6789
2.0643
1.8267
2.0521
1.8986
1.7583
1.9353
2.1212
2.081
1.7837
1.7858
1.7518
2.1095
1.7331
1.9705
1.9126
2.0097
2.1801
1.9942
1.8746
2.0716
2.1592
2.0941
2.131
2.1071
1.6777
2.032
2.0275
2.002
2.0092
1.89
2.0733
2.1279
1.6993
2.1356
2.0392
1.531
1.8407
2.5053
1.9662
1.74
1.8965
2.4511
1.6088
1.9619
1.7772
1.9871
2.3013
1.267
2.2463
2.3215
1.679
1.7967
2.2435
2.1669
1.8523
1.7734
2.1186
1.7724
2.0149
1.4878
2.1201
2.2929
1.642
2.2364
1.56
1.9888
2.0523
2.1189
1.9271
1.903
1.9822
1.8909
1.9141
2.0303
1.5894
1.9482
1.8963
2.0621
1.5658
1.8152
2.4028
1.7301
1.9704
1.891
2.1653
1.777
1.8739
2.1288
2.0861
1.8615
1.9341
2.2983
1.642
2.6215
1.6473
1.8834
1.8518
2.1148
2.0447
1.6975
2.3273
1.5798
2.2669
2.1353
2.1465
2.0891
1.857
1.9033
2.0239
1.8553
2.1303
2.3458
1.7698
2.1518
2.2737
1.8781
2.0855
1.8561
2.2241
1.711
1.9198
2.0211
1.9129
2.1421
1.9433
1.8917
2.2148
1.9436
2.3009
2.5328
1.7735
2.0111
2.083
2.0049
1.9907
1.7247
2.1219
1.8157
2.128
1.8711
2.1811
1.6891
2.4268
1.9274
1.9193
2.0389
1.7033
2.2009
2.0157
1.844
1.7198
1.9724
2.2416
1.5674
2.0769
1.8324
2.2984
2.3022
1.7913
2.1084
2.0487
1.7648
2.14
1.8073
2.0779
1.8031
1.8035
1.845
1.7364
2.2483
1.631
2.4926
1.8391
2.2322
2.1678
1.8507
2.3689
2.053
1.888
1.8836
1.9828
1.6485
1.9503
1.6711
1.7147
2.3063
2.3605
1.5454
1.9354
2.2455
2.0454
2.1769
2.01
1.9561
1.9904
1.8515
2.3504
1.8923
2.5328
2.0405
2.0681
1.6957
1.7785
2.1898
1.7318
2.0066
1.89
1.8765
2.3452
1.7286
2.0787
1.9077
2.2008
1.8108
1.8411
1.9101
1.818
2.0897
1.7082
2.2195
1.7552
2.3162
2.1165
1.7744
1.8175
2.6121
1.7625
2.0422
1.6887
1.8556
1.9491
2.1357
1.6995
2.2344
2.0466
1.8357
1.5796
2.0217
1.9335
2.0656
1.8574
2.0071
1.9747
1.8801
2.4309
1.7888
2.135
2.0785
2.0647
1.8067
2.0633
2.0894
2.1998
2.018
1.9327
1.9942
2.2706
2.0794
1.9527
2.0881
2.2118
1.8041
1.7306
2.0552
1.9351
2.3747
1.8599
1.8162
1.7649
2.5654
2.1069
1.7036
2.1812
2.0737
1.665
1.893
2.0714
2.1444
1.8789
2.2975
1.8622
2.3665
1.7613
1.9851
2.0252
2.3096
2.1077
1.6603
1.6466
2.2465
1.9599
2.0142
1.7989
2.0866
2.1523
1.6866
2.3308
1.463
2.0023
2.2296
1.6758
1.9821
2.1906
1.9298
1.9564
2.3435
1.5756
2.0729
2.0777
2.1095
1.9967
2.0258
2.3964
1.9983
1.6393
2.3362
1.9317
1.9849
1.7718
2.2737
1.849
2.4243
2.0856
1.8383
1.7181
2.4223
1.7849
1.933
1.9684
2.0609
1.775
1.8587
1.9962
2.2708
1.658
2.2782
1.7824
2.1709
1.5742
2.0773
2.3541
1.46
1.7493
2.0168
2.3059
1.8585
1.8001
2.1485
2.1843
2.1882
1.9703
2.009
1.5822
1.9118
1.9712
2.2222
2.0371
2.0172
2.6208
1.894
1.5834
1.9981
2.0433
2.0235
2.0935
2.1737
2.4524
1.7728
1.6465
2.0056
2.1042
2.0695
2.356
1.9901
1.6037
2.2478
2.3224
2.3746
1.9677
1.7321
1.7729
2.0012
2.3652
1.5289
2.2244
1.8762
1.8745
1.8474
2.2964
1.7269
2.5131
1.7242
1.9558
1.7959
1.8993
1.9551
2.1742
1.3407
1.9039
1.9307
2.1421
2.1535
1.834
2.0555
2.1802
1.6616
2.2051
1.8016
1.732
2.2488
1.8702
2.081
1.9768
2.1156
1.6844
2.1579
1.7132
2.3995
1.9233
2.0256
2.1645
1.767
2.4716
2.0512
1.6018
1.9524
2.1381
2.191
1.7951
2.3113
1.9612
1.8926
1.6301
1.8866
1.9454
2.1323
2.0046
1.656
1.5623
1.5354
2.5761
1.8382
2.2191
2.1853
1.8219
1.9732
2.2102
1.7838
2.0331
1.7955
2.0404
1.7902
1.7761
2.2832
1.855
1.8071
2.0374
1.7412
1.9635
2.1859
1.7715
2.1626
2.0362
2.2758
2.6016
2.0055
1.7152
2.4255
1.8511
1.61
1.9547
2.1991
1.8625
1.7041
2.0754
1.8909
2.0267
2.1983
1.8517
2.3081
1.6684
2.265
2.0307
1.5942
2.4688
1.9196
2.1415
2.4773
2.0474
1.9366
1.9211
2.2665
1.6709
2.3335
1.9223
1.8615
2.1632
1.6667
1.684
2.2492
2.0058
1.704
2.2915
1.5058
2.0496
1.842
2.0391
1.8784
2.2665
1.6308
2.3587
1.6957
2.2551
1.9774
1.8969
2.3522
2.438
1.7022
1.9217
2.0041
2.1071
1.8313
2.203
1.6387
2.2787
1.483
1.974
1.9998
1.9482
2.3691
1.5821
1.7171
2.4984
1.7069
2.1062
2.0005
1.9811
1.8015
2.1384
1.6225
2.056
2.0379
1.9904
2.0255
1.9211
1.7018
2.2613
2.12
1.7598
1.8659
2.3356
2.0099
2.0179
1.9855
2.2381
1.8714
1.5333
2.0786
1.9775
2.1575
1.845
2.0783
2.2386
1.6799
1.9667
2.315
1.9576
2.1447
1.9216
1.9226
2.3444
1.7806
1.9423
1.8969
2.0019
2.2753
1.7747
2.1626
2.4215
1.7755
2.0692
2.4906
1.9806
2.2867
1.6081
1.9004
1.9638
2.4152
1.9057
2.0828
1.6338
1.9888
1.9366
2.2148
1.8346
2.2885
1.7715
1.7397
1.9819
1.8439
1.8409
2.2287
2.4542
2.0369
1.9759
1.7234
2.3344
1.1971
2.146
1.7199
1.9439
1.9852
1.7978
2.4115
2.3348
2.2739
1.7562
1.472
2.3691
1.9424
1.8013
2.5347
2.2582
1.8395
1.9315
1.9207
1.8243
2.0781
2.0359
1.9862
2.0708
2.1351
1.9956
1.7437
1.9898
2.0982
2.1328
1.8829
2.0328
2.1472
2.0701
1.9128
2.0011
1.6486
2.0309
1.8882
2.3646
1.8409
1.8781
1.7349
1.9392
1.9591
2.2068
2.085
2.166
2.3179
1.5062
1.9233
2.1797
1.9858
2.0516
2.0466
1.8828
2.2682
1.8711
1.8171
2.0165
1.913
2.0138
1.9515
1.8826
2.085
2.1951
2.0267
2.189
1.7148
2.0776
1.6355
2.2709
2.3737
2.0411
1.753
2.2481
1.9153
1.7338
2.2967
1.6038
2.0567
2.108
1.8714
1.9314
2.3545
1.978
1.8122
1.8496
2.0523
2.1538
2.3739
1.7151
2.1485
1.7043
1.9276
1.9996
1.9718
2.0346
1.8184
2.0983
1.8829
2.3625
1.7043
1.931
2.1262
1.8515
2.4382
2.0142
2.2774
1.9962
1.8622
1.8915
1.6968
2.0739
1.7
1.7855
2.0409
1.7107
2.235
2.1378
2.2646
1.8727
2.1372
1.8037
1.7285
2.3441
1.6919
2.2574
1.4378
2.6291
1.7759
1.889
1.8444
2.0892
1.8593
1.9091
1.9295
1.5826
2.1606
2.1041
1.9336
1.9059
1.6908
2.2077
1.6678
2.2059
2.084
1.8636
1.7181
1.9949
1.7133
2.0923
1.8753
1.7812
2.0253
2.094
1.9228
2.19
1.926
2.2066
1.7057
2.4133
2.0427
1.7508
1.7732
1.9149
2.0078
2.0659
1.9366
2.2547
1.9412
1.5663
2.1762
2.1098
1.6938
1.8824
2.1398
2.0419
1.851
1.7569
1.7614
1.6967
2.047
1.9099
2.1107
1.9882
1.8417
1.7154
2.5572
1.6263
1.8031
2.1907
1.5962
1.606
2.2632
2.1224
2.0495
1.7507
1.9712
1.5778
2.2336
1.9305
2.3545
1.6319
1.9303
2.1736
2.305
1.942
1.8311
2.1715
1.8884
2.3635
1.9701
2.0805
2.0482
1.6803
1.9357
2.3476
2.0729
2.1494
1.4874
1.5295
2.1574
2.2085
2.0428
1.8271
1.9193
1.8656
2.2106
1.8841
1.7756
1.5989
1.6796
2.1624
2.2974
1.7154
1.904
1.8955
2.2137
2.074
2.1043
2.0385
1.8775
2.1664
1.8064
1.9077
2.3285
2.0169
2.261
1.9063
2.3771
1.7479
2.1867
1.9243
2.0063
1.8722
1.7488
1.8453
1.8588
2.3
2.2296
1.7347
1.8548
1.8748
1.6429
2.3676
1.8597
1.9371
1.7126
1.8192
2.025
1.68
2.0577
1.7755
1.9022
2.4218
2.0819
2.2316
2.0617
1.9026
2.4323
1.7235
1.995
1.8228
2.1471
2.0015
1.8783
1.9544
1.6464
1.6029
2.1449
1.7711
1.8481
2.4005
1.7724
2.2493
1.9463
1.959
1.9779
1.7755
2.0418
1.5722
1.9947
1.8405
2.2337
1.8451
1.9685
1.7659
2.073
1.9102
1.6405
2.1249
1.9208
1.9739
1.6879
2.1487
2.3993
1.6386
1.9414
1.7143
2.3258
1.8555
1.8997
1.6848
2.3453
1.8864
1.6535
2.1359
2.3142
2.0969
1.9117
2.4641
1.8629
1.5869
1.9754
2.2649
1.9229
2.1043
1.8187
2.1853
2.1816
1.8274
1.7857
1.705
2.233
2.1281
1.6465
2.155
2.0147
1.9449
1.9095
2.1918
1.7727
2.2595
1.6779
2.1517
2.1052
1.5029
1.8675
2.2713
2.1906
1.7772
2.2205
1.9439
2.1926
1.7927
1.909
2.187
2.0555
1.5818
2.1132
2.0488
1.6175
2.0251
2.1863
2.3379
1.6966
2.241
1.562
2.3007
1.9851
1.6878
2.2029
1.98
2.4478
1.7829
1.644
2.2622
2.2816
1.886
1.7988
1.9669
2.0833
1.9554
2.2714
1.8823
2.0448
1.8532
2.3534
1.706
2.3383
1.7917
1.9127
2.0095
2.2528
1.7665
1.91
1.9572
2.0367
1.919
1.7788
1.9335
1.8309
2.1057
1.9974
1.9151
1.677
2.0416
2.2324
1.7898
1.7809
1.8268
2.0362
1.6855
2.1007
2.1789
1.8758
1.6679
2.3342
1.6758
2.233
1.6743
1.7954
1.9612
2.1932
1.6078
2.4537
1.695
2.0226
1.9017
2.1275
1.9805
1.992
2.0446
1.9664
1.6016
2.4215
1.6503
2.224
2.0345
1.9146
2.223
1.8053
2.2001
2.1679
2.2039
1.4302
1.9752
2.2021
2.0909
2.3422
1.6708
1.8346
1.6471
1.9665
1.9343
2.3799
1.6434
2.0089
1.8954
1.8577
2.4507
1.5998
2.3884
2.0403
1.8821
1.9967
1.9615
2.1591
1.7343
1.9775
1.8976
1.9851
1.9911
2.0536
1.7033
2.302
2.0126
2.1144
2.3044
1.9774
1.8458
1.8676
2.1807
1.9076
2.2524
1.7264
1.8792
2.1712
2.3193
1.9869
1.9181
2.0111
1.9195
1.7038
2.034
1.8353
1.6199
2.136
1.8969
1.9061
1.8867
2.1418
1.8178
2.2556
1.7602
2.3438
2.0738
2.0211
2.3343
1.7172
1.981
1.6426
1.873
2.1683
2.1356
1.7955
2.3152
1.8116
2.0135
2.3082
1.7464
2.1742
1.7925
1.6895
2.1115
1.7535
1.8662
1.997
1.9358
2.2772
2.0195
1.977
1.8298
2.0544
2.0599
1.9
2.2624
2.3596
1.8267
1.5595
2.3302
2.1222
1.9108
2.1571
1.6799
2.2516
1.806
2.0471
2.0392
1.9252
1.9653
1.7919
2.1447
1.6279
2.1157
1.4927
2.5379
1.8945
2.4534
1.8807
2.0953
2.0687
1.7806
1.8516
1.8391
2.6589
1.9254
1.8483
1.9911
1.7815
1.9022
1.7495
2.2488
1.8602
1.9325
1.7327
1.9643
2.0785
1.9739
1.8842
2.2074
1.7794
2.2028
2.1397
1.7709
1.7799
2.6218
1.9722
1.364
2.06
2.7857
2.0459
1.9929
2.0081
2.0226
2.0054
1.8772
2.0322
2.0697
1.824
1.805
2.0271
1.7994
2.3943
1.9211
1.5599
1.9697
2.2575
1.985
1.8004
1.9814
2.104
1.387
2.2015
1.4509
2.0725
2.027
1.7818
1.7155
2.4507
2.2885
1.8849
1.9191
2.1367
2.2922
1.3971
1.8216
2.3278
1.8119
2.2319
1.9154
1.8183
2.125
2.3468
1.5597
2.1836
2.2033
1.9493
1.7766
2.1268
1.9086
1.9131
2.0561
1.8443
2.3838
2.1452
1.6695
2.2454
2.009
2.0922
2.4081
1.7718
1.4661
1.9796
2.3367
1.5702
1.6205
1.9625
2.0086
2.006
2.3975
1.8517
2.3961
1.9819
1.6831
2.2118
2.1161
1.9985
2.2584
1.7284
1.7207
2.1911
2.1714
1.8929
2.1108
2.4726
2.0419
2.0257
1.6809
2.2262
1.7729
2.1524
1.5988
2.1881
1.5847
1.7168
2.3636
1.9666
1.951
1.9513
1.8184
1.905
1.9857
2.0297
1.7567
1.9892
1.851
2.0305
1.8079
1.9327
1.9431
1.789
1.7973
1.9756
1.7956
1.9397
1.9237
2.7555
1.5035
2.1823
2.0827
2.2567
1.6213
2.0055
1.7304
2.5277
1.9404
1.6881
2.3163
1.7313
1.8595
2.1303
2.0332
2.2592
1.7617
1.9782
1.8853
1.9
1.9881
1.9131
1.8941
2.0468
1.9003
1.8315
1.7468
2.2616
1.8094
2.0529
1.652
1.761
2.4926
1.8138
1.9836
1.7799
2.0614
2.3523
1.9489
2.1149
1.7623
2.2475
2.4269
1.5687
2.0699
2.1676
2.0885
1.5714
2.2668
2.2873
1.5088
2.327
1.7107
2.0282
1.6102
2.0791
2.068
1.865
2.307
2.1996
2.3262
1.9429
2.073
2.1098
1.7659
2.3869
1.9465
2.0852
2.1932
2.2202
1.8976
2.1722
1.9141
2.0527
1.9119
2.0062
1.6939
2.3413
1.4875
2.0802
1.8736
1.7823
2.2368
2.4405
1.8564
1.9832
1.8884
2.2317
2.1662
1.6369
1.9309
2.1067
1.4341
2.1594
2.1078
2.1101
2.0799
2.1109
1.6687
1.9901
1.9986
2.4591
1.8869
2.0843
1.7989
1.7972
1.8545
1.8691
1.981
1.855
2.0082
2.26
2.2905
1.9052
2.1909
2.1804
1.6847
2.1649
1.7924
2.3823
2.2249
1.7328
2.117
1.6748
1.7153
1.7425
1.9254
2.1389
1.7667
1.9491
1.9808
1.3949
2.2086
1.7754
2.2852
1.6432
2.5027
1.5391
2.3171
1.8084
2.1534
2.0538
1.5059
2.1768
1.9855
1.894
2.0741
2.3901
1.765
2.0888
1.999
2.0864
2.4896
2.0177
1.8671
2.1255
1.6426
1.8965
1.9444
2.1183
1.9941
1.7609
2.2956
1.8612
2.1158
1.9666
1.365
2.2276
1.6255
2.1238
2.0466
1.9823
1.7106
2.1006
2.1935
1.8624
2.1586
1.6846
2.3006
1.7675
1.8597
1.7487
2.2833
2.1323
2.1274
1.9229
1.6023
2.0723
2.2866
1.9293
2.4728
1.6324
1.9908
1.5573
1.9329
2.1088
1.9639
1.6796
2.4866
1.9102
2.2142
1.9038
1.8792
1.9145
2.0329
2.044
2.2183
2.4224
1.9209
1.5831
1.8513
1.9006
1.8191
2.3352
1.9804
2.459
1.7243
2.1814
1.9854
1.863
1.966
1.8173
2.2403
1.676
2.2126
2.0538
2.0333
2.0683
1.6067
2.2781
1.8115
1.9928
2.0849
1.923
1.7252
1.6692
2.2594
2.3222
2.0889
2.0465
1.9813
1.7631
2.152
2.4326
2.2031
1.9238
2.2415
2.1074
2.3451
1.3503
1.9015
2.1526
2.0149
1.8593
2.1749
2.1562
2.0298
2.2438
1.9258
1.7111
2.3425
1.8486
1.9972
2.052
1.9444
1.8276
1.7855
2.1015
1.6052
2.4961
1.8327
2.0398
1.8672
2.1345
1.8475
1.7343
2.0948
2.0508
1.7858
2.1218
1.9164
1.8255
2.1694
1.9765
2.0543
2.1089
1.8654
2.3606
2.2321
1.9288
1.7166
2.1979
2.2514
2.3243
1.6245
2.3517
2.2086
1.6893
2.4032
1.7314
2.3341
1.824
2.4219
1.649
1.8393
1.9866
2.2776
1.9185
1.8858
1.8734
1.7724
1.73
2.1501
1.9523
2.26
2.1739
1.8631
1.4606
2.0609
1.9734
1.9765
1.9366
2.2784
2.1273
1.4449
2.4184
1.9959
1.7714
2.3118
1.9711
2.0277
2.0193
1.8136
1.9274
2.0917
2.1415
1.7815
2.0434
1.6388
2.444
2.3558
1.8867
1.9342
1.9808
1.677
1.9858
2.0556
2.2174
1.9294
2.1221
1.6252
1.9581
1.93
1.8525
1.9327
1.9541
2.4198
1.8073
1.543
1.6918
2.1749
1.9884
2.2159
1.8945
1.8605
1.7606
1.9152
2.2431
2.1715
1.8525
1.9525
2.2449
1.7135
2.0046
2.0237
1.8017
2.3843
1.5194
2.0581
1.5891
2.021
1.87
2.0522
1.9219
2.4724
2.2175
1.4879
2.4361
1.78
2.0816
2.1445
1.9754
1.6285
2.0354
1.8106
1.9715
2.0113
1.7935
1.4504
2.075
2.1427
1.8739
2.1473
2.1164
2.3022
1.6917
1.7279
1.8425
1.8069
2.0073
2.0767
1.9941
2.0524
1.6783
1.8824
2.2493
1.4214
1.9215
2.203
1.8204
2.1033
2.1574
1.837
2.1647
1.7079
1.8868
1.7943
2.0512
1.7092
2.4152
2.0492
2.0094
1.9386
2.0869
2.1166
2.0066
2.0473
2.0271
2.2821
1.4989
2.2867
2.5158
1.8996
2.101
1.9047
2.0376
1.7169
1.9748
1.5517
1.7283
2.0537
1.9597
2.0096
2.0376
1.9047
2.6024
1.4713
2.1052
2.0555
1.6896
2.2982
1.8399
1.8174
1.4414
2.3249
1.7431
2.2453
1.8119
1.8599
2.1597
1.8824
1.5907
2.2732
2.2741
1.9431
2.0191
2.0136
2.0379
2.155
2.3346
1.8283
1.7569
1.9041
2.1692
1.9651
1.9509
1.8552
2.3367
1.7488
1.8458
2.2151
1.926
2.1901
1.6847
1.9427
1.5997
2.0297
1.9432
1.6071
2.1348
1.7052
2.1656
1.8443
1.9652
1.9717
2.2294
1.6272
2.6865
1.7154
1.5036
2.0479
1.978
1.6693
2.0069
1.7703
1.8567
2.0766
2.0891
1.7262
2.0177
1.8955
2.0912
1.5301
2.0755
2.1794
1.7589
1.7668
2.019
1.8577
2.0005
1.3665
1.9399
2.5158
1.7638
2.1166
1.9861
1.7469
2.4079
2.004
1.7796
2.7497
2.0301
1.7637
1.8005
2.4031
1.9518
1.9021
1.875
1.6967
2.5454
1.8802
2.0525
1.6021
2.2121
1.7397
2.367
1.8239
2.0377
2.2421
1.8375
2.2127
1.7781
2.3802
1.9454
1.9147
2.0324
2.0337
1.9983
1.5927
2.1084
2.1197
2.0133
1.8139
2.0081
1.7104
1.9648
2.2464
1.605
1.8501
1.993
2.0655
1.944
2.4492
1.8698
1.9606
2.1648
2.0076
2.3006
1.7363
1.8772
1.9694
2.0921
1.5835
2.1729
2.2032
1.8193
1.9238
1.7551
2.5291
1.9702
2.0735
2.0344
2.334
1.7684
2.2958
1.8642
1.9062
1.8485
1.836
1.8565
2.5622
1.578
1.8895
1.9623
2.1957
1.6257
2.2782
1.6808
2.0547
2.0436
1.799
2.16
2.0384
1.9429
2.0343
1.9587
1.9632
1.7163
2.5848
2.009
1.8077
1.7686
2.2745
2.1432
1.8809
2.1877
2.2646
1.7664
1.904
2.0782
1.8934
1.961
2.2692
1.8802
1.6056
2.0712
1.9551
2.3537
1.6888
2.057
1.6959
2.1731
2.0568
2.2038
1.8224
1.9744
2.0127
1.5953
2.1316
1.8768
1.9721
1.8581
2.0443
1.8796
2.1892
1.8842
2.0056
2.2542
1.8583
1.8442
1.8657
1.9046
1.7797
2.243
1.87
1.9397
1.8161
1.8223
2.3469
1.9951
2.0636
2.252
1.8822
1.6316
2.1761
2.1947
1.7682
1.9116
2.264
1.9737
1.8378
2.3662
1.8646
2.1119
1.7381
1.7964
2.026
2.0226
1.9169
1.8627
2.0112
1.8759
1.9606
2.3913
1.8762
2.0807
1.4585
2.02
2.1697
1.832
1.6692
1.9324
1.7418
2.0396
1.8447
2.1368
2.3899
2.0303
1.9012
2.6615
1.4879
2.194
2.0802
2.4813
1.5794
1.8051
1.9209
2.2326
2.527
1.6894
1.9004
1.7418
1.9976
2.1169
1.9292
2.2081
1.9569
1.9541
2.0171
1.7777
2.287
1.9256
1.9936
1.7344
1.7809
2.2028
2.0026
1.8021
2.2517
1.6408
1.944
2.0654
1.79
1.937
2.0601
2.0875
2.0635
1.9335
2.3079
2.3804
1.5811
2.3976
1.6813
1.8771
1.9405
2.0165
1.6964
2.2917
2.0738
1.4138
2.4469
1.6805
1.8046
1.9848
2.1777
2.0422
1.9555
2.1089
1.7654
1.8211
1.9336
1.8404
1.5749
2.0979
1.8431
2.3552
1.7371
1.7261
2.5617
1.9836
1.8606
1.8507
1.7653
1.8524
2.4747
1.7776
2.2601
1.7006
2.4306
1.6678
2.1565
2.1591
1.878
2.1364
1.991
2.3399
2.5145
1.8934
1.6356
2.1497
2.2088
2.3227
1.8602
1.9225
2.1971
1.5877
1.8244
1.9285
1.6836
2.0128
2.5286
1.407
2.7046
1.9323
2.0697
1.9744
2.0465
1.6078
2.0021
2.202
1.9628
2.1005
1.8668
2.1833
1.672
2.0914
2.1368
1.6706
2.0385
1.9379
1.8539
2.0353
1.9843
2.3613
1.8023
1.8994
2.3111
2.224
1.9051
1.7838
2.1179
2.4964
1.9944
1.6001
2.3664
1.8561
1.852
2.6931
1.7113
2.1608
1.9901
2.1871
2.1171
2.2239
2.0112
1.9414
2.2399
2.0296
1.6199
1.9765
1.8857
1.8405
1.9878
2.0513
2.7285
1.5992
1.9332
2.2702
1.8208
1.9472
2.3747
1.8198
2.087
1.8324
1.9233
1.829
2.3434
1.9951
2.2532
2.0614
2.3484
1.7714
1.9921
1.8627
2.1992
1.9182
1.7756
2.2606
1.8902
1.9497
1.7151
1.8808
1.7638
2.4349
1.5807
1.9183
2.3508
1.6278
1.6758
2.2229
2.1006
1.9411
2.0359
2.0929
1.8552
1.7529
1.7753
2.1498
1.7745
2.0407
1.6605
1.9949
2.2655
1.9917
1.9771
2.2202
2.0928
1.9054
1.8882
2.1478
2.1106
2.1296
2.0725
1.7621
2.0861
2.055
2.3701
1.8389
1.8134
1.5672
2.5739
2.2885
1.7387
2.0201
2.1987
1.5909
1.9639
2.4201
1.966
1.6252
2.2079
2.0075
1.8047
1.646
2.218
1.7424
2.0989
2.2113
1.6299
2.2681
2.2904
1.9617
1.8263
1.8807
2.1882
1.8983
2.107
1.8913
1.9036
2.5348
2.252
2.1609
1.7777
2.4684
1.6218
2.0336
1.8902
1.6411
2.0501
2.1183
2.0371
2.1306
2.0722
2.2577
2.1183
2.0247
1.8191
2.2386
1.9694
2.0991
2.2146
2.0455
2.0706
2.008
1.8188
2.1768
2.0283
2.0831
1.628
2.0296
2.1377
1.8241
2.5769
1.7535
2.0732
1.8969
1.9207
1.5819
2.0338
2.0758
1.9192
2.1221
2.0781
1.7311
2.002
1.8192
2.1078
2.0906
2.0883
1.5829
2.2435
1.8683
2.3812
1.6668
2.2977
2.3604
1.8046
2.0741
2.0243
1.7171
2.111
2.136
1.7627
2.0843
1.5018
2.0848
1.6683
2.3602
2.1284
2.1958
2.0867
1.8809
2.2593
2.1081
1.4678
2.6176
1.7171
2.4766
1.8815
1.7972
2.2099
2.1149
1.8014
1.7526
2.0431
1.928
1.7157
1.9292
1.9334
2.2268
1.9235
1.8372
2.2371
1.8774
2.2926
1.8307
1.7059
2.1093
1.8425
2.2667
1.5848
1.7762
2.3687
1.6178
2.0212
2.1184
1.9034
1.9456
2.0171
1.8621
1.8545
1.9609
2.0058
1.9226
1.8127
1.9837
2.3136
2.0668
2.34
1.9677
1.8711
1.7816
2.0188
1.9863
1.931
1.803
2.1279
1.8778
2.2288
2.0669
2.3491
2.2384
1.7262
2.1641
1.7639
2.0402
2.3255
2.0672
1.6602
1.752
1.5745
2.0712
1.7556
1.9693
1.7872
2.1882
2.0933
2.0004
1.7805
1.4264
2.1285
1.9142
2.0503
2.1043
1.9656
1.6554
1.7995
1.7589
2.6268
1.6608
2.3818
1.638
2.0769
1.8192
1.7369
2.2558
1.9631
1.4785
2.4829
1.8725
2.1942
1.8968
2.0669
1.801
1.9125
2.0919
2.1465
1.905
1.937
1.6468
1.9754
2.0666
1.872
2.3362
1.6632
2.4843
1.8445
1.455
1.9564
2.5838
1.615
2.1622
1.6079
2.4929
1.6442
2.0688
2.0268
1.85
2.7006
2.2818
1.6626
2.155
2.0745
2.0787
1.9687
2.2086
1.448
2.229
1.8744
2.188
2.2388
1.8323
1.9913
1.8199
2.0286
1.9708
1.785
1.7638
1.7976
2.1766
1.862
1.8563
2.2444
1.886
1.8345
1.8935
1.7053
2.1302
2.1765
1.7864
2.0416
2.311
1.945
1.7545
2.0647
1.7654
2.4064
1.7628
1.8261
1.843
1.915
2.0942
1.643
1.9822
1.9465
1.6202
2.316
2.3704
2.0131
2.2018
2.2028
2.079
2.1109
1.5556
2.1844
2.0215
2.2352
1.7851
1.4975
2.2759
1.8663
2.1373
2.0748
2.1449
2.0917
1.9007
2.3505
2.0453
1.6597
1.9228
1.8148
2.0096
1.7292
1.9788
1.7852
2.2356
1.749
1.9749
1.8924
1.9394
1.6512
1.8224
1.9981
1.8693
1.5641
1.883
2.2158
1.9185
1.8074
1.8608
1.8417
2.5839
1.7198
1.987
1.7384
1.7995
1.8431
2.1401
2.1064
1.6945
1.7512
2.09
1.7434
2.2846
2.2679
2.1459
1.793
1.8003
2.0308
1.6364
2.7493
1.8637
1.9794
1.9567
1.9353
1.6744
1.7542
2.1328
2.2945
1.6365
2.0227
1.8252
1.9442
1.754
1.8244
2.1728
2.0736
2.2875
1.7661
2.2645
1.7275
2.0499
1.9373
1.7054
2.4229
1.8608
1.8515
2.2316
2.1027
1.8818
2.3323
1.6157
1.7968
1.9651
2.3574
2.2751
1.9483
2.2977
2.0823
1.6674
2.1535
1.6266
2.1064
2.4703
1.8092
1.9212
2.0184
1.5625
1.9043
2.6592
2.1762
1.8139
2.1082
1.9322
1.7234
1.8842
1.9795
2.3177
1.8297
1.7495
2.4835
1.2832
2.1462
2.3984
1.5964
2.2611
2.0231
2.0227
1.6637
1.9012
1.7788
2.1017
1.9303
2.1017
2.1656
1.8164
2.0881
2.0668
2.047
2.1559
1.9921
2.119
2.1042
2.0708
2.2487
1.9051
2.0657
1.7353
1.9427
1.9611
2.0446
1.5823
2.0251
1.7694
2.1676
1.725
2.4774
1.8271
2.011
2.0569
1.7093
2.2222
2.0706
1.9788
1.7941
1.9801
1.3925
2.3627
1.9403
2.1331
2.112
1.4123
2.1322
1.7426
2.6176
1.932
1.8872
2.116
2.2176
1.6976
1.864
2.0869
1.7937
1.9503
1.6831
2.0969
2.3182
2.1927
2.2984
1.4644
2.0953
1.6931
1.896
1.7361
1.9522
1.9622
1.8316
2.1539
1.9343
1.6501
2.3755
1.6942
1.9419
1.9586
1.8315
2.3723
1.729
2.1544
1.6906
2.0583
2.5897
1.7523
2.1957
1.8979
2.0167
1.8056
2.0934
1.9492
1.8947
2.2972
1.8847
1.8815
1.6692
1.8678
2.2263
1.6978
2.406
1.4885
2.0036
2.4121
1.7705
1.8921
2.3474
1.6311
2.0666
1.5814
1.9842
2.0707
2.0725
1.7
2.4563
2.1387
2.1512
1.9474
1.5992
1.6881
1.9671
2.2175
1.6785
2.3063
1.9535
2.5844
1.9661
2.1606
1.6173
2.1847
2.5078
1.5236
2.3107
1.998
1.8993
1.8886
1.8867
1.428
2.1895
2.47
1.6568
1.9487
1.67
2.1561
1.8762
1.8422
2.0688
1.9854
2.2648
1.4685
2.0835
2.0275
1.7194
2.0093
1.7757
2.5578
1.5524
1.9366
2.0512
2.2218
1.5224
2.1431
1.721
2.1342
1.8883
1.6691
1.98
1.9949
2.2938
1.7317
2.1839
2.4654
1.6398
1.9853
2.1525
2.1804
2.4128
1.7145
1.5016
2.2917
2.1062
1.9698
2.1703
1.9002
2.5414
1.8359
1.9823
1.7562
2.0514
1.7766
2.0858
2.2036
1.9166
1.8525
1.9683
1.7294
2.3539
2.0777
1.7398
2.409
1.9157
1.9424
1.9
1.9475
2.5346
1.6509
2.3292
1.7268
2.0897
2.1164
1.8989
1.7831
1.6546
2.1989
2.1314
1.6676
2.3586
1.978
1.8675
2.0239
1.6913
1.9348
2.0415
1.9547
1.8778
1.8473
1.9611
2.1292
2.1891
1.9364
1.8998
2.1753
2.207
2.1664
1.6402
1.7212
2.053
2.7155
1.6627
2.298
1.7316
2.1355
1.9787
1.993
2.2339
1.982
2.0083
1.8985
1.6966
2.0796
1.7547
1.7009
2.5131
1.8102
2.0942
1.7286
2.0274
2.1689
1.874
2.2645
1.6241
2.3468
2.1196
1.8041
1.9145
2.132
2.2854
1.8138
1.6783
2.0691
2.1743
1.4451
2.365
1.8631
2.2701
1.7214
2.1703
1.8565
1.9521
2.309
1.7298
1.9565
1.7284
2.0255
2.2714
1.9154
2.1335
2.1526
2.0665
1.9973
2.3325
1.9629
2.3528
1.6592
2.0909
1.7601
2.0635
2.0812
1.793
1.7994
1.8169
1.979
2.2363
2.0005
1.6808
2.2498
2.0799
2.0152
1.9351
1.8124
1.5003
2.353
2.0481
1.8819
1.9912
1.8822
2.3265
2.0705
2.0349
1.5997
1.9694
1.7848
2.0165
2.0331
1.6365
2.2168
1.8354
2.19
1.9094
1.5873
2.0831
1.8956
1.8843
1.805
2.2346
1.9988
2.2386
1.8823
1.884
2.3609
2.021
1.7041
1.8796
1.8618
1.888
2.0536
2.125
1.8152
2.1074
2.0442
2
2.039
1.9678
1.8748
2.0438
1.9913
1.6049
2.108
1.8006
2.0511
2.2808
2.1043
1.9832
1.7457
2.1116
2.0617
1.9183
1.8144
2.5122
1.6907
1.9846
2.0808
2.0682
2.2175
1.9026
1.9778
2.4421
2.2329
1.8528
2.1566
1.9593
2.0813
2.3622
1.632
1.9872
1.9229
1.8572
1.7239
1.9919
1.9242
1.9861
1.6231
1.8913
2.2499
2.0233
1.8214
2.0298
2.2644
1.6586
2.0566
2.2906
1.7911
1.9318
2.3415
1.8342
1.6612
2.3376
2.0529
1.714
2.2457
1.5628
2.6828
1.3244
2.1243
2.3428
1.8695
2.0725
2.0114
2.0765
1.792
2.0004
2.3718
2.0344
1.8604
2.0764
1.7139
1.8791
2.1932
2.1156
1.9379
1.7685
1.7187
2.1178
2.0718
2.0318
2.0948
1.7325
1.9253
2.1767
2.0542
2.2255
1.6222
1.8745
2.2754
1.794
2.1047
2.2098
1.954
1.5591
2.0374
2.3185
1.921
1.9019
2.0183
2.2053
1.871
2.1206
2.0156
2.2787
2.0119
1.6094
1.9093
1.9426
1.8342
2.2087
2.3376
2.0235
2.3442
1.5964
2.0342
1.7697
2.2733
2.1153
1.91
2.5083
1.7805
1.7332
2.0863
1.6729
2.1485
2.4375
1.8855
2.1062
1.7565
1.7602
2.0793
1.8364
2.2717
1.8754
1.7379
1.9084
2.0002
1.5244
2.0781
2.2553
2.3548
1.8871
1.6897
2.344
2.2713
1.7569
2.011
1.68
2.4355
1.7213
1.9484
2.0936
1.6898
2.2028
1.9835
1.907
1.5713
2.5028
1.6941
2.5157
1.6353
1.8959
1.7709
2.0492
2.178
1.624
2.1818
2.2569
2.0491
2.1876
2.0899
2.115
1.8888
1.9313
2.134
1.8677
1.9486
1.8591
2.1383
1.8766
2.1974
1.9051
2.0343
1.8764
1.988
2.2288
1.773
2.4235
1.6755
2.0149
2.1218
2.1378
1.9771
1.9143
1.5135
2.156
2.1308
1.9631
1.9938
1.826
1.8336
1.995
1.7655
1.8973
2.2809
1.8915
1.8765
1.879
2.2493
2.4166
1.4957
2.0687
1.9749
2.0235
1.5948
2.3523
1.9367
2.1712
1.9024
2.1238
2.0384
2.009
1.8675
2.0167
1.9223
2.383
1.6594
2.1495
2.0008
1.7012
2.533
1.9544
1.7229
2.1741
2.4784
1.8662
2.0542
1.6772
2.3173
2.1652
1.9671
1.9412
2.0655
1.9701
1.985
2.0758
1.7059
2.3319
1.8175
1.5233
2.3633
1.2536
2.0044
2.7243
1.6888
1.5141
2.2252
1.8534
1.9795
1.9786
2.2998
2.443
1.8191
2.0249
1.5066
2.3083
1.7854
2.0034
2.1862
1.7141
2.2632
2.5127
1.6445
1.7705
2.1342
1.702
2.3091
1.9055
1.9579
2.0874
1.8991
1.6085
2.077
2.139
2.0478
2.0631
1.9576
1.7856
2.3179
2.3838
1.8777
1.9111
1.9948
1.891
1.8876
1.6496
2.261
2.1853
2.0553
1.8238
1.8406
1.5985
2.062
2.0449
2.0619
2.2624
1.8935
2.0273
1.9826
2.3227
2.1498
2.0566
2.3149
2.3345
1.7459
1.753
2.3262
1.9164
1.8149
2.1456
1.9842
1.9538
2.0911
1.4389
2.6287
1.5698
1.9089
1.9257
1.995
1.8761
2.1785
2.2481
2.1236
2.1804
1.6098
2.1534
2.1032
1.7377
2.0648
2.4433
1.8117
2.0447
1.7077
2.0378
2.0654
2.1708
1.5911
2.1356
1.5613
2.3249
1.8039
2.0179
1.8369
1.9376
1.8029
2.1008
1.9631
1.8234
1.5761
2.2785
1.927
2.3249
1.8627
2.1226
2.1249
2.1432
1.8596
2.1368
1.8327
2.1515
2.0095
2.1604
1.5198
2.1908
2.3306
1.9006
1.9024
1.9192
2.4243
1.857
1.8003
1.8053
2.2403
1.6243
2.2635
1.9927
2.1479
1.8785
1.7127
1.8911
1.8726
2.1865
1.8743
2.1428
1.9517
2.6989
1.9591
1.9119
1.8121
2.1784
1.6889
2.0839
2.17
1.9075
1.9022
2.0111
2.3098
1.8842
1.5579
1.7791
2.2094
1.5051
1.8469
2.1087
1.9418
1.6127
2.2025
1.8133
2.1302
2.1148
1.8747
2.0287
1.7837
2.0795
2.5468
1.9718
1.9687
2.0251
2.0934
1.9376
1.92
1.7545
1.9356
2.3324
1.5058
2.1377
1.8142
1.614
2.0123
2.0213
1.8374
1.611
2.3701
1.8808
1.9367
1.7971
2.5749
2.3387
1.9126
1.9282
1.7106
1.9308
2.0018
2.1041
1.6853
1.5386
2.1133
1.9789
1.7944
1.9864
2.1879
2.0195
1.9441
2.3949
2.0489
1.8245
1.8761
2.2545
2.1106
2.0477
1.9115
2.3029
1.8674
2.1978
1.8365
2.2801
1.7659
2.0442
1.911
1.956
1.5005
2.1864
2.0731
1.8903
1.7609
2.3301
1.6523
1.9992
1.7762
1.6171
2.1656
1.9287
2.2581
1.7404
2.0837
1.7878
2.1882
1.7241
1.9923
1.8779
1.5751
2.274
2.0004
2.1679
1.6275
2.1428
2.1207
2.1963
1.7629
1.8909
1.8837
2.0706
2.2488
2.5191
1.4699
1.9325
1.8286
1.9137
2.1496
1.7456
1.7121
1.9869
1.7677
1.8622
1.7968
1.8935
1.9784
2.2731
1.9766
1.9807
1.6229
2.3468
1.7586
2.2837
2.1534
2.0129
1.6647
2.2669
2.2383
1.7989
1.7672
2.0194
2.0247
2.5145
2.017
2.1933
2.1286
2.0963
2.1155
1.87
2.2223
1.912
1.7987
2.2223
1.6798
2.0283
2.1439
1.6514
1.946
1.7259
2.2655
2.0023
1.6375
1.6931
2.3582
1.9808
1.7243
2.2877
2.3313
1.5693
1.8041
2.3939
1.8658
2.0077
1.923
2.1361
1.4114
2.3573
1.641
1.7447
2.2827
2.1498
1.9566
1.744
2.0291
1.8065
2.4849
1.8262
1.8
2.7141
2.0202
1.342
2.354
1.9628
1.6611
1.861
2.4144
1.9553
1.5534
2.3521
2.1818
2.0958
1.3072
2.0862
2.1031
2.0389
2.2994
2.0606
1.8005
2.2442
1.8473
2.3896
1.954
2.2814
1.8292
1.7097
2.1935
2.1737
1.9283
1.6509
2.4996
2.0682
1.9335
1.9997
1.6958
2.0761
1.5707
2.2882
1.8295
1.7186
2.2274
1.5889
2.0507
2.1321
1.7411
2.1778
1.7576
1.5973
1.9898
2.0611
1.8854
2.0189
1.9045
2.3968
1.6385
1.9301
2.0055
1.9931
1.8345
1.7049
2.2264
1.7269
2.4533
1.7908
1.941
1.6967
2.0811
2.2819
1.6192
2.0119
2.3123
2.2228
1.5816
2.0825
2.2311
1.9701
2.1262
1.9145
2.039
1.9842
1.7805
1.8073
1.9343
2.3466
1.8552
2.1377
1.9752
1.8937
1.7905
2.3599
1.8394
1.7141
2.0612
1.8606
1.8575
1.9392
1.9067
1.9166
1.9317
1.9784
1.9542
2.0898
1.8951
1.8091
1.7969
2.2958
1.9393
2.0947
1.7424
2.5301
2.0311
2.1699
1.5834
2.6519
1.7877
1.9803
2.0714
2.088
1.9375
2.2361
2.1442
1.7236
1.9446
2.0069
1.8847
2.1797
1.8674
1.7283
2.038
1.9477
1.9215
1.4473
2.1551
2.1135
1.7251
1.8357
1.8874
1.8144
2.0255
1.7199
1.806
2.1994
1.8676
2.3039
1.4571
1.8443
2.4407
1.7162
2.5204
2.2088
1.9153
2.2384
1.6532
2.2324
1.9999
1.8165
1.7609
1.9521
2.388
1.9608
1.738
1.8549
2.0591
1.9244
2.2657
2.0405
1.7557
2.1211
1.6837
2.1122
1.9901
2.0511
1.9702
1.4724
2.3768
1.7136
2.1574
1.895
2.0008
2.0986
1.6155
2.0723
2.0268
1.9918
1.7816
1.8549
1.5919
2.0904
2.1504
1.8513
1.8342
2.3648
1.5867
2.3892
2.0345
2.3194
2.1272
2.2343
1.9457
1.3163
2.0735
1.9691
2.3034
1.6428
1.9898
2.3825
1.7232
2.1986
2.1565
1.9188
2.0162
2.2605
1.7219
1.8662
2.2115
2.1735
1.5977
2.0874
1.703
1.9645
2.078
1.9092
2.1142
1.8809
1.3108
2.5068
2.1214
1.8122
2.02
2.0108
1.5889
1.8604
2.0302
1.4923
2.4797
1.7275
2.1442
2.1278
2.1508
1.9761
2.1137
1.9599
2.2169
1.9654
1.8422
2.3407
2.0199
2.1348
2.0153
1.8762
1.8792
2.1755
2.0863
1.7844
2.0946
1.5172
1.8796
2.2325
1.8181
2.2421
2.1115
1.9557
1.7763
2.1753
2.1287
2.0844
2.0739
2.1928
1.7307
2.6275
1.3044
2.074
2.0701
1.9454
2.1403
1.811
1.9954
2.2039
1.5659
1.7887
2.0677
1.8096
2.1643
2.0046
1.8443
1.9921
1.8661
1.8421
1.9073
2.0316
1.4195
2.3566
2.0598
2.1225
2.3603
1.8405
2.0268
2.0162
2.0773
1.6372
1.7311
1.8632
1.9862
2.1357
1.7305
1.672
2.4945
1.8942
2.3861
1.5674
1.8562
1.9175
1.866
2.236
2.2351
1.9323
2.3563
1.8716
2.0594
1.9707
1.9053
1.6267
2.0314
1.6217
1.9871
2.0429
1.726
2.0928
1.9139
2.0837
2.1312
1.6497
2.1808
1.7214
2.3022
2.4801
2.0325
1.8684
2.1147
2.0907
1.8011
2.1833
2.1153
1.9531
1.8123
2.1999
2.1528
1.8639
2.0746
2.1789
1.9587
2.1492
2.3097
1.7496
2.0075
2.0309
2.3981
1.838
2.22
1.8583
1.9315
1.9908
2.1201
2.2744
1.8137
2.0353
2.1916
1.7996
1.9083
2.4312
2.2747
1.8348
1.8879
2.0555
1.9954
2.168
1.8029
1.9378
1.9189
2.0697
2.0498
2.2142
1.5983
2.1743
1.9206
1.7338
1.8628
1.8943
2.3108
1.4803
2.2812
1.6227
2.0611
1.7024
2.4885
1.648
2.3619
1.8417
2.0058
2.226
2.0697
2.2137
1.7949
1.9544
1.9386
1.8455
2.0623
1.7514
1.841
1.9901
2.0811
2.2527
1.7455
1.831
1.909
1.9301
2.1215
1.6801
2.1392
1.5399
2.3493
1.9413
2.0651
2.049
1.844
2.0254
2.129
2.0756
1.8466
2.0337
2.0555
1.9456
2.3008
2.2392
1.6844
1.9206
2.2294
1.811
2.1826
2.2008
2.0479
1.3618
2.0973
2.1033
1.6509
2.0057
2.1325
2.0091
1.9114
1.7002
1.8625
2.597
1.5989
1.9442
2.0007
1.9337
2.4473
1.5788
2.0442
2.0448
2.1914
2.0816
1.9732
1.5365
2.5412
1.8201
1.8886
2.2232
2.0478
1.5059
2.1437
2.2612
1.9443
1.9851
1.871
2.4241
2.0565
1.8649
1.6924
1.969
1.9325
1.9679
1.7415
2.1626
1.6885
2.1123
1.9694
2.2135
1.8268
2.2555
2.1068
1.744
1.5975
1.9008
2.2892
2.0095
1.8879
1.8359
2.335
1.5168
2.2217
2.0539
2.4102
1.6935
2.2563
2.2477
1.6221
2.1778
1.8577
1.7843
2.3693
1.9998
2.043
2.0712
2.1646
2.0662
2.1759
1.8204
2.0736
1.8935
1.8124
1.8282
2.6091
2.1505
1.8951
1.7532
2.3613
2.0383
2.0534
2.0446
2.1265
1.5157
2.2506
1.9067
2.3528
1.5434
2.1114
2.634
2.3492
1.6707
2.0167
2.4437
1.9109
2.2189
1.6801
2.4418
1.5776
2.0844
1.7335
2.358
1.9283
1.9804
1.7263
2.0768
2.0448
2.0312
1.8799
2.1533
2.3074
1.8898
1.6898
1.9359
1.6775
2.2232
2.6021
1.5412
1.9899
2.3656
2.0846
1.7235
1.9915
1.9389
2.1856
2.113
1.9923
2.0993
1.7998
1.7599
2.2893
2.0963
1.9426
2.0931
1.7167
1.8031
2.4795
1.4415
2.3443
1.948
2.1301
1.8072
2.0383
2.2278
2.0716
1.8761
1.8552
1.8785
1.9308
2.2816
2.2368
1.7474
2.2185
1.7273
2.3579
2.2246
1.8668
1.7402
1.9034
1.912
1.5447
2.0478
1.8661
1.845
2.2443
1.8985
1.9959
1.7107
1.6598
2.2817
1.8036
2.1423
2.2112
1.6718
1.8581
2.0373
1.9012
2.015
2.042
2.4276
2.0722
1.996
2.0607
1.866
2.1836
1.8733
2.1737
1.639
2.427
2.0875
1.8946
2.2057
2.0366
1.8887
1.8301
1.8236
2.1484
1.7879
2.0027
1.975
1.7294
1.9741
2.0485
2.0159
1.876
1.8592
1.7902
2.2996
2.1716
1.8648
2.1772
2.0114
1.9988
2.1878
1.9082
2.3583
1.8523
2.0818
1.9211
2.0929
1.6084
1.9373
2.0817
2.0545
1.8962
2.174
1.8179
1.4851
2.2194
1.5176
1.8816
2.1286
2.0932
1.666
2.4396
1.7538
2.0954
1.9633
1.8395
1.7737
2.1403
1.7766
2.2139
1.8231
1.708
2.4338
1.9685
2.0029
2.1082
1.4997
2.0128
2.0352
2.0062
1.6971
2.1415
1.843
1.8285
2.2835
2.1227
1.6895
1.9155
1.8721
2.0879
1.4377
1.9851
2.3766
1.9252
1.6849
2.1301
2.0367
1.7263
2.124
1.6632
2.112
2.3025
2.4404
2.0378
1.7226
1.9204
2.3296
2.0608
1.9106
2.119
1.8416
1.8607
1.9359
2.5215
2.0162
2.3373
1.6387
2.0505
2.2417
1.9477
1.9209
2.2816
1.6712
1.8118
1.9169
1.9117
2.0432
2.102
1.873
1.8161
1.7859
1.8044
1.9298
1.7216
2.1398
1.7564
1.8165
2.0018
1.6412
2.2799
1.9698
2.3038
1.4172
2.3375
1.6908
2.0745
1.8979
2.0731
2.1531
1.9872
1.6787
1.6965
2.3542
2.2182
1.8506
1.9527
1.9679
2.2103
1.5715
1.6543
1.9616
1.6575
1.7353
2.024
2.1108
2.0359
1.6556
2.2906
1.7893
1.765
1.691
1.86
2.2407
1.9736
1.9823
