2.071
1.622
2.229
2.2948
1.6572
2.2636
2.3834
1.8556
1.7132
2.1002
2.206
2.1386
1.9116
2.3516
1.807
2.0804
2.3808
1.5034
2.0496
1.6346
2.466
2.4086
1.7092
2.3148
1.5734
2.1752
2.1988
1.851
2.1234
2.3108
1.9206
1.5214
2.428
1.6448
1.9302
1.9874
1.6742
1.8526
1.9516
2.124
1.9652
1.8872
1.6514
1.6312
2.0092
1.994
1.8652
2.0534
1.6954
1.718
2.5314
1.7156
2.1608
2.031
2.136
1.9024
1.7476
1.8624
2.236
1.8944
2.1152
1.618
2.0398
2.3986
1.938
2.0126
1.6498
2.0472
2.1936
1.8506
1.9864
2.0708
1.9888
2.1282
1.8912
2.3238
2.0102
2.321
1.9606
1.8772
2.4396
1.7794
2.4054
1.6306
2.0114
2.5024
2.1324
1.6578
2.1166
1.6948
2.4594
1.7894
1.6464
2.431
1.922
1.874
2.1592
1.8302
1.9372
1.5288
2.055
2.2636
2.5622
1.975
2.2116
1.9296
1.992
2.169
2.0152
1.832
2.1754
1.6708
2.2562
2.2914
1.892
2.2034
1.604
2.1194
2.2756
1.8594
1.6074
2.1442
2.2084
1.831
2.2526
2.1076
2.0042
2.2754
1.9098
2.039
1.828
1.8292
2.405
1.7978
2.0228
1.665
2.3032
2.306
1.7378
1.8652
1.8658
2.0918
1.933
1.792
2.2128
1.8284
1.9336
1.7342
2.5254
1.8636
1.8646
2.1542
1.5766
2.4572
1.9054
1.8866
1.915
1.8852
1.3682
2.1258
2.2744
2.1284
1.8326
1.9962
2.451
1.731
1.9206
2.12
1.5152
2.0658
1.9142
1.6502
2.3516
1.6838
2.0048
1.6324
2.2868
1.898
1.6716
2.2624
1.7246
1.7872
2.1496
2.2976
1.7938
2.037
1.6534
2.3754
1.9216
2.018
1.938
1.8372
1.9414
2.0432
1.9168
2.2472
1.9814
2.2572
1.6016
2.4386
1.7594
1.8308
1.964
2.4548
1.7018
2.0428
2.3932
2.087
2.0312
2.136
2.0334
1.8028
2.0978
1.7756
2.0456
1.944
1.5394
2.4302
2.4082
1.7774
2.8304
1.7862
1.8558
1.9088
2.2246
1.8928
2.0942
1.8776
2.098
2.2354
2.07
1.8656
2.203
1.9188
2.1832
1.6246
2.1874
1.9954
2.1114
2.3844
1.7148
2.1678
2.5952
1.7922
2.1542
1.652
2.3918
1.6554
2.4578
1.7646
1.8072
2.0894
1.691
2.0074
1.5468
1.9558
1.7492
1.7626
2.0218
2.3234
1.667
2.4068
2.1048
1.733
2.1432
1.8102
1.9212
1.906
1.8008
2.0616
1.9702
1.6166
1.734
1.7166
2.0232
2.0634
2.1084
1.7462
2.2592
2.0278
2.0614
1.9312
2.12
2.275
1.8608
1.951
2.2752
2.0512
2.3564
1.7022
1.9364
1.6348
2.0962
2.3378
1.7708
2.0056
2.1318
1.9024
2.203
1.9256
2.0586
2.1526
1.5428
1.9688
1.757
2.1664
1.7108
1.8646
1.8746
1.8696
2.1546
1.8182
1.7492
1.901
1.8612
2.2472
1.9454
1.9156
1.9344
1.875
1.8648
2.202
1.6412
2.137
1.8022
2.5268
1.789
2.3298
1.9884
1.8672
2.2354
1.7686
2.2192
2.2118
1.974
1.8858
1.958
2.0416
2.2082
1.9766
1.7418
2.1966
1.9918
1.7978
1.632
2.5206
1.9188
2.5958
2.0502
2.1362
2.069
2.0072
1.8444
2.0728
1.7068
2.1464
2.008
2.2872
2.0696
1.8954
1.9956
1.8134
2.5102
2.2698
2.0472
1.6552
2.0172
2.0916
1.6804
2.4932
2.035
1.8004
1.8186
2.3044
1.67
2.5986
1.7972
1.6858
1.8564
2.0238
1.9464
1.7888
1.8802
1.8964
2.489
1.7754
1.962
2.6166
1.7438
1.9476
2.0974
1.8406
1.7474
2.3638
1.7162
1.8648
2.2134
1.8544
1.9496
1.6966
2.014
2.5038
1.6092
2.1822
2.2208
1.883
2.0348
1.7552
2.2468
1.7272
2.4626
1.5762
1.867
2.352
2.2454
1.8154
2.395
1.9814
1.7312
2.0812
2.3774
1.2556
2.312
2.1412
1.8484
1.7398
2.096
1.7354
1.8932
1.6568
2.0218
1.4878
2.0192
2.0478
1.9876
1.5476
1.806
1.9798
2.2184
2.278
1.9452
1.9302
2.0652
1.7452
2.3246
1.813
1.9424
2.116
1.572
2.1038
2.3462
1.9326
2.075
1.751
2.3758
2.065
1.539
1.938
1.908
2.0426
2.3612
1.6638
2.1614
1.9076
2.3424
1.7672
1.9128
1.7788
2.2782
2.1098
1.8164
1.8804
2.0902
2.1334
2.0736
1.9712
2.1678
1.8224
1.7734
2.5578
2.188
1.6858
1.9802
2.0966
2.5172
1.6144
2.503
1.6668
1.7366
1.8812
1.836
1.883
2.1094
2.2922
1.878
2.1154
2.0816
1.6206
2.0124
2.0424
1.763
2.45
2.2308
2.2362
1.7374
1.992
2.1292
2.0332
1.6054
1.6652
1.893
2.0604
2.09
1.9094
1.8386
2.0876
2.3762
1.8912
1.497
1.9348
1.7224
1.9644
2.5664
1.835
2.1706
1.5964
2.1884
2.2718
1.7138
2.6102
1.8278
2.3128
1.7716
1.9898
2.0502
1.7406
2.6812
1.669
1.5896
1.8482
2.326
1.869
1.8982
1.8972
1.7374
1.788
2.0746
2.1402
1.6544
1.798
2.438
1.8672
1.9342
1.8776
2.2492
1.7822
2.3154
2.2098
1.7318
1.822
1.9626
1.6594
1.9744
1.9244
2.2116
1.77
2.2122
1.759
1.982
2.055
1.7424
2.1224
1.9546
1.6792
1.939
2.0868
1.7258
2.1736
2.4002
1.7058
2.2958
1.6262
1.8888
2.0952
1.7362
2.2248
1.9982
2.2358
1.9168
1.671
1.8566
2.112
1.7254
1.9218
2.1056
1.6492
2.4022
1.7578
2.7116
1.831
1.8554
2.1378
1.9948
2.1354
1.6596
1.8906
2.099
1.7664
2.3688
2.1446
2.1096
1.5734
1.7248
2.7564
1.8378
2.0592
1.8594
1.8848
2.3148
1.6128
2.0886
1.7352
1.5798
2.0418
2.1878
1.833
1.749
2.4594
2.073
1.8592
1.9122
1.9264
1.9564
1.9396
1.8526
2.4256
1.9606
1.9062
1.9676
2.3978
1.6076
2.152
1.715
2.1204
2.2156
2.294
1.8226
1.7932
2.297
2.1234
1.812
2.0684
2.605
1.4866
1.9172
1.6966
2.1774
1.9246
1.678
1.9898
2.0326
1.7666
2.1532
2.2676
1.777
2.3106
1.7392
2.0808
2.077
1.9292
1.7752
2.2794
1.8196
1.8326
2.1502
2.0932
1.681
1.9042
2.1724
1.8554
1.9634
1.5638
2.094
1.6556
1.8532
1.9632
1.7518
1.7956
2.2342
1.8412
2.0794
1.6306
2.0512
1.7644
2.3506
1.6302
1.9554
1.8506
1.9626
1.86
2.2564
2.094
1.8802
1.886
1.8438
2.1664
1.8018
1.919
2.444
2.2318
1.4482
2.2162
1.7758
2.3974
1.9234
1.749
2.19
1.9074
2.3006
1.864
1.7836
1.8218
2.0774
2.0972
1.6816
2.032
2.325
1.6066
2.0856
1.9624
2.0002
1.8926
1.8658
2.1176
2.2362
1.7942
2.2086
1.96
1.9636
1.8364
1.812
1.7816
2.4564
1.769
2.0278
2.0446
1.6572
2.4724
1.6826
2.1412
2.0086
1.5538
2.149
1.6534
2.0474
1.7894
1.96
2.204
2.4216
1.5562
2.2534
1.6736
1.894
2.5394
1.5152
2.1292
1.517
2.7674
1.7318
1.7858
2.3708
1.8922
2.6778
1.6436
2.0774
2.2692
1.9468
1.6016
1.8168
2.2076
1.912
1.981
1.848
1.8648
2.2174
2.1458
1.929
2.1372
1.8372
2.2906
2.3418
2.0736
1.5664
2.2594
1.9318
1.9136
2.0152
1.9314
2.3854
1.9082
2.0648
2.0466
1.9844
2.1884
1.5502
2.1002
1.6902
2.0382
2.3008
1.7398
1.9108
2.148
2.1438
2.0476
2.3674
1.6626
2.355
2.0828
1.7416
1.8592
2.1762
1.921
2.0358
1.8754
2.0276
1.814
2.1168
1.7648
1.832
2.3332
1.634
2.5574
1.711
1.8026
1.963
2.1282
1.8502
2.103
2.1654
1.8108
1.7288
2.193
2.2582
1.8142
1.982
1.7784
1.683
2.1738
1.9096
1.5764
2.0812
1.7804
2.1824
2.141
1.9296
1.8182
2.0794
1.6344
1.703
2.0704
1.6362
2.2004
1.788
2.073
1.894
1.8862
2.0172
1.6728
1.9158
1.9096
2.419
1.9284
2.0978
1.7782
1.9784
2.1086
1.7484
2.3476
1.7256
2.1348
1.9656
1.9074
2.1818
1.9702
2.3994
2.3362
1.962
2.377
1.976
2.2314
1.6868
2.1294
1.7784
2.0322
1.9108
2.1298
1.9658
1.6756
1.9772
1.724
2.0562
2.4886
1.8692
2.2302
1.7226
2.2776
1.755
2.2184
1.8026
2.0928
1.976
1.7542
2.075
1.838
1.7342
2.3188
2.2012
2.0274
1.7974
1.978
1.8598
2.1822
2.01
1.4246
2.139
2.313
2.2318
1.8318
1.8388
2.02
1.9656
1.8284
2.0972
1.8506
1.9238
2.4088
1.7648
1.9552
2.2922
2.092
2.0982
1.4674
2.596
1.7292
1.8368
1.9632
2.012
2.0016
2.1212
1.948
1.7812
2.1328
1.8644
1.9254
2.0292
1.8596
2.2552
2.1402
2.0724
1.6492
2.122
2.0224
2.135
2.0864
1.737
1.989
2.0422
1.9232
1.8378
1.8562
2.1772
1.7696
1.8956
1.7832
1.6332
2.3696
1.9192
1.9916
2.1274
2.0282
1.586
2.0344
2.3046
2.0158
2.1012
1.9896
2.1946
1.838
2.3012
1.8102
2.2196
1.8674
2.0164
2.1138
1.9918
2.087
1.9416
1.9692
2.1164
2.1008
2.212
2.4082
1.896
2.1102
1.7798
2.3602
1.804
2.279
1.756
2.0422
1.8116
1.9908
1.9484
2.131
2.4114
1.8646
1.8712
2.1252
2.0506
1.6604
2.2278
2.0494
2.2014
1.6704
1.8144
1.9296
2.1584
1.8322
1.9204
1.7944
1.756
2.0018
2.3064
1.5506
2.4092
2.0148
2.1182
2.0802
1.5824
1.8006
2.0288
1.7412
2.5634
1.7896
1.4516
2.0506
1.9558
2.0432
1.7728
2.3564
1.7142
1.855
1.9778
1.837
1.8564
2.1136
1.722
2.2472
1.834
1.6814
2.2006
1.9776
1.7662
2.2844
1.6666
2.154
2.3432
1.7592
1.7696
2.47
1.7496
1.9656
1.997
1.7436
2.2784
1.8024
1.8586
2.4242
1.7022
1.9526
2.5874
1.6586
1.999
1.938
1.92
2.2028
1.848
2.14
1.8524
2.0546
1.8998
2.0784
2.1864
1.4982
1.9298
1.9006
1.7364
1.941
2.2922
1.8302
1.8942
2.1816
1.8948
2.1572
2.0286
1.9342
2.007
1.8514
2.1438
2.103
2.0108
1.8052
2.7378
1.7056
1.7956
2.059
1.6376
2.2614
1.768
2.1612
2.2068
1.932
1.9474
1.8246
1.824
1.8924
1.956
1.6942
1.956
2.3088
1.6636
1.774
2.3874
1.7304
2.1344
1.5488
2.4976
1.7896
2.0302
2.3608
2.3758
1.4844
2.028
2.3908
1.7808
2.6114
2.0064
1.6348
2.0972
2.4346
1.774
1.6404
1.9842
2.2772
2.247
1.8072
2.274
2.0154
2.005
1.8292
1.788
1.6754
2.2404
2.0162
1.8382
2.2004
1.898
1.941
2.3074
2.0192
1.9188
2.685
1.664
1.8782
1.6424
2.0464
2.329
1.8946
1.9498
2.3568
1.8576
1.9358
1.7172
1.9588
2.7706
2.0168
1.76
2.0954
1.6392
1.8166
2.3422
1.6686
2.4864
1.9962
1.9044
1.6682
2.0302
1.9768
2.1774
2.1352
2.0126
2.6586
1.7998
1.96
1.9008
2.494
2.1432
1.7404
2.1042
1.7304
2.0926
1.7736
2.0282
1.7936
1.9672
1.9644
2.2322
2.1002
1.9122
2.3322
1.922
1.8482
1.913
2.451
2.1518
1.9132
1.575
1.6862
1.9806
2.3516
2.0226
2.026
2.0412
1.9564
1.903
2.142
1.3538
2.3918
1.7484
1.87
1.7434
1.665
1.9892
2.053
1.7256
2.0396
1.985
2.381
1.8132
2.2676
1.8488
1.8426
1.8024
2.0964
2.0168
2.3498
1.654
2.0726
1.8166
1.8426
1.754
2.4412
1.9736
1.8338
2.166
1.994
1.5388
1.8968
2.0232
2.3052
2
1.8712
1.6792
1.9822
1.6718
2.1804
2.0622
2.1404
1.842
1.8274
1.9128
2.2898
1.8306
2.1462
1.9414
2.0144
2.2164
1.6896
2.2082
1.82
1.9908
1.9426
1.8806
2.2812
1.7664
1.7496
2.1068
1.7434
2.056
2.29
2.1658
1.6306
2.0914
2.0256
1.7156
1.8752
1.8924
1.9656
2.0556
2.3638
2.1048
1.8262
1.7626
2.1558
1.9826
1.9276
1.9966
1.8994
1.893
2.1254
1.7248
1.7556
1.9656
1.7132
1.9138
2.4472
1.6606
2.1138
1.8566
1.9864
1.8514
1.8828
2.0558
1.653
2.0254
2.0882
2.2634
1.9808
2.147
1.9856
1.4212
1.8112
1.9352
2.185
1.9336
1.933
2.2276
1.9514
1.929
2.2206
1.746
2.2794
1.9622
2.361
1.7446
2.2042
1.943
1.9134
2.4542
1.831
1.9234
1.9448
1.8994
1.504
2.518
1.817
2.4016
1.6416
2.354
1.4956
2.214
2.217
1.6704
2.1516
2.336
1.9452
2.302
1.765
1.513
2.3842
1.8548
2.043
1.665
1.93
1.8576
2.397
1.8134
2.309
1.9534
2.113
1.7034
2.1642
2.0004
1.8158
2.4138
2.0806
2.123
2.1146
1.716
2.0482
1.7906
2.1864
1.8736
2.1212
1.8734
2.0216
1.8662
1.9324
2.014
2.0118
1.6896
2.1226
2.2184
1.6504
2.6706
2.0728
1.9334
1.891
2.0982
2.1268
1.8522
1.8156
1.921
1.8832
1.9574
1.754
1.9802
1.8524
1.5872
1.895
2.126
1.9084
1.6374
1.9698
1.7656
2.12
2.0224
1.5254
2.2478
1.8884
2.122
2.078
1.9114
2.1794
1.499
2.4706
2.1314
1.9114
1.7428
1.9408
2.3292
1.7942
1.8972
1.8944
1.9272
2.2648
1.987
2.103
2.3498
1.4472
2.103
2.142
1.9374
1.869
1.6568
2.4548
2.2544
2.1088
1.775
1.5972
1.975
2.1812
2.1834
2.1762
1.902
1.6898
2.394
2.191
1.871
1.9212
1.6264
1.8102
2.1452
2.1904
1.9296
1.8088
2.0062
2.3802
1.744
1.898
1.811
1.5012
2.542
1.9514
1.8612
1.7972
2.3018
1.847
1.7886
1.8316
1.9132
1.9248
2.3608
1.729
2.2772
1.4792
1.9018
1.3868
2.2258
2.1064
1.9462
2.1426
1.7918
2.3002
1.8304
2.1666
1.822
2.2422
1.733
2.2396
1.9656
1.922
2.0928
2.1938
2.0252
2.2536
1.9942
2.2628
2.3002
1.7168
1.8086
2.039
1.4408
1.9818
1.9234
1.8622
2.1046
2.3252
1.8462
1.7372
1.8382
1.9564
2.0934
1.589
2.0606
2.1494
1.8418
2.23
2.2484
1.9192
1.81
1.9186
1.8594
2.2182
1.8644
1.7828
2.0926
1.8394
2.4472
1.773
2.0058
1.6542
2.436
1.556
2.1164
1.8858
2.1942
2.0618
2.1166
1.5984
1.9638
2.1166
1.7878
2.2232
2.2982
1.859
2.284
1.9404
1.7966
2.4734
1.8844
2.3946
1.8422
1.72
2.0612
1.8154
2.1548
1.9276
2.1128
2.4236
1.8056
2.209
1.7566
1.9266
1.868
2.5474
1.3202
2.308
2.1262
1.899
1.7476
2.335
2.443
1.7048
2.2966
1.8978
2.1464
1.9004
1.8832
1.9324
2.258
1.5936
1.9656
1.7578
2.0166
2.2742
1.725
2.4684
1.8786
1.3516
2.3478
1.8754
1.815
2.1602
2.4106
1.8144
2.031
1.9496
1.6398
2.1352
1.8348
1.8282
1.9046
1.7628
2.351
1.7342
1.8968
1.958
1.9514
1.9986
2.036
2.0698
1.6816
1.7094
2.151
1.7912
2.1802
1.8998
1.9696
1.5736
1.9568
2.1122
2.123
1.9268
2.6806
1.3906
1.8236
1.9452
1.8264
2.0414
1.9954
1.6188
2.372
1.9908
2.038
1.613
2.2698
2.07
1.8324
2.123
2.3536
1.7396
1.824
1.561
2.1016
2.3842
1.5882
2.7554
2.167
1.9708
2.3642
1.7096
1.551
2.586
2.1066
1.6122
2.0308
2.159
2.0324
2.0576
1.8118
1.8376
1.998
2.1948
1.8914
1.6448
1.9136
1.6686
2.3042
2.1792
1.925
2.1688
2.1692
2.1174
1.9656
2.3034
1.9886
2.1828
1.519
2.0748
2.138
2.2332
1.9472
2.545
1.7884
1.8412
1.8534
1.9724
2.218
1.7904
2.0804
1.7238
2.195
2.4356
1.6348
1.9668
1.7986
2.113
1.815
1.903
1.7608
2.3648
2.0612
1.7032
1.9104
2.0206
1.8142
1.9534
1.875
2.193
2.1468
1.7076
2.1122
2.161
2.108
2.1116
1.5312
1.8982
2.346
1.6494
1.7154
2.4798
1.8772
1.9272
1.6492
2.1908
2.3122
1.9792
1.8954
2.1762
1.7388
2.2952
1.9132
1.8226
1.822
1.897
2.1418
1.9652
1.8424
1.886
1.945
2.5764
1.8994
2.0682
2.0974
2.2828
1.5678
2.4656
1.3244
2.0524
2.1752
2.0692
1.6768
2.1538
1.7466
1.9516
1.8482
1.6982
2.4908
2.2188
2.0268
1.7422
1.9138
2.0786
1.7608
2.0402
2.0662
1.6454
1.898
2.0846
2.1236
1.9594
1.9634
2.34
1.9364
2.0076
1.7154
2.0764
1.7884
1.973
2.2566
1.8436
2.0818
2.0664
2.091
1.7428
2.3534
1.6986
1.7532
2.0812
2.404
2.1664
2.3414
1.6078
2.0522
1.6198
2.0696
2.0986
1.8826
1.7394
1.7968
2.6148
1.877
1.8328
1.722
2.0848
2.3718
2.3382
1.6526
2.1528
2.0304
1.8698
1.8216
1.944
1.82
1.8564
2.5974
1.6038
1.7678
1.9096
2.4052
1.8524
2.2348
1.9864
1.6138
2.4
1.7162
2.0308
1.8736
2.2618
2.1144
2.0414
1.5786
2.1196
2.1496
1.8972
1.845
1.794
2.0928
1.9484
2.4778
1.3538
2.2466
1.9144
1.8972
1.9734
1.8076
2.073
2.0996
1.538
2.2418
1.8242
2.5808
2.2272
1.9814
1.9728
1.9886
1.724
2.5144
1.8906
2.0908
1.6996
2.3108
1.6996
2.2688
2.2324
1.9926
1.929
1.9572
1.9316
1.6722
1.8262
2.1258
2.1496
2.0008
2.0704
1.9852
1.674
2.1258
2.1006
1.9344
1.7154
1.946
2.28
1.6056
2.3158
1.9888
2.4508
1.6008
2.2042
2.5266
1.9146
2.1214
2.2828
1.9386
1.7312
2.2244
1.8048
1.6732
1.9934
2.0198
2.1234
2.1
2.4002
2.2046
1.812
1.4804
2.2684
2.3458
2.1424
1.5942
2.0878
1.8834
2.1896
2.2038
1.746
1.9798
1.7018
2.2884
2.0684
2.6356
1.868
2.1418
1.9816
1.6902
1.7878
2.43
1.7002
1.9722
2.0558
2.192
1.636
2.3988
1.7856
1.711
2.02
2.8118
1.7762
1.8906
2.0418
1.6732
2.1966
2.084
1.9582
1.995
1.9152
2.2016
2.3162
1.916
1.6644
2.0664
2.0366
1.9936
2.3088
2.106
1.9832
2.1156
1.8274
2.1906
1.9226
2.38
1.8914
1.9274
1.7466
2.061
2.2752
1.8204
1.7398
2.211
2.147
1.7448
2.026
2.0626
1.7358
1.8536
1.9064
1.9934
1.8622
1.859
2.5038
1.766
2.0352
2.065
1.798
1.9286
2.0316
1.881
1.6952
1.929
2.6478
1.8324
1.6646
1.7512
2.249
1.9416
2.1578
1.832
1.9974
2.303
1.911
2.1272
1.8774
2.0098
1.6142
2.3434
1.6392
2.3658
1.9078
1.8566
2.2702
2.3538
1.871
2.2344
1.4106
1.9664
2.0378
1.8076
2.2336
2.222
1.6128
2.1468
2.1414
1.9112
1.6416
1.975
1.8828
2.4072
1.952
2.5264
1.8686
1.9336
1.8752
1.7418
2.3752
1.9636
1.993
2.0532
2.3516
1.9498
2.137
1.899
1.5168
2.0388
1.7728
2.3474
1.9196
2.278
1.6182
1.6148
2.0964
2.1538
2.033
2.0528
2.3988
1.5448
2.1918
1.7282
2.4224
1.9402
1.6734
2.3382
1.8026
1.5704
2.3468
1.8494
2.102
1.8236
2.1548
1.895
2.0842
1.8468
1.9192
2.2616
1.7904
1.851
2.0672
1.627
2.093
1.633
2.1512
1.5952
1.8426
2.2302
2.2014
2.0672
1.8462
1.644
1.9304
1.7864
2.0012
1.939
2.0848
1.8566
1.6156
1.9012
1.8828
1.9236
1.7412
2.3868
2.1172
2.0568
1.6582
2.1354
1.832
1.9274
1.88
2.1896
1.7358
1.9206
2.0936
1.9494
2.296
1.528
2.0448
1.7388
1.614
2.3474
2.0934
1.8824
1.9764
1.8804
1.9494
2.2462
2.1022
1.8808
2.0552
1.808
1.7266
2.1248
1.9648
2.0638
2.0594
2.0092
1.888
2.0308
2.076
1.6426
1.8164
2.2182
1.6598
2.2016
1.7632
2.0848
1.8894
2.1074
2.475
2.0206
2.5854
1.634
1.5954
1.861
2.1934
1.9322
2.1766
1.98
2.0666
2.0236
1.7584
2.0606
1.7096
1.8188
2.1742
2.1478
1.6864
2.0536
1.9246
2.439
1.9642
1.705
2.0042
1.7576
2.2506
2.0388
1.7262
2.4068
1.667
1.7454
2.1346
2.1438
2.2324
1.6136
2.4838
1.611
1.5812
1.7428
2.1364
2.1588
1.7226
2.1256
2.308
1.6204
2.043
2.1826
1.8366
2.2206
2.208
2.1848
1.6914
1.7666
2.2286
2.2932
2.1284
1.782
2.1844
1.912
2.0936
1.8248
1.9176
1.7412
1.8902
1.8256
1.8064
1.7296
2.2608
1.982
1.9724
2.0386
2.1748
1.8152
1.9454
1.8494
2.2644
1.8876
1.6536
1.8834
2.318
1.5124
2.426
1.7908
2.045
1.787
1.8566
1.6812
1.9908
2.092
1.9944
2.056
1.8002
1.951
2.151
2.0432
1.8994
1.8864
1.8472
1.9784
2.2982
1.8948
1.9846
2.184
1.4944
2.5134
1.8832
2.2496
1.7856
1.9488
2.1888
1.8658
1.8814
2.0082
1.7474
1.8932
1.9172
1.9226
2.1072
1.993
1.7514
1.966
2.178
1.8264
1.9972
2.1774
2.1442
1.654
1.844
2.0614
1.854
2.2538
2.203
1.6788
2.2348
1.8308
1.8406
1.979
1.9578
1.9642
1.9724
1.7806
2.4952
2.2572
2.019
1.5076
2.4034
2.06
1.8114
2.2596
1.5202
1.9886
2.1952
1.8618
1.8756
2.0338
2.0272
1.8016
2.189
2.116
1.6724
1.7362
1.9126
2.0216
2.1436
1.711
1.88
2.0828
2.0556
1.7982
2.0298
1.9232
1.9674
2.2932
2.1484
1.576
1.8176
2.028
2.0694
1.551
2.1274
2.2614
1.8044
2.243
1.7542
1.6176
2.1966
1.859
2.0168
2.2684
1.758
2.1878
2.3802
2.098
2.1704
1.8638
1.6312
2.2346
1.613
2.0772
2.2646
1.8772
1.7212
1.9546
1.8768
1.8388
2.467
1.7536
1.8688
2.002
1.8048
2.1656
1.8126
1.9518
2.1756
1.9876
1.8162
2.319
1.9526
2.2302
1.6732
1.9938
2.0642
2.0532
1.8716
1.8364
1.862
1.7342
2.1402
1.9254
1.9502
2.368
1.9738
2.0628
2.0642
1.9334
2.1526
1.4998
2.1712
2.1536
1.6532
1.9706
2.356
1.6838
2.3746
2.273
1.7102
1.7934
2.5088
1.6758
1.9516
2.102
1.6028
1.9026
2.271
2.1706
1.9936
1.8364
1.9584
2.1682
1.7828
2.1142
2.156
1.5036
2.03
2.3682
1.6038
2.3244
1.6462
2.5054
1.7352
1.9838
1.8496
1.7812
1.8348
1.9324
1.9284
2.5826
1.957
1.8804
1.9826
2.0596
1.973
2.378
2.1106
1.9566
1.805
1.869
1.9618
2.4426
2.3404
1.8894
1.5382
2.2984
2.2102
1.7076
1.965
2.1274
1.9934
1.9644
1.8546
2.338
1.931
1.5304
2.3632
2.0488
2.1482
2.3186
2.0166
1.8004
1.862
2.2364
1.6648
2.1058
1.9972
1.7566
2.1512
1.938
2.1562
2.081
1.6592
1.5222
2.1902
1.9846
1.805
1.8494
1.7522
2.296
2.0582
1.9526
1.8488
1.8018
1.726
1.976
2.163
2.1162
1.6092
1.7762
2.3244
2.2382
1.6422
1.9446
2.0402
1.8684
1.7134
2.026
2.3016
2.1238
1.852
2.065
1.5146
2.133
1.8418
1.8076
1.7316
1.8094
2.0006
2.045
2.1346
1.908
2.4172
1.9494
2.1744
2.0678
1.7928
2.0126
2.1252
1.8728
2.2962
1.9062
2.0228
1.9208
1.9844
1.7666
2.103
1.8072
1.9268
1.962
1.9414
1.8938
2.0262
1.6542
2.601
1.8362
1.8184
2.1976
1.957
2.149
2.1214
2.0274
2.0252
1.4222
2.4692
1.7718
1.8068
1.9376
1.7306
2.3076
1.9508
2.0126
1.7726
2.2028
1.5684
1.7972
1.9694
1.819
2.3638
1.765
2.0434
1.5154
2.0706
1.6778
1.7486
2.0672
2.089
2.1406
1.7074
1.7226
1.7586
2.0518
2.3566
1.7826
1.5918
2.0072
2.2378
1.9384
1.802
2.198
1.7756
1.8468
1.8268
2.2704
1.9188
2.0532
1.6984
2.0738
1.9644
2.2186
2.0826
2.3054
1.8248
2.3068
1.8438
1.6178
2.2574
2.0664
1.875
1.8666
1.8862
2.0112
1.8966
2.329
2.1078
1.7452
1.8924
2.3528
1.9118
1.6762
2.3424
1.7066
2.2582
1.757
2.185
2.3326
1.9538
1.9656
1.6976
1.7376
1.7828
2.1752
1.7408
2.227
1.833
1.9394
1.8004
1.6694
2.1564
1.8864
1.743
1.8474
1.6012
1.7722
2.3416
1.5704
2.1392
1.7766
2.0472
1.5134
2.0614
1.3288
2.2694
2.2266
2.0644
1.6128
2.104
2.3216
1.9904
1.9212
2.0266
2.3538
1.7798
1.8254
2.1664
2.401
1.6474
1.8298
2.4316
1.7486
1.877
1.9762
1.7266
2.2586
2.2326
1.6158
2.2952
1.88
1.7636
1.914
2.094
1.9062
2.1676
1.8142
2.0796
1.8466
2.1586
1.9382
2.0418
1.773
2.4742
2.046
1.6916
1.9424
2.027
2.1182
2.0394
1.7726
1.7964
2.5654
2.293
1.993
1.9934
2.3634
1.8242
2.0176
2.1404
1.8682
2.1738
2.2268
1.901
2.196
2.0238
1.5198
2.2022
2.0818
1.85
2.3258
1.4934
2.192
1.6114
2.1398
1.9954
1.8076
1.5722
2.0256
1.943
2.3454
1.601
2.1276
2.1048
1.765
1.6856
2.3004
1.9948
1.7062
1.749
1.9888
2.2654
2.168
1.9628
1.5914
1.6898
2.5204
1.6614
2.0732
2.0566
1.7498
2.5934
2.1012
1.6848
2.0464
1.547
2.2232
2.1334
1.8804
2.2534
2.3282
1.8794
2.1378
1.7088
2.0806
2.2024
1.4372
1.9852
2.0066
2.0878
1.7036
2.0464
2.2516
1.764
1.9556
1.9422
2.164
1.7066
2.013
2.3874
2.0408
2.0688
1.7464
2.3218
2.0714
1.8858
2.2524
2.106
2.0542
1.5732
2.0862
1.6626
2.1434
2.0318
2.3116
1.917
2.0756
2.4784
2.1752
1.761
2.069
2.0402
1.7516
2.1704
2.1638
2.0222
1.6926
1.9836
2.2016
1.8258
1.6772
2.039
1.7924
1.972
1.7106
1.7578
1.9292
2.2546
1.9564
1.793
2.0112
1.8866
1.7312
2.0742
2.3746
1.9778
1.8724
1.8836
2.2738
1.7484
2.0908
2.1904
1.6516
1.8246
1.7998
2.2798
2.0676
1.9564
2.2688
1.5104
1.8728
2.0524
1.888
1.7882
1.647
2.2116
2.2104
1.9736
1.9126
2.0726
1.7676
2.1076
1.8342
1.71
2.489
1.8864
1.9676
1.7282
1.91
1.9394
1.6758
2.1312
1.942
1.88
2.1826
1.9348
1.7918
1.9086
1.8428
1.8962
2.1818
1.8862
2.1968
1.6508
2.3354
1.671
2.15
1.8034
2.5698
1.6104
2.146
1.8788
2.0136
2.0328
1.7392
1.9558
2.0054
1.9248
1.7202
2.2054
2.0326
2.3214
1.8476
2.2082
2.6116
1.831
1.7158
2.1396
2.327
1.8174
1.953
1.96
2.0878
2.359
2.0112
2.741
1.5074
1.7974
2.2092
2.2002
1.819
1.759
2.1008
2.0278
2.1208
2.0242
1.644
2.4052
1.7982
1.8218
2.0908
1.8924
1.7172
2.1308
1.9138
1.8266
1.8872
1.8318
2.0094
2.0906
1.9414
1.6998
1.6932
2.1988
2.131
1.9444
1.782
1.796
1.6492
2.2546
1.891
1.8304
1.9436
2.0568
2.0112
2.144
2.1994
1.9984
1.6822
2.5526
2.095
1.6198
2.3986
1.9632
1.9166
1.7854
1.9688
1.873
1.6496
1.9682
1.6104
2.3822
1.631
1.7864
2.1926
1.7476
2.353
1.7842
2.1322
2.069
1.8302
2.4194
1.8566
1.5
2.1492
1.7526
2.111
2.2624
1.6972
2.1954
1.8658
2.1044
2.0994
1.9384
1.9228
2.114
1.7088
2.029
1.878
1.9988
2.4002
2.0602
2.0604
1.7444
2.4958
1.923
2.062
2.3172
1.388
2.3804
1.9724
1.8408
2.1916
2.1234
1.8362
1.76
2.0406
1.8202
2.118
1.7954
2.3582
1.7108
1.7758
2.3158
1.9852
2.2072
2.043
2.0058
2.5218
1.8008
2.0038
1.7966
2.0872
1.8774
1.941
2.2606
1.8512
2.266
1.949
2.258
1.9816
2.0102
1.9734
2.2266
1.7506
1.9308
1.9198
2.4626
1.9548
2.2818
1.8304
2.0222
2.0124
2.276
1.8042
1.9874
1.924
1.7796
2.3672
1.4372
2.1914
1.9586
2.3056
1.4962
2.1846
1.7076
2.0548
2.1496
1.9148
2.2622
1.7624
1.8838
1.5384
1.861
2.0276
2.0496
2.1718
1.7054
1.8474
1.8772
1.9098
2.0056
2.3138
1.9368
2.25
2.133
2.221
2.1052
2.4584
1.9218
1.8118
1.8348
2.0814
2.1774
2.1552
1.8676
2.088
1.958
1.8814
1.617
2.046
2.099
1.9298
1.984
1.8946
1.9854
2.0116
1.8856
2.1834
1.5952
1.9618
2.3032
2.163
1.8736
2.1292
1.7078
1.9966
1.993
2.136
1.8852
1.8748
2.2518
2.2314
1.7972
1.918
2.1476
1.703
1.635
2.3698
1.4372
2.1328
1.889
2.164
2.2316
2.001
1.8982
2.1858
1.9174
2.422
2.1646
2.2152
1.952
2.1938
1.8296
1.9728
1.8298
2.4452
1.8378
1.685
1.4894
2.207
1.951
1.9606
2.3974
1.7518
2.262
1.9924
1.7772
2.5318
1.7954
1.9904
1.7168
2.0036
1.6472
2.2766
1.7014
2.1998
2.0386
2.2306
1.5676
1.75
2.033
1.6058
2.47
2.0588
2.0812
2.0796
2.0286
2.0316
2.021
1.7786
2.4446
1.6224
1.8994
2.144
1.884
1.815
2.0322
1.8234
1.825
2.0268
1.9904
2.2056
2.1968
1.6992
1.8042
1.7182
2.045
1.8478
1.7562
1.8858
2.1556
2.1202
1.6638
1.8628
2.2292
1.3216
2.5566
1.6576
2.0848
2.2266
1.532
1.7982
2.1698
1.5894
2.2244
1.4554
1.995
2.0266
1.6422
2.1148
2.2644
1.9348
2.014
2.14
1.8812
1.8642
1.6804
1.9462
2.4186
1.8438
1.863
2.0504
1.712
1.7086
2.4344
2.4658
2.0048
1.7512
2.2542
1.6536
1.7308
2.0926
1.9386
2.245
1.7446
2.0506
1.7248
2.2426
1.8084
2.524
1.8602
2.101
1.8332
1.9542
2.1012
1.8112
2.4168
2.075
1.902
1.6544
2.0688
1.6816
2.2856
1.8828
2.0698
1.7292
1.633
2.1172
2.032
2.3178
1.653
2.2536
1.7762
2.1388
1.8914
2.0828
1.9974
2.6832
1.7024
2.0278
2.5564
1.689
1.9584
2.322
2.1764
2.1724
2.0126
1.8654
1.755
2.42
1.9872
2.434
2.5902
1.7146
2.0206
2.0998
1.9858
1.8588
1.9926
1.531
2.2874
1.6936
1.9346
1.813
1.6168
2.3494
1.967
2.1552
1.6266
2.1636
1.571
2.3268
1.9874
1.4132
2.382
1.6898
1.6888
2.0444
1.9446
1.8008
2.1426
2.0956
2.0786
2.175
2.1566
1.8286
1.823
1.9952
2.2264
2.2726
1.7562
1.6556
2.1852
2.1364
2.0296
1.9726
1.9824
1.996
2.1656
1.7412
1.8768
1.8258
2.3366
1.8392
2.3682
1.7216
2.3434
1.927
2.0596
2.0218
1.6862
1.9488
2.2352
2.2766
1.4878
2.266
2.021
1.9138
1.9056
2.0252
2.1166
1.75
1.847
1.5298
2.2066
1.5704
1.6794
1.903
1.9826
2.0722
1.8722
2.2024
1.593
2.2432
2.0046
2.2028
1.5974
1.7312
2.5464
1.4068
2.4826
1.8866
2.0804
1.7298
2.1788
2.0342
2.1076
2.2026
1.919
1.8564
2.0932
1.7956
2.3604
1.9392
2.1944
1.8552
1.801
2.549
1.915
1.958
2.2102
1.6802
2.1482
2.102
2.1588
1.7008
1.9748
2.1792
1.608
1.8002
1.7564
1.969
1.8486
1.8536
2.097
2.181
1.8288
2.0836
1.4816
1.8816
2.2048
2.1902
1.852
1.7048
2.1852
1.8734
2.0178
1.8158
2.27
2.0392
1.9414
1.92
2.1044
1.9772
1.7454
2.062
2.071
2.21
1.7892
1.7448
1.9404
1.7956
1.9152
2.116
1.7556
2.0308
1.9964
2.1246
2.1
2.2752
1.9248
1.637
2.398
1.8946
2.04
1.6958
2.1286
2.2714
1.4778
2.3116
2.0342
1.5032
1.9012
2.162
1.804
1.9932
1.925
1.8462
1.5112
2.3842
1.7778
1.764
2.2388
1.9604
1.7734
2.3216
2.0868
2.0554
1.7758
1.9846
1.4916
2.0656
2.3322
2.1202
1.917
1.9162
1.7464
2.3726
1.4864
1.4476
2.063
2.1222
1.8324
2.0586
1.7054
2.436
2.0588
2.1876
1.9216
1.7138
2.0944
2.4516
1.623
1.9266
1.8088
2.168
1.5478
2.156
1.9684
1.687
1.9152
1.8088
1.8274
1.7212
2.273
2.3608
1.6574
2.2534
1.9028
2.1634
1.9928
1.7602
1.9816
1.909
1.6532
2.035
2.0616
2.0032
1.8484
2.316
1.7878
2.5778
1.6658
2.061
2.08
2.0434
1.7406
1.9364
1.6692
1.8138
2.172
2.0128
2.0142
1.795
2.0038
2.2822
2.079
2.0144
1.9422
2.0002
1.6284
2.1288
1.8816
2.5446
1.8656
2.1832
1.9488
2.2886
1.926
2.0776
2.0296
2.0792
1.9546
1.5862
2.3282
1.8438
2.1924
1.8272
1.8582
2.0112
2.1776
2.1514
2.285
1.8832
1.86
2.0782
1.6464
2.0362
1.8426
1.8606
1.4756
2.767
2.006
1.8952
1.6464
2.0288
2.1024
1.84
2.19
2.0804
2.4268
1.9952
2.2986
1.5172
2.2376
2.0622
1.9474
2.0392
1.866
2.0182
1.9144
1.3624
2.1294
2.2882
1.9864
1.9898
2.2144
1.479
1.9832
2.0304
1.9908
1.9886
1.888
1.8668
1.8548
2.2682
1.802
2.1106
1.9164
1.8898
1.8098
2.8386
1.8168
1.8688
1.913
2.0178
1.7348
1.9668
2.0348
2.0522
2.0804
2.1566
1.7866
2.0752
1.7026
2.0674
2.2304
1.6446
1.9764
2.0868
1.9526
2.2026
1.6484
1.8366
1.8994
2.3146
2.0582
2.1142
1.645
1.911
1.5492
1.9628
1.7358
2.19
1.5482
1.9316
2.1898
1.9814
2.1612
1.2938
2.2126
1.797
1.8114
1.9218
1.8488
2.1584
2.082
1.7336
2.4208
2.005
2.1216
1.8786
1.9976
1.859
1.9764
2.4296
1.9244
2.138
1.9622
2.1366
2.1044
1.9742
2.4054
1.906
2.16
2.133
1.865
1.8794
1.8198
2.1056
2.0818
1.6998
1.9266
1.6224
2.0626
1.857
1.8476
2.1266
2.1884
1.7074
2.0748
1.8338
2.3288
2.008
1.9434
1.8338
1.8512
2.133
1.8932
2.4652
1.6002
2.2638
2.0992
2.0468
1.7038
1.9426
1.9874
1.785
1.973
2.0904
2.0154
1.744
2.1922
1.5228
2.3504
1.8072
1.955
1.794
1.9312
1.996
2.4576
2.0552
1.8612
1.796
1.9924
2.2106
1.837
2.1626
1.6578
1.8886
2.3672
1.9094
2.0806
1.8274
2.0946
1.85
2.1414
1.811
1.8602
2.0558
1.9876
1.9708
1.6652
2.2202
2.1056
1.7774
2.3474
2.0942
1.6458
1.6106
1.6438
2.4966
1.6752
2.178
1.6394
1.9176
2.2566
2.3402
1.4894
1.9294
1.637
2.3642
1.9722
1.9454
1.7038
2.1398
2.2042
1.8868
2.111
2.1956
2.0422
2.1146
1.6576
1.7522
2.7418
1.6902
2.0302
1.8886
2.0802
1.5808
2.2044
2.1588
2.1786
2.139
1.876
1.8564
1.9194
2.0932
2.2872
1.6794
1.9532
2.0034
2.1504
1.9236
2.2604
1.8918
1.8906
2.6888
2.1106
1.8672
2.0474
1.7868
1.9388
2.268
1.8368
1.7848
2.221
2.1344
2.2542
2.0992
1.6864
2.17
1.7864
2.092
1.6854
2.4002
2.0516
1.9046
2.2274
1.8324
1.6318
1.761
2.0632
2.74
1.8318
1.9718
1.8826
2.2842
1.7282
1.6742
2.194
1.9666
2.0328
2.166
1.9542
2.2186
2.177
1.7224
1.9896
2.2036
1.9944
1.8502
1.7592
2.5272
1.7028
2.029
2.295
1.9592
2.2738
1.9618
2.1986
2.3462
1.7458
1.7464
2.3966
1.8312
1.929
2.2232
1.9428
2.0148
2.508
1.5242
1.712
2.4226
2.155
2.358
1.7798
1.836
2.3352
2.0822
1.9564
1.8492
2.215
1.9172
1.9792
1.6698
1.7366
2.1994
1.7754
1.7068
2.273
1.6856
2.4904
2.018
1.7898
1.7004
1.796
2.0568
1.9926
2.2906
1.717
1.8506
2.2606
1.9188
2.0062
2.3348
1.973
2.3268
2.0234
1.9156
1.8958
2.0136
2.3594
1.8592
2.0936
2.2466
2.3074
1.9102
1.8592
2.1954
2.1006
2.0588
1.902
1.77
2.0152
1.9306
2.0064
2.5112
1.9764
1.6822
2.3142
2.0424
2.1188
2.1266
1.9138
2.106
1.7246
2.4416
1.6508
1.9454
2.5654
1.8986
2.1638
2.2194
1.816
2.0056
2.1114
2.2588
1.747
2.0822
1.7992
1.5824
2.1326
2.0192
2.0128
1.8634
2.1062
2.1552
1.7942
2.0012
2.12
1.923
1.943
1.9018
1.8382
1.9666
1.9558
2.0484
1.8824
2.3066
1.9886
1.7802
1.6856
2.1014
2.2686
2.0342
1.9802
1.8652
1.9884
2.079
1.6658
1.8398
2.1416
2.4166
2.1086
1.9576
2.529
1.7428
2.2474
1.868
1.8588
1.8682
1.8544
2.165
2.0196
2.2166
1.569
1.806
2.4002
2.1734
1.7452
2.7372
1.658
2.5218
1.6996
1.6822
1.9722
1.8642
1.7846
1.88
1.9426
1.927
2.0312
1.8698
1.99
2.317
1.8696
1.941
1.8396
1.6768
2.0884
2.4682
1.8402
2.1136
2.108
1.5166
1.8218
2.2952
1.704
1.8062
1.8764
2.1058
1.991
1.8664
1.9528
1.8336
2.1834
2.0676
2.0304
1.883
2.1032
1.817
2.0272
1.924
1.8728
2.083
2.2532
2.5398
1.4434
2.2408
1.976
2.1012
1.5108
2.0752
1.7156
2.1048
1.7908
2.1492
1.6218
1.8446
1.9378
1.9428
2.0772
1.914
2.141
1.781
1.9034
2.159
2.3318
1.5826
1.6822
2.2708
1.9358
2.0736
1.7132
2.2272
2.2568
1.9594
1.7832
1.8196
1.6236
2.4626
1.9642
2.0744
1.7572
1.8428
2.447
1.5254
1.7934
2.0592
1.8976
2.0976
1.5694
2.4302
1.7708
2.062
2.135
1.9398
1.958
2.175
2.3032
1.9186
2.02
2.0684
1.8472
1.9096
1.7706
2.004
1.9724
1.8508
1.8496
1.7932
2.1322
2.0752
2.2106
1.3918
2.3996
2.0322
1.988
1.9096
1.7034
1.9638
1.9854
2.134
2.1142
2.1366
1.705
1.7136
2.3136
1.9234
1.7798
1.8606
1.9122
1.9314
2.5076
2.0766
1.8196
1.8728
1.8068
1.7578
2.1492
1.7992
1.7456
1.8044
2.0284
1.9824
2.0832
1.6446
2.0926
1.7576
1.7494
2.0644
1.8452
1.9584
1.8484
2.222
1.5776
2.3634
1.5222
1.8064
2.2054
2.0122
1.6418
1.9224
2.1344
2.0452
2.0876
1.808
2.1728
2.051
1.5938
2.0082
2.013
2.0032
1.813
1.8172
2.2096
1.8114
2.0654
1.9974
2.1318
1.6672
2.1108
1.84
1.8606
2.1396
1.8874
2.3128
1.5156
1.7058
1.9828
1.8728
1.8184
2.0764
1.8026
2.0928
2.302
2.295
1.814
1.9376
1.93
1.966
1.9598
1.8558
1.8014
1.864
2.5236
1.7854
1.9572
1.793
2.0566
2.048
2.1712
1.9622
1.8972
2.3912
1.6532
1.6768
2.445
1.7574
2.1526
1.9544
1.9744
1.955
2.1536
1.9564
1.6786
2.0322
2.184
2.021
2.2034
1.9456
1.5252
2.2296
1.9092
2.3226
2.13
2.013
2.0582
1.8102
1.7692
2.3614
1.9576
2.0478
2.0846
1.7018
1.9938
1.9316
1.8802
1.8632
2.2436
2.0232
2.1428
2.0122
1.8292
2.0848
2.328
1.9354
2.0184
1.869
1.6614
1.975
1.9622
2.0054
2.249
1.5744
1.9474
1.708
1.9712
1.6582
2.2278
1.9306
2.1312
1.8378
1.693
1.9678
1.8102
2.192
1.8314
1.802
2.2458
1.6436
1.9958
1.9466
2.0752
2.1268
1.891
2.0622
1.484
2.0848
1.9518
1.9008
2.1522
2.2124
1.5588
2.1056
2.1014
2.3274
1.8756
2.2642
1.6146
2.17
1.831
2.3794
1.9552
2.0382
1.6574
1.9876
2.1588
1.4752
2.224
1.5992
2.5844
1.7316
1.8872
1.7856
2.6574
2.2932
1.4424
1.9216
2.631
1.8174
1.8444
1.9932
2.0056
2.3026
1.9682
1.9876
1.675
2.258
2.2892
1.912
1.899
2.0668
2.0526
1.994
2.0892
1.9314
1.8962
2.1846
2.1696
2.1292
2.3872
1.5584
2.406
1.5954
2.183
1.7464
2.3666
2.1506
1.8782
2.338
1.8574
2.3812
2.1322
1.8608
1.7084
1.7376
2.1396
2.3228
1.779
1.9882
2.051
2.1754
1.5936
1.8974
2.0282
1.935
2.1334
1.6788
2.2888
2.2692
2.0982
1.5564
2.0382
1.7682
1.7684
1.7516
1.9998
2.1108
2.6246
2.1886
1.9034
2.1418
2.2576
1.8614
2.0968
1.8684
1.6908
2.6168
1.9096
2.5444
1.8558
1.9874
1.6376
1.6674
1.8402
1.955
2.0098
2.0364
1.9566
2.141
1.631
2.3862
1.8738
1.8584
2.604
1.7416
2.1362
2.0646
2.1482
1.9362
1.994
1.8176
1.7766
2.399
1.7434
1.7504
2.314
2.0622
1.6654
1.921
1.8788
1.881
1.8282
1.7802
2.2268
1.7144
2.2398
2.1176
2.141
1.8542
1.9176
2.1894
1.668
1.903
2.0464
2.4122
2.3564
2.056
1.976
2.0284
1.5262
2.2846
2.2954
2.1578
1.8134
2.0142
1.9362
2.1026
1.8872
2.514
1.7988
1.8736
1.874
1.8226
2.0472
1.7478
2.0372
2.012
1.89
1.8844
2.1474
2.0538
1.7062
1.715
2.1088
2.2748
1.591
2.409
1.578
2.28
1.7726
2.0052
2.0438
1.6352
1.917
1.9292
2.0568
2.482
2.1138
1.8274
1.7422
2.0162
1.9068
1.7276
2.3218
1.7402
2.053
1.8538
2.3428
2.089
1.9514
2.224
1.993
2.3874
1.9628
2.2308
1.8014
1.8896
2.4814
1.4904
2.0796
2.0532
1.996
1.6754
2.1702
1.435
2.0846
2.076
2.1496
2.0586
2.0434
2.187
1.9556
1.9882
1.6704
2.1968
1.5978
2.0124
1.8898
1.8838
2.2402
2.326
1.6334
2.3714
1.6212
2.2608
2.4008
1.7544
1.9882
1.6458
2.021
2.1518
1.601
2.043
1.9678
2.0768
1.7076
1.7488
2.0392
2.2852
1.6772
2.215
1.882
2.1134
2.1118
1.9172
1.9792
2.026
2.086
2.174
1.8742
2.1566
2.0256
1.8868
2.0698
1.9074
2.0388
1.9484
1.886
1.7394
1.9414
1.8358
2.0622
1.997
1.6762
2.1792
2.2046
1.7606
2.2614
2.1172
1.6104
1.8674
1.694
1.941
2.0334
1.6918
1.984
1.9232
1.6736
2.3914
2.0196
1.6948
1.8214
2.232
1.9884
2.3262
2.056
1.8362
1.8396
1.8138
2.1814
2.1292
2.0824
1.9074
1.8752
2.3072
2.573
1.7576
1.8954
1.713
1.8364
2.3346
2.1362
1.535
1.6176
2.4652
1.8974
1.6778
2.0166
2.2484
2.3588
1.4492
2.24
2.272
1.7278
1.893
1.6948
2.2546
2.3376
1.9018
1.8436
1.5574
2.0792
1.995
1.7364
2.2424
1.9052
1.7194
2.0578
2.0862
2.1484
2.4126
1.6894
2.3146
1.6962
1.6928
2.2668
2.1252
1.6048
2.3108
1.7142
2.1582
1.6862
1.8072
2.124
1.962
2.1826
2.183
1.895
1.633
2.0332
2.043
2.2216
2.2932
1.824
1.591
1.7316
2.0378
2.299
1.982
2.2226
2.2074
1.9826
2.181
2.1072
1.7152
1.777
2.1196
1.9532
1.6214
2.251
1.8922
2.321
1.6894
2.216
2.4544
1.5428
2.2756
1.8912
2.2484
1.4604
1.7782
2.281
2.3022
1.75
2.3328
1.7338
1.8882
1.8916
1.99
2.3184
1.7624
1.8858
1.8054
1.8616
1.9632
2.1246
1.574
1.9582
1.9536
1.7146
2.4838
1.6078
1.927
1.5314
2.0584
2.1516
1.7372
2.3008
1.9662
2.0982
2.1836
2.2268
1.9874
2.1026
1.9364
1.8734
1.7194
2.1398
1.6784
2.3382
1.8296
1.7078
2.0984
1.837
2.3486
1.8476
1.8116
1.8254
1.9736
2.1714
1.6798
1.9944
1.8906
1.943
2.0764
1.6598
2.0748
2.2226
1.79
1.7242
2.0134
2.0376
2.1334
2.125
1.797
1.9882
2.1502
2.0234
1.9464
2.1104
2.2916
1.4748
2.146
2.0328
2.03
2.432
2.4986
2.0348
1.9212
2.1734
1.6074
1.728
2.0188
2.1882
2.1182
1.8656
2.2014
1.8252
1.831
2.177
1.5776
1.9512
2.2244
1.8252
2.4078
1.9032
1.6392
2.0184
1.7054
2.2324
2.163
2.039
1.9028
1.981
2.4372
1.9286
2.1836
1.8676
2.223
1.8448
1.93
1.5938
2.3848
1.5438
2.2484
2.3806
1.9552
1.8952
2.033
2.2614
1.8976
1.8882
2.0708
1.6922
2.6996
1.6408
1.8946
2.034
2.1754
2.2798
2.2588
2.075
1.984
1.9658
1.9568
1.9078
1.993
2.0734
1.8566
2.3662
2.1482
1.7224
2.1562
2.124
2.2454
1.879
1.9168
1.874
2.0962
1.5454
1.9268
1.9596
2.1954
2.0508
1.7688
2.171
1.9154
2.1398
2.15
1.778
1.6448
1.904
2.4236
2.38
1.5714
1.8522
2.3458
1.9242
2.3166
2.0792
1.9186
1.8944
2.1188
1.6274
2.1206
2.2028
1.7908
2.162
2.0718
1.8076
2.0342
1.7416
2.2406
1.979
1.8342
1.9876
1.8414
1.9432
1.9718
2.103
1.8466
2.0264
1.7952
2.4236
2.0862
2.0696
2.1036
1.712
2.3226
1.8748
2.3344
1.8198
2.0322
2.2954
2.0464
2.1496
2.0534
1.7798
1.6708
2.1638
2.499
1.678
2.2506
1.7222
2.2614
1.9884
1.718
2.1786
2.2062
1.648
1.9598
2.2238
2.1824
1.8974
1.8314
2.0884
1.5802
2.0068
1.5828
2.2734
1.6692
2.0088
1.8012
2.077
2.2046
1.9134
2.415
1.8584
1.6438
2.2466
1.8496
1.7712
2.5122
1.9898
2.3332
1.8076
1.9294
1.7598
1.9572
2.3358
1.5184
2.2304
1.961
1.9328
1.9394
2.3524
1.894
1.6994
2.166
1.8892
2.0082
1.9116
2.1022
1.9792
1.7664
2.1628
2.3562
1.8326
1.9334
2.2836
1.9468
2.0232
2.1466
1.9176
2.2244
1.6658
1.7476
1.8204
1.9728
2.298
2.232
2.0054
1.6816
2.2586
2.5106
1.474
1.6606
2.1054
2.127
2.0832
1.5106
2.1944
1.8652
1.912
2.0548
2.1984
1.9834
2.2202
1.8564
2.357
2.2178
1.7234
2.1878
2.0256
1.8466
2.213
2.0122
1.7682
2.1438
2.5026
2.5906
2.138
1.9366
1.6788
2.3838
2.3608
1.812
2.4258
1.869
1.8714
1.8144
1.9312
2.4598
2.3788
1.724
1.5874
2.6
1.75
2.0756
2.2446
1.6334
2.2678
2.0078
1.9946
1.9848
1.8208
2.0154
2.4176
1.939
1.9454
2.2124
1.7636
2.4068
1.6406
2.3544
1.9002
1.6096
2.2016
1.4904
2.6022
1.6474
1.7804
2.0886
2.097
1.6196
2.0302
1.9872
1.889
2.194
1.6192
1.9304
2.056
1.8404
2.0976
2.132
1.9686
1.7758
2.4538
2.0204
1.7676
2.2662
2.0308
2.0452
1.6306
1.913
1.715
2.1106
1.946
2.2106
2.3588
1.8834
2.1946
1.8766
2.2182
1.6244
2.0176
1.7258
1.8816
2.0362
1.9464
2.1708
1.9336
2.2478
2.2884
1.3976
2.1092
1.945
2.0842
2.0754
1.977
2.1064
1.8518
1.851
2.0678
1.9588
1.9566
1.7308
1.8818
2.0148
2.1168
2.7084
1.4486
1.6292
1.9862
1.82
2.4142
1.591
2.3408
1.6112
2.4572
1.8226
2.2032
2.0322
1.928
1.8678
2.1692
2.1744
2.0882
2.0608
2.242
2.0454
2
2.2256
2.0918
2.1684
1.8132
2.037
2.1464
2.0046
1.8442
2.0126
1.7536
2.254
2.0126
1.9618
2.0832
1.7212
2.0378
2.046
2.2694
1.5672
2.0582
2.1752
1.785
1.9784
2.2214
2.046
1.5774
1.7962
2.277
1.8134
2.0054
2.258
1.8498
2.009
1.7646
1.9452
1.9552
2.0942
1.8634
2.074
1.8546
2.3834
1.8104
1.9242
2.0336
1.9418
1.8774
1.9152
1.9762
2.131
1.5844
2.1296
1.9966
1.6946
2.1832
2.303
2.0176
2.3312
1.9374
2.06
1.8912
1.965
1.9738
1.6766
2.1092
1.7844
2.3012
1.8558
2.31
1.7532
1.993
2.1396
1.9028
2.0912
1.8936
2.1946
2.234
1.81
1.8852
2.0328
1.9632
1.7022
2.127
2.3134
1.831
2.1778
2.2272
1.7642
2.176
1.9564
1.708
2.2222
1.7658
1.6682
1.8576
2.4078
1.8288
1.7556
1.9772
2.226
1.9168
1.973
1.9738
2.0182
1.668
1.9212
2.2146
2.1
1.9114
1.7726
1.8488
1.747
2.5664
1.827
1.6702
1.9078
1.9338
1.7998
2.2468
1.7994
2.0786
2.02
2.136
1.8864
1.6948
1.9022
1.7896
1.9172
2.0422
1.8456
2.1688
1.9322
1.7904
1.6212
2.6356
1.8466
2.1854
2.1712
2.0294
1.802
2.3564
1.8444
2.448
1.8264
1.6448
2.2554
1.7116
1.691
2.0676
1.7592
2.2512
1.6948
2.2744
2.1054
2.4944
1.869
1.5882
2.2334
2.2736
1.5434
2.1052
1.6938
1.7646
2.0148
2.1488
2.0386
1.73
2.2392
2.036
2.088
2.178
1.6088
2.2124
1.8066
2.1326
1.9012
2.2336
1.985
1.6514
2.1426
2.0408
1.7726
1.9476
1.7342
2.0054
1.9942
1.9762
2.0198
2.18
1.9276
1.8974
2.2538
1.89
2.1144
1.4916
2.0852
2.3132
1.9534
2.1066
1.8528
2.2532
2.0264
1.836
2.281
1.8542
2.1652
1.8308
1.9198
1.9882
1.7606
1.7374
2.0902
2.3814
1.6212
1.8658
2.3028
1.999
2.2272
1.724
2.058
2.1258
2.023
1.8418
1.3006
2.5564
1.3814
2.5656
1.7596
1.7418
2.212
1.6834
2.0734
1.9772
1.915
2.139
2.0686
1.669
2.7152
1.8002
1.9526
1.7216
2.063
2.079
1.8346
1.6356
1.6242
2.2254
1.8546
2.2602
1.631
1.806
1.7832
2.1092
1.7632
2.1642
2.1022
1.8032
2.037
1.9522
1.8682
1.7914
1.7602
1.908
2.0058
2.017
2.1688
2.1908
1.5844
2.1596
1.8734
2.096
1.9142
1.7012
2.5
2.5448
1.7804
1.7152
1.9934
1.7802
1.8332
2.1532
1.7884
1.9802
2.2244
2.187
1.899
2.4404
1.5926
1.8896
2.0744
1.8918
2.2772
1.9012
1.9094
1.7356
2.0836
1.732
2.1976
1.989
2.2116
2.3746
1.8158
1.7914
2.1218
1.891
1.798
2.24
1.8664
1.6994
2.12
1.7202
2.2232
2.4782
1.744
2.118
1.8388
2.2834
1.687
1.9032
2.2442
2.0308
1.9616
1.9604
1.9866
2.1102
2.2086
1.8732
1.8692
1.7744
1.993
2.101
2.299
1.8066
1.7872
2.1324
1.8212
2.0642
1.7754
1.8226
2.0504
1.8454
2.2324
2.2074
1.9174
1.8096
1.8356
1.7322
1.9124
2.298
2.0092
2.2536
1.6862
2.4602
2.1334
1.671
1.9676
2.1068
2.1438
1.6638
1.9528
1.9996
1.8862
2.0004
1.8498
2.0378
2.399
2.037
1.8398
1.971
1.9108
1.7828
2.1206
1.8092
2.5472
1.898
1.8242
2.1012
2.097
1.9692
1.3988
2.3798
1.7104
2.0714
1.5228
2.2424
2.3636
2.2372
1.7278
1.8696
2.1512
2.105
2.0244
2.062
2.1806
2.0652
1.8468
1.9254
2.0824
2.1738
1.944
1.6872
1.8278
1.933
2.2664
1.9184
1.9826
1.9066
2.2204
2.061
1.6958
2.1944
2.155
1.5732
1.8978
2.4506
1.724
2.0196
1.825
2.1842
1.6154
1.583
2.215
2.0524
1.7962
1.7582
2.026
2.238
1.7094
1.7886
1.8442
1.7296
1.9258
1.6634
1.7006
2.3984
1.6724
2.1436
1.617
2.1366
2.5358
2.1
2.276
2.118
1.8168
1.7392
1.8164
2.0746
1.8888
1.8316
1.9486
2.0522
1.9526
2.716
1.48
1.8284
1.8364
2.3192
1.7758
2.2294
1.7872
2.2322
1.8078
1.9942
2.22
1.6896
1.9816
1.7586
2.4606
2.101
2.0816
1.9678
2.3576
1.6498
2.2378
1.8046
1.8952
1.8474
2.1898
1.9576
1.9564
1.7764
2.509
1.5624
2.1642
1.8
2.2374
1.9274
1.8116
2.3654
1.6434
1.9048
1.6514
2.2616
1.8142
1.907
1.5998
1.8086
2.2694
1.8612
2.165
1.8696
2.3538
1.9566
1.8706
2.0588
1.8832
2.1522
2.1034
2.0614
1.8102
2.139
1.7138
2.0508
1.8
2.228
1.91
1.8832
1.5474
2.0514
2.3734
1.9872
2.2454
1.7
2.1448
2.073
1.752
2.0948
1.7322
2.1942
2.0066
1.7752
2.1812
2.0212
1.8434
1.9476
2.0604
1.9858
1.6382
2.444
1.7156
2.3388
1.9862
2.155
1.7524
2.076
1.874
2.2696
1.7482
1.9584
1.931
2.0606
1.6762
2.0382
1.775
2.3212
2.0538
2.0788
1.9942
2.081
2.0526
2.0638
2.2254
1.9958
1.7358
2.0674
1.8502
1.8522
2.2456
1.8066
1.6382
2.4744
2.3132
2.135
2.1434
1.663
2.2032
1.9788
2.1276
2.1872
1.8246
2.0266
2.17
2.1056
1.9096
1.9304
1.903
1.8774
2.1038
2.2474
1.928
1.6164
2.1718
1.8932
1.925
2.112
1.77
2.1272
2.6014
1.6288
2.1604
2.2708
1.523
2.395
1.7038
1.9406
2.4732
1.8622
1.8428
1.749
1.932
2.2516
1.7288
2.0056
1.8408
1.7566
1.7666
1.8222
2.0276
1.8706
1.89
1.6812
1.8622
1.797
2.3784
2.2112
1.6456
2.0696
1.8906
2.058
1.8772
2.1306
1.292
2.0134
2.2194
1.8612
1.8626
2.1494
2.0518
1.606
1.9484
2.1452
1.871
2.02
1.4526
2.227
2.336
2.1482
2.0124
1.857
2.226
1.6806
1.8906
2.0002
1.8776
2.3034
1.7854
2.0032
1.609
1.9438
1.8902
1.9948
2.4042
1.9984
2.3522
2.0894
1.6984
1.725
2.1848
1.9536
2.0832
1.9792
1.8204
2.361
1.6524
1.8464
1.8252
2.0568
1.8208
1.8156
2.075
1.9694
2.33
2.052
1.884
1.9896
2.2734
2.1732
2.0294
1.8086
1.9988
1.9024
1.8196
2.0164
2.0626
2.431
1.7442
2.1966
1.6246
2.1826
2.0634
1.8206
2.1708
2.0442
1.9324
2.1436
1.6856
2.3598
2.1064
1.9386
1.757
1.8272
2.317
1.6622
1.7864
2.0786
2.125
1.8408
2.1862
2.0468
1.7108
1.9856
2.138
1.7486
2.1932
1.8068
2.0892
1.9226
1.6144
1.4746
2.2102
2.0648
2.1986
2.3648
1.5914
1.9424
1.9066
2.0166
1.6518
2.1024
1.8594
1.8782
2.28
1.6538
2.0252
1.7834
2.3514
2.0032
1.9674
2.219
1.6642
2.128
1.8142
2.0142
1.8428
1.9936
1.5318
2.123
2.3692
1.9932
1.6466
2.2398
1.9682
1.8044
2.3994
1.857
1.971
2.0212
1.68
1.852
1.8824
1.7876
2.1176
2.2098
1.8504
1.8
1.5834
2.073
2.1396
1.7168
2.504
1.8806
1.943
2.2934
1.787
2.0148
2.0394
2.122
1.9058
1.9682
1.9568
2.2046
2.1626
1.8944
2.0146
1.9284
1.8602
1.75
2.2132
1.868
2.0452
1.6596
1.9146
2.1284
1.8168
1.878
1.8962
1.9104
1.9134
1.9056
1.8632
1.8632
2.6018
1.7624
1.947
1.7368
1.8496
2.251
2.153
2.0074
2.1418
1.8632
2.003
1.7876
1.907
2.1972
2.0384
1.982
2.2196
1.5502
2.0392
2.151
2.0836
1.766
2.075
1.9652
2.0564
1.986
1.9062
2.1724
1.8832
1.7422
2.3224
1.6756
1.7554
2.4462
1.5106
2.5354
2.0904
2.0128
1.8146
1.8874
1.8766
2.0586
1.7992
2.0104
1.8108
1.9322
2.0196
1.9162
2.2226
2.3122
2.007
1.8876
2.221
1.8472
2.0564
2.0484
2.2416
1.9898
2.0302
2.2868
1.7222
1.815
2.1638
2.4108
1.7786
1.8478
1.7452
2.526
1.8412
1.8258
1.8864
2.1906
1.741
2.1554
2.0768
1.6498
1.9702
1.7752
2.021
1.954
2.1096
1.894
2.429
1.7616
1.6904
1.9372
1.951
1.762
2.185
1.8754
2.205
2.2508
2.218
1.993
1.9474
1.758
2.37
1.6938
2.421
1.9292
1.9258
1.8596
1.9496
2.021
1.4884
2.1578
1.8648
2.349
1.6332
2.4242
1.8244
1.942
1.983
1.918
2.1522
2.165
2.0978
1.8944
1.8848
1.8476
1.8474
2.1354
1.5134
2.3054
2.0552
1.742
1.8904
2.3368
2.2676
1.804
1.9392
1.9082
1.9808
1.9814
1.9744
2.4408
1.8572
1.8814
2.0412
1.8906
2.2226
2.059
1.8448
1.6394
1.9302
1.9318
1.8916
2.2406
1.7356
1.7006
2.2926
2.054
2.2216
1.5502
2.4452
1.9072
1.7722
1.9966
2.1878
1.895
1.815
2.0096
1.787
2.1134
2.1352
1.9246
1.7738
2.1232
1.9244
1.802
1.66
2.2054
1.6218
2.1772
2.0224
1.9864
1.9072
1.6928
1.7858
2.0874
1.891
1.8678
2.1386
1.5946
2.2348
2.0882
1.2658
1.7608
2.2498
1.9702
1.239
2.2954
1.7414
1.9942
2.3952
1.7862
1.6334
1.804
2.3534
1.8076
1.9064
2.0216
2.0854
1.8626
2.005
2.0214
1.7438
1.6384
1.778
2.222
1.5876
1.9522
1.5418
2.0584
1.783
2.05
1.9576
2.1278
1.9056
1.9218
2.193
1.7742
1.6812
2.4688
1.8586
2.4672
2.1794
2.301
1.8458
2.2992
1.7278
1.4732
2.149
1.6806
1.612
2.4358
1.5618
2.2602
1.979
2.3916
1.467
2.0606
2.0614
1.8648
2.0926
2.1318
2.2306
1.7278
2.1636
2.0668
2.0616
1.4946
2.8048
1.3922
2.2364
1.9164
1.653
1.7564
2.1508
1.6028
2.172
2.2196
2.1042
2.072
2.0048
1.7022
2.2664
1.721
1.9676
2.0044
1.9828
2.0698
1.869
1.7608
1.9616
2.0254
1.8868
2.5254
1.717
2.0344
1.633
2.0748
1.7856
1.9878
2.348
1.5436
2.419
1.886
1.7448
2.1398
2.3098
1.9068
2.1174
2.2066
2.123
2.0214
2.195
1.7982
1.914
1.906
2.0814
1.5868
2.1528
1.6018
2.3826
1.8576
2.0402
2.1176
2.0184
1.7522
2.2786
2.0666
1.9938
1.8952
2.0914
1.9742
2.247
2.0494
2.112
1.6914
1.9752
2.178
2.203
1.853
1.9464
1.7642
2.2214
2.0954
2.4848
1.858
1.9326
1.7218
1.343
2.3564
2.0634
1.7644
1.8634
2.0076
2.2656
1.7628
2.4182
2.1006
2.2184
1.9594
1.6228
2.1598
2.3418
1.9224
1.907
1.8434
1.8568
2.087
2.237
1.7138
2.0978
1.9656
1.8096
2.116
1.7698
2.0166
2.3554
1.4844
2.324
1.8986
2.011
1.6584
2.6438
1.4262
2.1178
2.1428
2.4544
1.7848
2.3712
2.0562
1.9928
2.2552
1.929
1.938
1.8222
2.0322
2.04
1.6644
1.6148
2.6408
1.8424
1.866
1.8448
1.7104
2.0168
2.6718
1.9436
1.934
1.5762
2.1458
2.1388
2.0462
1.8958
2.288
2.078
2.2488
1.4112
2.0898
2.1022
1.8288
2.2392
1.542
2.3096
2.1232
2.0536
2.0498
1.8728
2.1914
1.5374
2.3448
2.1338
1.8346
2.4546
2.0236
2.3038
2.1954
2.1694
1.7242
1.8848
2.4132
2.0162
2.062
1.8548
2.1176
1.8268
2.2046
1.712
1.8772
2.6182
2.2852
1.606
2.2276
2.2674
1.7376
2.0406
2.2176
2.1242
1.671
2.516
1.6024
2.164
2.2498
1.814
1.7424
2.102
2.2746
1.8812
2.308
1.529
1.8726
1.8482
2.2304
1.8162
2.0322
2.2216
1.9492
2.1112
1.9684
2.12
2.1548
1.9082
1.6724
2.1856
1.9448
1.7212
1.648
2.2238
1.8536
2.0468
2.0556
2.3496
1.9074
2.1352
2.0666
1.7538
2.127
2.1904
1.8636
1.8454
2.127
1.801
1.9902
1.683
2.0104
2.5192
1.9428
2.0356
1.6626
2.106
1.9336
2.3924
1.9036
2.1776
1.9698
1.8166
2.3988
1.736
2.1752
2.1288
1.6152
2.3824
2.3326
1.8106
2.2936
1.2724
2.3818
1.867
1.4656
1.6438
2.124
2.3106
1.9214
1.6284
2.0438
1.8314
2.1512
2.1178
1.6084
1.9492
2.2414
1.8944
2.2894
1.5106
1.7642
1.8282
2.1826
1.735
1.8062
1.6716
2.3644
1.9016
1.9614
1.8968
2.2572
1.8
2.0904
1.7974
1.8598
2.6014
1.6426
2.1664
1.8274
2.0146
2.4602
1.8142
1.937
1.806
2.027
2.0154
1.8678
1.7112
2.0002
2.0662
1.8614
2.1584
2.001
1.9202
1.8168
2.1232
1.8908
2.5864
1.8634
1.8604
1.836
2.2144
2.1598
1.9706
1.8064
1.7624
1.8374
2.2654
1.9958
1.7182
1.9342
1.953
2.1014
2.307
1.659
1.5408
2.5388
1.8488
2.2556
1.7398
1.9108
1.729
1.9556
1.8672
2.3154
1.7826
2.1532
1.9036
2.1812
1.484
1.9128
1.827
2.4122
1.8624
1.743
2.053
2.009
1.7928
1.8162
2.1694
2.0104
1.5538
1.855
2.1118
2.2166
2.2272
2.1608
1.5822
1.9666
2.0364
2.0764
2.0476
1.966
2.118
2.0802
2.0842
1.7224
2.0904
1.931
2.257
1.9258
2.089
2.029
2.0568
1.949
2.0688
1.7428
1.908
2.3694
1.6342
1.898
2.1662
2.2242
2.4478
1.2864
2.3298
2.0596
2.4122
2.2418
1.8228
2.4144
2.0024
2.0012
1.9746
2.0362
2.0162
1.6364
2.1818
2.4764
1.987
1.8982
1.9188
2.1122
1.6758
2.0986
1.4338
2.3346
1.715
2.3936
1.9268
1.98
2.2446
2.045
1.9522
2.2704
2.2256
1.7642
1.6352
2.4746
1.8
1.9966
2.1258
1.622
1.7946
2.4736
1.7884
2.1148
2.1914
2.1052
1.3698
1.805
2.3698
1.9594
2.1802
1.8328
2.427
1.9558
1.9172
1.8632
1.6952
1.9662
1.9506
1.9116
2.1144
1.6828
1.8962
1.5602
2.3108
1.9972
2.085
2.1198
2.4948
1.6302
2.2216
1.7474
2.1702
1.7578
2.1714
2.0108
1.7518
2.015
1.557
2.2648
1.8014
2.1636
1.8126
2.5184
1.8476
1.9286
1.9356
2.054
1.7426
2.0434
2.0032
1.968
1.919
1.8132
1.9036
2.1926
1.8018
2.0036
1.9286
1.6886
2.17
1.8544
2.1548
1.5128
1.8042
2.0288
2.3884
1.6406
2.3148
1.9376
1.7784
2.3214
1.8692
2.1882
1.5912
1.8466
2.0764
2.3128
1.8646
2.0004
1.835
1.8044
2.0414
1.95
1.7162
2.1114
2.0834
1.763
2.1804
1.7636
2.3028
1.9738
1.7202
1.8014
2.116
1.7646
2.0304
1.804
1.8652
2.355
1.7434
1.7404
2.1006
2.3638
1.7746
1.726
2.067
2.0308
1.6348
1.8398
1.975
2.0164
2.0372
1.888
2.3998
1.9114
1.8852
1.7698
1.9876
2.121
1.9146
2.0998
2.1042
2.0034
1.9418
1.9774
1.7648
1.8698
1.6298
2.4218
1.7338
2.141
1.9358
1.9718
1.891
2.1902
2.057
1.9818
1.9688
1.9322
2.1446
1.945
1.9748
2.0842
1.5206
2.147
2.3548
2.1356
1.8802
2.2258
1.9144
2.1826
2.2464
2.3482
1.6646
2.067
1.767
2.1716
2.1534
2.2618
2.0694
2.242
2.0194
2.1634
2.2932
1.959
2.1308
2.1838
1.7548
1.9542
2.105
2.1672
1.9616
2.283
1.7238
2.1714
1.9712
1.7488
2.4388
1.9816
2.0782
1.8996
1.5692
2.1228
1.7962
1.7014
1.858
2.2318
2.019
1.994
1.652
1.9924
2.1734
2.1148
1.8448
2.2132
1.986
2.0418
2.1336
1.6418
2.3994
1.5322
1.8614
2.0274
2.2762
1.8222
2.3532
1.5674
1.9854
1.9616
1.859
1.7852
2.2024
2.369
1.7562
1.8748
1.8144
2.238
1.7076
1.959
2.2202
1.5292
1.984
2.1458
2.2426
1.818
2.1182
2.3018
1.8988
1.8832
2.5316
2.063
2.2084
2.2914
2.0262
2.0412
2.2138
2.0484
2.0432
2.2554
1.7802
2.0328
1.7558
1.7362
2.0502
2.0208
1.9556
1.8734
1.9368
1.8184
1.96
1.7584
1.8658
2.2052
1.718
2.4476
1.7428
2.3094
2.0448
2.111
2.1044
2.3376
1.6616
1.6764
2.2448
1.8086
2.2118
2.4596
1.9614
2.1186
2.2844
1.5908
1.66
1.961
2.068
2.393
1.8452
2.2866
1.788
2.2536
1.7002
2.3052
2.224
1.731
1.8902
1.5764
2.3658
1.8564
2.264
2.398
1.5904
1.655
2.2874
2.2916
1.5704
1.8366
2.1656
2.1484
1.7228
1.597
2.2826
1.8398
1.8304
1.663
1.8104
2.0002
2.5358
1.9202
1.6592
2.198
1.6742
1.5826
1.7296
2.3974
2.2116
1.7032
2.1262
1.88
1.9778
2.202
1.7736
1.6966
2.0122
1.7208
2.223
2.0638
2.175
1.8578
1.9942
2.0498
2.1128
2.0134
2.0712
1.7182
1.7442
2.2018
1.6298
2.1552
1.845
1.8348
2.1286
1.5418
2.2784
2.1434
2.2216
1.9986
2.203
1.9442
1.8766
1.677
2.0214
2.0612
2.065
1.7514
1.695
2.246
1.7498
2.2036
1.9426
1.9358
1.5874
2.0286
1.865
2.1184
2.084
1.9458
1.5346
1.8838
2.175
2.0504
1.6564
1.615
1.9028
2.2464
1.809
2.2194
2.0288
1.6116
1.9888
1.9624
2.0854
2.0072
1.73
2.224
2.1094
2.3184
1.7896
2.2966
2.0896
2.2458
1.6656
1.9428
2.2928
1.8446
2.0672
1.8246
1.5802
2.1918
2.0744
1.8432
1.8762
2.4476
1.7964
2.2766
2.1946
2.4434
1.7524
1.9286
2.0898
1.9814
2.3894
1.7928
2.0938
1.6392
1.6962
2.3018
1.4822
2.0668
2.0134
2.1644
1.573
2.3248
2.0654
1.6904
2.0256
1.913
2.1246
1.899
1.9852
2.1482
1.6994
1.9902
1.7108
2.5726
2.3908
2.0964
2.13
1.7084
2.0884
2.2272
1.523
2.2444
1.766
1.9276
1.542
2.2466
1.9754
1.635
2.132
1.5056
2.321
2.2488
1.9636
1.9622
2.3154
1.8386
1.9946
2.1684
2.0716
1.933
1.93
1.9684
2.0156
1.8994
2.2988
1.6116
2.2352
2.0276
2.2336
2.135
1.7724
1.6332
2.334
2.1728
1.9968
2.0504
1.7108
2.1286
1.9864
2.5498
1.8532
1.9994
2.1204
1.6466
2.0476
2.284
1.859
1.887
2.2894
1.929
1.7574
2.2988
1.8842
1.8134
2.1586
1.8534
2.2136
1.7476
1.646
2.1126
1.9568
1.7974
2.2684
2.01
1.8304
2.2724
1.675
1.9936
2.1228
1.9052
1.8408
2.11
1.925
1.822
2.403
1.686
1.8708
1.9208
2.1604
1.839
2.0378
1.8446
2.5906
1.9806
1.7928
2.199
1.8488
2.141
1.5448
1.8302
2.2712
1.87
2.1498
2.319
1.5988
2.3348
1.7824
1.8406
1.5864
1.7752
2.4304
2.0978
1.98
2.0102
1.589
2.066
1.7654
2.0714
2.0214
2.0864
2.0384
1.977
2.2226
1.8602
2.22
2.0566
2.0728
2.0092
2.3616
1.3342
2.1406
1.726
2.0862
1.6116
2.0444
2.2736
1.8342
2.0644
1.8438
1.643
1.9762
2.0686
2.2142
1.9838
2.1232
1.856
2.0206
1.9376
1.8548
2.5098
1.5878
2.0218
1.9038
2.2636
1.6952
1.8302
2.073
2.3266
1.8448
1.86
1.8826
1.9372
2.0792
2.2052
1.851
1.9416
1.7568
2.2074
1.7662
1.904
2.1474
2.1528
1.869
2.1002
1.9434
2.1704
1.8564
1.963
1.782
2.1228
1.8524
1.8362
2.0308
2.1958
1.7304
2.2482
1.8518
2.1084
1.733
1.6362
2.1448
2.1598
2.3662
1.9268
2.122
2.2844
1.635
2.4046
1.9758
1.8214
1.691
2.1028
2.2384
1.8594
1.8922
1.9544
2.0292
1.8598
2.076
2.1142
1.895
2.0368
1.6546
2.0814
1.826
1.8944
2.0298
1.9414
2.0612
2.1458
2.348
1.6126
2.3128
2.23
1.636
1.7094
1.8084
2.0546
1.9344
2.2026
1.9394
1.6914
1.9758
1.9882
1.89
1.631
2.2054
1.91
1.7792
2.0734
2.0734
2.2372
1.922
2.0612
1.7424
2.1652
1.7236
2.1458
1.7488
1.9574
2.5982
1.6508
1.8512
1.8032
2.0204
2.0928
2.2768
2.0172
1.8192
2.0924
1.7756
2.4118
1.662
2.1088
1.6112
2.1996
1.9522
2.1328
2.3208
1.9166
2.0802
2.014
1.939
1.9292
1.6142
1.9522
2.1738
2.0224
1.795
2.3302
1.5118
2.6778
1.8786
1.9036
2.2224
1.9106
2.0772
1.9338
1.5936
2.0814
2.3232
1.7444
2.3818
1.9
1.738
2.0824
2.6934
2.044
1.6714
2.028
2.2832
2.0226
1.4638
2.3372
1.7968
2.2582
2.0222
1.8114
2.1816
2.1616
1.9986
1.844
1.8694
2.0774
1.9118
1.6936
2.0942
1.7822
2.2232
1.9168
1.611
1.9558
2.1588
2.3756
1.9084
1.8238
2.0268
2.1734
1.6046
1.9558
2.2326
2.0686
1.8516
2.1384
1.7604
2.0448
1.7784
1.862
2.092
1.6774
2.0348
1.6064
3.0552
1.8914
2.1402
1.9962
1.7546
2.0536
1.93
2.1322
2.235
2.1024
1.5768
2.5214
1.6056
2.1914
1.8044
2.1944
2.275
1.9804
2.1782
2.3192
1.9732
1.917
2.2396
1.999
2.4368
1.6752
1.428
2.6326
1.9504
2.0068
1.7688
1.824
2.282
1.8804
2.0156
2.0864
1.5604
2.0932
1.7478
2.15
1.8258
1.9302
2.2824
2.006
1.909
1.8914
1.9324
2.0686
1.7152
2.2092
1.7884
1.6626
1.81
1.87
1.9832
2.2352
1.6532
1.6534
2.2136
2.1898
1.6372
2.1622
2.5872
1.8444
1.671
2.0536
2.2348
1.9086
1.8202
1.7558
2.1398
1.8616
2.2672
1.8382
1.9068
1.8834
1.777
1.8078
2.4658
1.9064
1.9256
2.1374
1.7678
1.952
1.7158
2.2534
1.914
2.1132
1.521
1.9396
2.0638
1.3404
2.6572
1.6386
2.199
1.8884
2.169
1.7296
1.718
2.0536
1.8174
2.0742
2.5378
1.9202
1.9504
1.8902
1.9824
1.8982
2.1276
1.889
1.683
1.8208
1.9768
1.7048
1.6378
2.1346
1.6032
2.213
2.055
1.9638
1.8608
2.1832
1.8896
2.0384
2.3306
1.5216
2.0178
2.1198
2.2162
1.7508
1.9308
1.9584
1.7236
2.0108
2.2308
1.8954
2.0964
2.17
2.0466
1.9136
1.8786
2.1794
2.1292
2.1278
1.8364
1.763
2.0586
1.9426
2.0968
2.2002
2.2904
1.6874
2.1446
2.1778
2.2762
1.5538
2.5934
1.5328
2.1582
2.1608
2.065
1.7638
1.761
2.182
2.037
1.7646
2.2492
1.8908
1.9856
1.5516
2.04
1.9486
2.0724
1.641
2.3
1.8254
2.1638
1.6828
2.057
2.0712
1.8726
1.9512
1.8674
2.1218
1.8344
1.4654
2.1272
1.7174
2.1276
2.0016
1.8216
1.7916
2.2896
1.8984
2.108
1.6424
2.0384
1.758
1.992
1.6552
2.0636
1.9402
1.7434
2.0304
1.8244
2.7672
1.8068
2.0206
1.9288
1.8914
1.7738
1.827
2.198
2.2638
1.4072
2.3612
2.461
1.669
2.556
1.6944
1.9116
1.8008
2.294
2.0858
1.4646
2.2404
1.9966
1.807
1.7336
1.6692
1.9022
1.55
1.9242
2.1428
2.0948
1.742
1.7594
2.0912
1.8496
2.0702
1.7378
2.1874
1.6344
2.2416
1.6196
2.0254
1.7332
2.0966
2.1766
2.4116
1.6936
2.0258
1.4892
2.416
1.819
1.9484
2.1034
2.1658
1.9494
2.0006
1.5914
1.949
2.4336
2.1384
2.1748
1.6624
2.0072
1.914
1.881
1.9296
1.879
2.0176
1.9464
2.0246
2.235
1.6888
2.3152
2.0226
1.812
2.2488
1.5226
2.6136
1.6188
2.287
1.8224
2.1598
2.068
1.6808
2.2918
2.264
2.2442
2.0238
2.274
1.8886
2.0374
2.1098
1.7476
1.97
1.8876
2.2422
1.615
1.7964
2.1092
1.8748
2.438
2.127
2.5528
1.5898
1.9098
1.6542
2.1556
2.162
1.806
2.6974
1.5532
2.1218
2.0244
1.703
1.9428
1.92
1.7392
1.725
2.0502
1.9478
2.1396
2.1104
1.813
2.316
2.3214
1.7424
1.8236
2.1178
2.3042
1.913
2.2172
2.1448
1.7744
2.1384
2.1128
2.3906
1.6304
2.1562
2.0662
2.1426
2.2736
1.775
1.943
2.1098
2.024
1.8692
2.1724
1.7742
1.9802
1.6978
2.425
1.856
1.768
2.0488
2.1836
1.8828
2.2254
1.967
1.7206
2.3614
2.0788
1.7856
1.802
2.093
1.7104
2.4896
2.0424
1.8244
2.195
2.0646
2.0144
2.2576
2.3082
1.9986
1.8228
2.5736
1.7568
1.7634
1.8782
2.0634
1.9426
1.8486
2.4128
1.8008
1.6708
2.1376
1.7168
2.0238
1.877
2.0726
1.8268
1.4944
2.535
2.2458
1.4642
2.4352
2.1114
2.0316
2.21
2.176
1.8748
1.5406
2.0442
2.1952
1.8044
1.9888
2.1408
1.658
2.4284
2.1866
2.0794
1.9692
1.7458
2.4656
2.1084
2.2628
2.1168
2.1332
1.744
2.1176
2.1292
2.5988
1.9964
1.8882
2.0078
1.9896
2.1638
1.7942
2.1186
1.689
1.8848
1.7216
1.917
2.2084
2.0154
2.1792
1.7784
1.8478
2.3872
1.9322
1.7134
2.075
2.005
1.6496
2.5274
1.6428
2.3
1.8066
2.2446
2.0334
2.416
1.7886
2.0596
2.0336
1.919
1.7012
2.3978
1.8568
1.8342
1.8826
1.8958
1.924
2.2492
2.057
1.8152
1.958
2.1332
2.2016
1.9994
2.2904
1.581
2.1026
2.1414
1.8244
1.882
1.8254
1.6702
2.0036
1.678
2.1226
2.454
1.6552
2.388
1.966
2.3398
1.6748
1.8184
2.047
2.2312
2.1686
1.9428
1.7444
2.1048
1.629
2.3708
2.0974
1.8658
2.1044
1.8888
2.1466
2.1852
1.3638
2.313
2.1226
1.8428
2.1242
1.91
2.1794
1.7312
1.8134
1.8424
1.7856
1.6926
2.0526
1.8996
2.298
2.1614
1.9192
2.2838
1.9042
1.8916
1.569
2.4766
2.0718
1.9216
1.6984
2.1918
2.1522
2.156
1.9838
1.51
2.2428
1.7414
2.4164
2.0496
2.4602
1.463
2.4124
1.757
2.0864
2.3594
1.7822
2.0316
2.1482
1.7994
2.3832
2.105
1.965
2.188
1.5788
1.9196
2.4356
1.8936
2.2794
1.7674
2.1732
1.7988
1.6388
2.1332
2.1876
2.262
1.6736
2.0338
2.1012
2.1998
1.949
2.0784
2.4536
1.5992
2.3148
1.7648
2.0958
1.7326
2.3526
1.7708
2.177
1.7526
2.4092
1.751
1.8422
2.3974
1.6068
1.859
1.744
2.1506
1.9672
1.9188
1.9514
2.081
2.3456
1.7678
2.0692
1.937
1.9214
1.911
1.9522
2.081
1.4666
2.462
1.793
2.2964
1.916
1.9118
2.2578
2.1082
2.0434
2.2676
1.7564
2.0574
1.6958
2.245
1.8514
1.778
2.019
1.8572
2.4764
1.6198
2
1.9536
1.9294
1.7438
2.303
2.0954
1.7142
1.936
2.5006
1.9518
2.2236
1.7064
1.8918
2.0218
2.3504
2.0572
2.0756
2.0464
2.3184
1.6032
1.9476
1.7608
1.949
1.6284
1.918
2.3718
1.755
1.7548
2.046
2.0086
1.5844
2.355
1.983
1.5172
2.2028
2.1668
1.9836
1.959
2.2708
1.8844
2.2148
2.3762
1.8078
2.4768
1.568
1.9806
1.8268
2.2938
1.7142
1.937
2.0546
1.8092
2.0978
2.1972
1.508
2.2988
1.8178
1.9434
1.6772
1.7788
2.2296
2.4142
1.8216
2.1636
2.1308
1.9774
2.1182
1.4284
2.0376
2.1414
1.9882
1.6316
2.0498
1.865
2.0598
2.1116
2.0084
1.5496
2.135
1.9522
1.9098
1.8906
2.1414
1.9556
2.0462
1.8542
1.9408
1.8872
1.8394
2.0444
2.0918
2.0666
2.5404
1.67
1.8042
2.0238
1.9004
2.1084
1.9612
1.594
2.2142
2.1966
2.4886
1.6154
2.3636
1.913
1.6302
1.7996
2.1046
2.2214
1.85
1.8512
2.2802
2.1744
1.7734
2.3686
1.401
1.888
2.1932
2.0624
2.677
1.4572
2.2026
1.831
1.9104
1.493
2.314
1.6614
2.154
1.9684
1.7886
2.4376
2.006
2.1888
1.9036
1.7284
2.6446
1.7328
1.9966
2.054
2.2326
1.584
1.7166
2.4826
1.6412
2.245
1.9644
1.7066
2.0784
1.9896
2.38
1.8686
2.1528
1.6938
2.0612
1.8316
2.0474
1.8728
1.9372
2.0698
1.6798
2.1166
2.1926
1.866
1.8568
1.7752
1.924
2.1006
2.0086
2.317
1.6946
2.0348
2.073
1.9422
2.2946
1.7896
2.32
2.0022
2.1218
2.0868
2.224
1.9504
1.9184
1.9006
1.7026
2.3326
1.8266
1.8426
1.5758
2.1256
1.4668
2.255
2.4128
1.8202
2.4178
2.1216
2.1658
1.5456
1.7624
2.054
2.2582
2.139
1.7526
1.8216
1.8562
2.1082
2.1814
1.7288
1.9572
1.9054
2.0498
1.978
2.294
1.5882
1.9194
1.8654
1.9592
1.7762
2.0818
1.8572
1.8266
1.895
1.9828
2.0704
1.9882
2.0314
1.8464
1.9196
2.0264
1.8942
2.1128
2.286
1.5904
2.0834
2.1172
2.4592
1.629
1.4242
2.3692
2.3596
1.6582
1.9288
1.751
1.7126
2.4424
2.037
2.4454
1.6478
1.738
1.9732
1.813
2.1094
2.1126
1.9174
1.7118
1.853
2.0942
2.0968
2.4814
2.0374
1.8938
1.6634
2.0612
1.7756
2.2034
1.8388
2.1558
1.8318
1.9914
1.5846
2.564
1.6446
2.0354
1.8828
1.8202
2.2544
2.3562
1.803
1.7774
1.9934
1.9734
2.1166
1.9172
2.5086
1.8714
1.773
1.8422
2.0048
2.0618
1.6848
1.9146
1.9376
2.2576
2.0742
2.74
1.7252
1.8516
1.6092
1.9352
2.0654
1.947
1.6104
2.1074
1.7846
2.074
2.6408
1.9412
2.0022
1.9706
1.97
1.8584
2.5936
1.8156
1.9414
1.7096
1.9514
2.0862
1.8532
2.2574
1.7992
1.9662
2.1128
2.0758
1.801
2.163
2.3518
1.821
1.9484
2.0616
2.1172
1.7844
2.4002
1.9112
2.0018
1.7462
2.0254
1.8192
2.0926
2.3644
2.3502
1.7682
1.6834
2.1688
1.7952
2.4672
2.2202
1.612
2.5054
2.2826
1.4688
2.2996
1.6848
2.3242
2.0274
2.1602
1.8916
1.863
1.991
1.7162
2.1042
2.0266
1.761
1.6214
2.0976
1.7006
1.8274
1.9856
1.7648
2.1996
1.6676
1.779
1.7982
2.3232
1.9266
2.3796
2.0036
2.043
1.7284
2.064
2.1184
1.7594
1.8276
2.0028
2.349
2.545
1.4644
2.3096
1.9924
1.9462
2.1284
1.9684
1.4738
1.9852
2.0748
1.8246
1.9934
1.8682
2.1014
2.0578
1.8064
2.0418
1.9604
1.9088
2.2596
1.8382
2.1092
2.2964
2.111
1.7192
1.9314
1.6084
2.2264
1.649
1.9672
2.1196
1.9108
2.6472
1.813
2.0196
2.1798
2.0406
1.6944
1.955
1.7122
2.1848
1.5242
2.1918
1.885
1.8904
2.2816
1.9706
1.5788
2.1154
1.676
2.3118
1.799
2.0746
2.0594
2.0204
1.89
1.8334
1.9216
2.3994
1.4752
2.2122
1.8814
2.183
2.054
2.2874
1.7378
1.872
2.322
1.6958
1.8144
2.0782
1.5956
2.0128
1.9394
1.8928
2.1494
1.8732
2.2484
1.676
2.2856
1.899
1.9184
2.098
2.1182
1.9526
2.2126
1.7402
1.8144
1.8268
2.5028
1.8492
1.432
2.4978
1.995
1.8172
2.1324
2.0108
1.8828
1.9828
1.5726
1.9454
2.0092
2.3436
2.5022
2.4212
1.6174
2.2226
1.8726
1.8382
2.4318
1.9116
1.9182
2.0488
1.719
1.9348
1.671
2.2258
1.905
1.5626
2.1248
2.1924
2.348
2.0722
1.7976
2.2066
1.532
2.3942
1.7358
1.9354
1.8722
1.6094
2.1964
2.2236
1.6976
2.0852
1.9862
1.647
1.7734
2.0944
1.7898
1.779
2.0154
2.1678
1.9892
2.2246
1.9326
1.8226
2.1474
2.0742
2.3262
1.9488
1.8938
2.0414
1.7806
2.0652
2.3296
1.8486
2.2442
2.0626
1.4332
1.8048
2.044
2.0076
2.0414
1.8108
2.1272
2.0402
1.7638
2.0042
1.8108
1.9062
1.9832
2.0846
1.7928
1.6414
1.9286
2.021
1.7048
1.9264
1.9524
2.0428
2.3888
1.5814
2.2286
1.6718
1.907
1.8896
1.9944
2.1694
1.8424
1.8892
1.7984
2.374
1.9332
2.0092
1.652
2.1996
2.2638
2.4174
2.0466
2.038
1.8202
2.0182
2.324
1.5418
2.0064
2.1736
1.6976
1.8718
2.012
2.0656
1.9406
1.749
1.8776
2.2826
2.2312
1.9484
2.0038
1.493
2.1144
2.2396
2.123
2.3062
1.895
1.92
2.4414
1.4892
2.0332
1.9066
2.1628
1.8176
1.9836
1.9454
2.0444
1.7746
1.8866
1.9844
2.424
2.0458
1.8268
1.845
1.6426
1.9382
2.02
1.772
1.955
1.732
2.2508
1.7674
2.2724
1.7986
2.0004
1.9364
2.1764
2.0492
2.022
1.7862
1.992
1.7208
1.916
2.0244
2.1624
2.0216
1.9092
2.1064
2.0836
1.8344
2.0002
2.021
1.9642
2.0402
1.8592
2.221
2.1388
2.2088
1.7842
2.3142
1.9124
2.0968
2.1952
1.625
2.1368
1.6288
2.5224
1.8264
1.9168
2.2214
1.8952
1.9456
1.8322
1.7632
2.0878
1.824
2.1712
2.1082
1.7786
2.1452
1.6742
2.0956
1.8286
2.3942
1.9494
1.6656
2.069
2.0822
1.9302
2.3588
1.7136
2.4794
1.6674
1.9624
2.0472
1.7356
1.9412
1.8034
1.8294
1.5274
2.0888
2.056
2.1498
1.9236
1.7068
2.3432
1.669
1.7678
2.2006
1.8896
1.9168
2.2114
2.01
2.0736
1.763
2.4518
2.2284
2.4524
1.951
2.0368
1.855
1.921
2.1564
2.104
2.0132
2.024
2.2126
2.279
2.2284
2.0214
2.4862
2.4226
2.1434
2.1614
2.0208
1.8476
1.9686
1.9102
1.989
2.059
2.0866
2.0002
1.767
1.734
2.43
2.17
1.6628
2.0252
2.287
1.7898
1.7714
2.0822
2.1838
1.9204
2.0998
1.5774
1.7808
2.143
1.7782
1.8528
1.7162
2.2786
1.9238
2.3992
1.7408
1.961
1.8638
1.9506
1.7222
2.0312
2.16
1.7586
1.9644
2.1038
2.0922
1.7444
1.995
1.5618
2.4238
1.7094
1.7686
2.2994
1.8888
2.0856
2.1654
1.6252
2.0038
2.1416
1.9794
1.905
1.914
2.1356
2.127
1.9608
1.6184
2.0374
1.855
2.146
1.5834
2.125
2.0618
1.7774
2.003
1.928
1.9918
2.0142
1.9634
2.1592
2.2142
1.8392
1.6448
1.8672
1.978
1.783
1.744
1.9588
1.9976
2.1532
1.8504
1.8784
2.185
1.956
1.8078
1.8762
1.9402
1.8578
2.0206
1.9062
2.1304
1.912
2.4286
1.8562
1.838
2.3008
2.0302
2.7858
1.633
1.9688
1.7922
2.0124
1.841
2.2862
1.7172
1.8668
2.2876
1.7046
2.0696
2.4702
2.0254
2.018
1.7674
2.0084
1.6818
2.0834
1.9804
2.0758
1.9926
2.0852
2.0236
2.195
2.122
1.8926
2.129
1.8828
1.763
2.3628
2.1772
1.7868
2.0516
1.991
1.9106
1.8642
1.93
2.0212
2.1016
2.0626
2.1912
2.0918
1.8506
1.9438
1.5718
1.9264
2.0678
2.1118
2.1008
1.8156
1.6034
1.9062
2.5784
1.8866
2.0426
2.0608
2.0294
2.0368
2.0478
2.038
1.6844
1.9698
1.8758
1.7318
2.0408
1.8752
2.3006
1.8484
1.79
2.0452
2.0742
2.122
2.1096
2.0448
1.6314
1.993
1.745
2.1454
1.803
1.912
1.9096
1.7422
2.601
1.692
2.052
1.8744
2.3682
1.876
1.8954
2.591
1.7856
1.6528
2.1812
1.805
2.1918
2.2162
1.5352
1.9276
2.0828
1.7124
2.2166
2.1864
1.7966
2.1408
1.7154
1.9376
2.3394
1.878
1.6194
1.8286
1.8676
2.0562
2.0964
2.2758
1.5006
1.6074
2.0228
2.0394
1.4342
2.151
2.024
1.9938
2.0912
2.2196
2.3518
2.1732
1.894
1.9702
2.0736
1.7026
2.2448
2.1234
1.8376
2.1068
1.932
1.9542
2.3128
1.708
1.8808
2.0682
1.8054
1.7388
2.0214
1.8546
1.9172
2.2538
1.7184
2.4634
2.249
1.3462
2.057
1.7014
2.0536
1.8892
1.9158
2.219
1.584
2.1734
1.9964
2.0824
1.9076
2
2.0104
1.8656
1.9124
2.0548
2.3908
1.8928
2.7278
1.6248
1.6024
2.282
1.5442
2.0516
1.8804
2.284
1.8304
1.8334
1.6548
1.7668
2.1334
2.1028
1.9272
2.0626
1.7424
2.1144
2.3312
1.9086
1.6254
2.6338
1.6482
1.9448
2.279
1.7892
1.867
1.739
2.1754
1.4722
2.0446
2.0144
1.894
2.2574
1.5332
2.1578
1.6876
2.547
1.613
1.772
2.557
1.6504
2.1522
2.6184
1.7222
1.9364
1.9532
2.2008
1.8554
2.1464
1.8234
2.1986
1.6842
1.8816
1.9334
1.727
2.2488
2.231
2.1778
1.7444
1.8934
1.6304
2.0872
2.1474
2.0146
1.5192
2.2292
1.9504
1.586
1.637
2.237
1.7332
2.2452
1.5846
1.5206
2.0094
1.7822
2.3286
1.7282
1.992
2.1048
1.9222
1.9558
1.8802
2.2722
1.7494
1.918
2.198
2.0344
1.7658
2.2216
1.7922
1.9478
2.1272
1.8592
2.5836
1.7808
1.9912
1.7526
1.9508
2.0892
2.0996
1.8812
2.293
1.973
2.1736
1.8956
1.9814
2.0896
2.2236
1.8522
1.8172
1.7818
1.8752
2.0906
2.296
2.0656
1.675
2.262
2.022
1.7148
1.964
2.024
1.815
2.111
2.171
1.9066
2.325
1.6036
2.1008
2.3472
2.018
2.1556
2.0758
1.9634
1.425
1.8662
1.7614
1.5674
1.987
2.0524
2.4318
1.964
1.9086
2.0962
2.1236
2
1.8558
2.2876
1.7992
2.0838
2.2038
1.789
2.4148
1.9564
1.723
2.2188
1.9804
1.7858
1.7496
2.4398
2.0242
2.4834
1.9422
1.9106
2.0782
2.0492
1.9514
2.4902
1.9788
1.8188
1.995
1.8698
2.3474
1.9636
2.3256
2.0442
2.3852
1.9234
2.002
2.1438
1.9968
1.7708
1.9248
1.977
2.2966
2.1708
2.1376
2.352
1.715
2.4126
2.0824
1.7362
1.5698
2.0256
2.158
2.265
1.7588
1.9622
1.8742
1.9356
1.9896
1.68
1.8832
1.8684
1.6836
1.9772
1.8254
1.7526
2.2842
1.6758
2.3698
2.4524
1.7866
2.0392
1.523
2.1142
2.0898
1.809
1.9346
2.2256
1.7458
2.1054
2.1126
2.2396
1.752
1.7252
1.8978
2.211
1.871
1.8042
1.7808
2.2544
1.8544
1.7504
2.1508
2.0474
1.85
1.7906
1.9894
1.9158
2.0394
2.1512
2.226
1.5402
1.959
1.7334
2.0734
1.562
1.9828
2.0304
2.083
1.8588
1.7322
2.0344
2.0262
1.7212
2.152
1.9594
1.8266
1.8078
1.9448
2.2476
1.9744
1.7582
2.1986
2.4318
1.446
2.4572
1.9402
2.2302
1.832
1.9302
2.1394
2.0504
1.8898
2.5794
1.7694
2.168
1.811
2.2406
1.9186
2.3276
2.1182
2.0498
1.7738
2.179
1.8532
2.235
2.0684
1.6834
1.68
2.0154
1.9552
1.4306
2.4142
1.503
2.5366
1.7324
2.2724
1.7886
2.0126
1.9536
1.9038
1.7926
2.4046
2.3168
1.4268
1.8828
1.7908
2.0558
2.0666
2.0546
1.8698
2.5308
1.6568
2.006
2.3898
2.0198
1.8766
1.8356
1.9358
1.6984
2.6284
2.0552
2.2548
1.7342
2.0114
1.4832
2.2232
1.9584
1.7792
2.2756
1.4154
2.3272
2.0158
2.0884
1.8456
1.6294
2.1924
1.9864
1.9926
2.1238
2.3306
1.7388
1.616
2.047
1.5904
1.92
2.1322
1.7746
1.9372
2.6356
1.9044
2.0708
2.144
2.1256
1.8242
1.97
1.8686
2.0464
1.7918
1.9942
1.6964
2.2654
1.9102
1.6006
2.6226
1.831
2.2634
1.9012
2.1614
1.9252
2.201
1.9958
1.6102
2.7242
1.7236
2.4444
1.7784
1.7656
1.8578
1.8726
2.2042
1.9604
1.8896
1.9618
2.27
1.9784
2.4118
1.7956
1.92
2.0502
2.0824
2.1564
1.8252
1.9408
2.047
1.9824
2.0124
2.0804
2.0118
2.1864
1.7128
1.9514
1.8202
2.1324
2.0498
2.237
2.3726
2.0874
1.7406
2.074
2.1
1.8156
2.2934
2.4088
1.6548
2.2068
1.848
2.083
1.7422
1.897
2.3108
1.8656
1.8406
1.951
2.2692
2.003
1.9952
2.4116
1.7874
1.5776
2.1724
1.791
2.1252
1.947
2.0412
1.8816
2.5498
2.0918
1.6058
2.1068
1.9338
2.48
1.6032
2.0296
1.877
1.9294
1.9802
2.314
2.0466
1.893
2.2786
1.9042
2.166
2.391
1.7956
1.9974
1.8468
1.7912
2.0276
1.5958
2.1266
2.5512
1.6018
1.9904
1.9768
2.216
1.7976
1.6296
2.2102
1.8262
1.8332
2.103
1.5856
2.2956
2.3438
2.0096
1.8768
1.8314
2.3376
1.641
2.048
1.7406
1.8222
2.313
2.1392
1.9404
2.2246
1.984
2.5718
2.0524
2.2086
1.727
2.3708
1.515
2.0774
2.3912
1.8186
2.102
1.5356
2.3678
1.5408
2.4028
1.8578
1.4086
2.4674
1.8356
1.779
2.3058
1.9254
1.9478
1.7138
2.2518
1.6502
2.0762
1.9486
1.852
1.941
2.0344
2.0826
1.9386
2.2364
1.6402
1.9478
2.0466
1.8746
1.7976
2.2824
2.03
1.6926
2.2076
1.7976
2.1186
2.2128
1.9966
1.81
1.9184
2.2174
1.5364
2.4364
2.0534
1.3958
1.981
1.9694
1.9488
2.2768
2.3844
1.7588
1.897
2.4098
2.281
1.7326
2.0676
2.2368
1.53
2.0004
2.3246
2.1682
1.7566
2.7072
1.2468
2.0752
2.4638
2.0314
1.5294
2.1982
2.3118
2.0112
2.1008
2.4434
1.842
2.2424
1.8212
2.2574
2.2066
2.0618
1.7526
1.9048
2.4724
2.0952
1.8508
2.7058
1.803
1.7288
2.2202
1.7698
2.025
1.6282
2.2396
1.463
1.9136
2.3348
1.8586
1.781
1.8904
2.1628
1.8592
2.125
1.838
1.9752
1.6506
1.9204
1.9682
1.9622
2.1086
1.5748
2.3288
1.6742
2.0682
2.2264
2.2932
1.8692
2.436
1.596
2.2844
1.5992
1.8778
2.005
2.154
1.86
2.034
2.2566
1.7698
2.7072
1.9412
1.8598
1.7936
1.7534
1.9906
1.845
1.9342
2
1.8944
2.0378
1.7682
1.8726
1.7788
2.0218
2.03
1.9266
1.7478
1.628
1.8424
1.9972
2.1048
1.7206
1.981
2.0258
1.6044
2.1334
1.9328
1.925
1.535
1.9726
2.0978
2.3022
1.8648
2.009
2.2082
2.0116
1.831
1.9212
2.1716
1.9194
1.9032
1.848
2.5026
2.2826
1.8184
2.0208
2.3108
2.1616
1.6204
2.041
2.249
2.3582
2.113
1.8532
1.7304
2.2208
2.0372
2.1388
2.1308
2.1896
1.8712
1.9616
2.1174
1.742
2.395
2.038
2.1472
1.5306
1.9928
2.1108
1.4584
2.105
1.8118
2.2028
2.2696
2.0734
1.8134
2.1492
1.8696
1.5466
2.0562
1.9134
2.2738
1.7984
1.993
2.1364
1.7202
1.9078
1.8878
1.7536
1.9348
2.1794
1.6538
1.745
2.2948
2.0468
1.8228
1.6002
1.5352
2.238
2.0466
1.6572
2.5434
2.0306
1.9852
2.1166
2.0642
1.525
1.961
1.9734
2.067
1.7504
1.9268
2.1038
1.9592
1.6666
2.6316
1.5746
2.2066
2.1238
1.8582
1.6932
2.259
2.1328
1.7468
2.3
1.792
1.744
1.9456
2.5716
2.1422
1.3996
2.1596
2.138
2.0636
1.8062
1.8052
2.3648
1.791
1.864
1.8646
2.439
1.6554
2.0848
2.1054
1.9836
2.2136
2.189
2.1236
2.2514
2.1468
1.9384
2.1634
1.8184
2.081
1.729
2.0034
1.9828
1.99
1.98
1.8852
1.7826
1.8452
2.4808
1.6864
2.0468
2.1452
1.8908
2.046
2.0828
2.023
2.309
2.0846
1.9406
1.9284
2.1556
1.622
2.3826
1.8696
1.8858
2.096
2.3644
1.9384
2.3264
1.9008
2.121
1.6046
2.388
2.0236
2.2396
1.5886
1.9346
2.165
1.5586
2.0344
2.2304
2.1832
1.9278
2.1834
1.8128
1.8652
1.9776
2.2066
2.0362
1.9644
2.0452
1.6234
2.0062
2.0352
1.6056
1.5276
1.9242
1.884
1.9906
2.0794
1.9882
1.9158
2.0894
1.7112
2.0392
1.8468
2.187
1.8832
1.8562
1.6714
2.1214
1.9364
1.8864
2.248
2.0028
1.7246
2.216
2.104
1.7186
2.1668
1.8164
1.9854
1.6196
2.0022
2.2148
2.1568
1.756
2.2502
2.027
1.7074
2.1688
2.0684
2.2066
2.0256
2.1012
1.9978
1.8712
2.013
1.8712
2.1512
1.9384
1.9314
2.445
1.471
2.5482
1.586
2.4886
1.7126
1.9016
2.1796
2.0566
1.7668
1.8296
1.5812
1.9558
2.5204
2.0478
2.2422
2.0378
1.6624
2.1786
2.025
1.8758
1.541
2.3458
2.0608
1.961
1.8116
2.4424
1.6454
1.9764
2.1888
2.068
1.9888
1.582
1.9512
1.9256
1.595
2.0244
1.98
2.1662
1.5952
2.2266
1.8984
2.2558
1.8504
1.6606
2.5186
1.758
1.8048
2.1402
1.9924
1.9494
2.0344
2.0156
1.6748
1.9746
2.2426
1.7648
2.0008
1.8186
2.0882
1.9834
2.0296
1.7136
1.9924
1.7904
1.9
2.0476
2.284
1.8138
2.2006
1.7368
1.8552
1.372
2.5458
1.8642
1.7672
1.7942
2.2574
1.8714
2.3824
1.588
1.985
1.8454
2.3486
1.6376
1.8718
2.29
2.0714
1.3612
2.707
1.7598
1.4286
2.0156
2.154
1.6176
2.2962
1.6306
1.7298
1.901
1.8892
1.611
2.0376
2.3022
1.6196
1.8638
1.9322
2.2526
2.0342
2.1418
2.0152
2.1546
2.0438
1.8412
