0.4459
1.633
1.2799
2.8044
0.5261
0.7009
3.0583
1.6428
2.2212
1.6131
0.9551
1.8672
0.3234
1.1346
0.7642
1.9165
3.1999
1.0925
1.0199
0.7835
2.0778
0.2363
0.6939
1.9305
0.8673
1.788
0.3761
2.5251
0.7092
0.5655
0.9164
1.8511
1.0092
1.1609
2.0547
2.5029
1.032
1.5004
0.9245
2.0357
1.4733
0.485
1.386
0.4981
1.5623
2.4613
1.676
2.0415
0.6029
2.0487
1.6684
0.9203
1.8744
0.7263
3.1217
1.2515
1.8643
1.4439
0.5216
4.0669
0.6005
1.495
1.3033
2.4819
2.0897
1.6307
2.9335
1.0316
0.8248
2.9343
1.4776
0.7309
1.0273
1.4992
0.6348
2.0647
0.9052
2.5916
2.4082
2.425
1.257
2.9903
1.6834
2.1367
0.6383
0.8569
0.6438
2.1825
1.0141
1.4508
1.8094
0.1113
2.8413
1.0068
3.7441
0.4176
1.2759
3.0726
0.3473
1.9513
2.0739
0.9406
2.1446
0.2915
1.9768
0.835
2.1473
0.4651
1.0266
3.1473
0.5894
2.1593
1.3072
2.88
0.912
2.4854
1.1946
2.0549
1.2954
0.4988
4.7761
1.3518
2.1521
1.004
0.4224
2.5545
0.5631
0.4884
1.2421
3.6808
1.3699
1.3612
3.1569
1.3695
2.2096
0.781
0.6656
1.7902
1.2544
2.9183
1.1639
1.1899
0.7398
1.523
1.0169
1.4997
2.2756
0.2055
0.9271
0.7622
4.2406
0.45
1.0011
1.8559
2.3447
0.6979
1.2726
3.9209
1.5115
0.7128
0.3209
2.4671
0.3886
4.8658
1.6483
0.4867
2.3859
0.1436
1.5133
2.8061
2.7279
1.6958
0.3582
2.7657
2.1024
0.7596
0.4975
1.6603
2.1643
1.2752
2.744
0.214
1.5994
1.8266
1.9578
1.36
1.7583
2.1412
0.9503
2.6399
2.8425
0.2783
1.0358
0.4646
2.5425
0.2558
1.4136
1.5686
1.3093
1.206
1.4967
1.8234
1.8902
3.3791
0.3344
2.6087
1.0163
3.6716
0.8122
1.6934
0.9705
1.5898
0.2283
2.2522
1.9791
3.0569
1.0672
0.3814
3.267
1.4964
2.7211
0.1799
0.7401
1.8705
1.2719
0.6655
2.7286
0.6111
1.754
2.4744
0.1606
0.3757
2.3961
2.9883
2.3463
0.7691
1.0029
3.4116
1.7282
0.7996
1.6596
0.5951
0.4741
1.4705
0.7729
3.4115
1.6405
1.1343
0.5858
1.4841
1.9862
1.8369
0.5882
1.2426
1.3562
0.9185
1.0167
2.872
1.8376
2.699
1.7502
1.5221
1.0263
1.2291
2.7563
0.3103
1.2598
0.3204
2.4656
1.2649
2.9442
0.5961
4.0304
0.5627
1.7111
1.8335
1.6187
0.2737
0.7745
1.9438
1.73
1.5595
0.2005
1.7905
1.0513
1.7369
2.714
0.8793
0.8045
2.0288
4.9967
2.5253
1.5411
3.0682
1.7453
1.9799
0.6923
0.6555
3.5034
0.1009
1.0829
0.316
2.5041
1.806
0.6745
2.2428
2.4396
1.3974
1.4261
1.1042
1.8287
1.1519
2.1028
0.1362
2.7192
2.7872
1.05
1.4507
1.0933
2.7786
0.5769
1.8578
1.382
0.5769
2.046
1.0837
3.0993
0.5239
1.9857
2.4116
1.687
1.2472
2.3381
1.566
1.0281
2.1293
3.4386
0.5194
0.2953
3.5699
1.4386
0.8202
1.4263
1.4165
1.4823
2.3231
0.8981
2.009
0.5432
0.8697
0.8221
1.763
2.2266
1.5874
2.0556
1.4492
0.2173
0.8166
1.6819
2.1698
1.5842
3.4767
1.2359
1.5031
1.4675
1.1809
0.304
2.2996
1.1179
1.894
0.3143
2.7881
1.0547
3.4455
0.9698
1.4136
2.0787
1.2138
0.5417
1.9978
0.9789
2.0102
1.607
1.7884
0.9498
3.0288
0.8256
0.9541
0.9189
0.813
1.2631
0.8194
3.0667
0.8706
1.0874
0.7032
1.0131
0.7618
3.805
0.9144
0.5592
1.5514
2.5409
3.2298
2.5405
1.3637
0.7375
2.3355
1.5291
2.0591
0.9708
1.154
1.0832
0.3556
2.2142
0.7057
0.6914
2.3747
2.6834
0.9542
2.935
0.4681
0.5964
3.938
1.3665
0.7455
0.9069
1.9957
0.7985
2.0234
0.3827
2.2417
0.6036
0.5665
0.818
0.4753
3.1516
1.0101
0.152
1.7524
1.2512
1.6141
1.6842
2.9639
0.2074
3.0427
1.1862
0.4994
2.6569
1.0193
0.6664
2.0265
1.5653
2.1233
1.502
0.6594
0.3115
3.8603
0.7284
1.192
1.4598
1.8397
1.1473
0.7798
2.0637
0.6241
1.8287
2.8857
0.1857
1.8145
0.4242
0.8697
0.3625
2.2646
2.0236
2.2831
0.5753
1.0478
1.6456
0.3489
2.4245
1.4748
1.0134
1.6722
1.1884
0.6869
1.2585
1.1791
2.2869
1.1586
1.9178
1.5962
1.8114
0.7577
1.682
0.8682
2.1271
2.2831
0.4692
1.518
1.3433
0.5604
2.8931
0.5513
1.3801
1.6686
1.0309
1.5846
1.6882
0.5228
1.0506
1.5704
0.3558
1.6909
2.2059
1.9887
1.0455
2.0716
2.8591
0.2139
0.4714
0.7788
1.7392
1.9791
1.3218
3.3973
0.7881
0.9731
2.0455
0.2225
1.7329
2.319
1.5578
0.9647
1.6949
1.0946
0.411
4.1365
0.854
1.4451
2.0467
0.8408
1.2718
2.2312
0.3005
3.9721
2.1445
0.5235
0.4731
2.5312
2.4283
1.8564
1.7709
1.7949
2.1426
2.0808
1.027
1.5981
2.7042
1.099
0.7649
0.2617
1.5227
2.6569
1.8718
1.2916
3.7906
0.2077
1.116
2.0758
1.0789
1.3497
1.419
2.1174
3.4653
1.1206
0.1513
0.7731
3.2718
0.4773
1.9158
3.1292
0.3747
1.4253
0.8679
0.7901
2.1322
1.1296
0.5394
3.4556
0.8926
0.9349
0.8089
2.427
0.6788
1.5532
2.0427
1.608
0.3371
1.85
1.4738
1.636
0.4151
2.1904
1.8531
1.8247
1.151
3.3577
0.8114
1.4253
0.4407
1.4378
2.3633
1.728
1.5846
1.5739
1.8896
0.3701
1.4929
2.0707
2.0307
1.5073
0.378
0.3602
1.3375
0.0862
2.1764
1.893
0.3705
2.155
0.364
1.5338
2.2161
1.6163
2.7133
0.3225
1.5053
1.924
3.6984
1.8271
0.3346
2.4819
1.5386
0.7216
1.2165
2.4062
1.213
0.6871
0.7817
0.8162
2.1331
1.1215
1.2618
0.8302
1.4351
0.2463
2.1158
2.1548
1.1455
0.4328
1.2158
1.4689
1.9419
0.1967
3.4972
1.0415
0.4837
2.6368
0.5268
3.3993
0.5072
2.1631
1.5057
2.0601
0.8622
1.1551
1.4723
0.7729
2.3612
1.3861
1.0349
0.5678
0.7819
3.3182
1.7166
0.4095
1.694
0.9435
0.4186
1.6356
0.4939
1.8729
1.4714
1.2812
0.6828
3.5401
0.674
1.9336
3.3638
0.5224
3.0409
2.2816
1.6179
2.3339
1.5781
0.961
1.6328
2.8913
0.6702
1.549
0.3093
2.1255
2.1528
0.6569
1.1689
1.8803
1.75
0.3617
0.1227
2.9532
1.3478
1.7367
1.2834
1.1703
2.1823
1.4069
0.819
0.9267
3.1726
0.9152
1.6768
1.6638
3.521
0.4331
0.3448
1.9334
1.6539
1.2706
0.5503
0.3673
1.5159
0.2968
2.4785
1.1805
1.2052
0.1546
2.0925
1.5127
2.2209
1.1011
2.0045
1.3951
1.5763
0.5867
1.117
3.3768
0.3755
1.8049
1.2303
0.8147
1.6153
1.7825
0.8337
1.3144
1.2062
0.9715
0.5512
1.4655
1.3504
0.8257
0.4483
1.3447
3.7801
0.5031
1.6875
1.3692
2.645
2.4319
0.3541
4.5362
0.4651
1.0213
2.1185
1.67
1.6392
1.4641
2.0202
2.3462
1.1587
2.3181
0.4537
3.2756
2.5051
1.0384
1.9466
1.0114
0.5503
1.0069
2.0456
1.74
2.5007
0.3672
1.6552
0.5003
0.6692
2.5184
0.7894
0.8327
4.1627
1.1784
0.6252
2.6667
2.1773
0.453
0.939
0.8186
4.5338
0.4946
1.0014
0.8309
1.9449
1.3978
0.4409
2.7209
0.7958
1.1766
1.4089
1.3383
0.8137
2.9042
1.8977
1.8538
1.5371
0.2995
3.3802
0.7985
0.8949
1.3609
2.031
1.8194
0.5303
0.6689
2.0609
1.004
0.5997
0.2358
4.6991
0.214
1.4367
1.4894
0.3396
3.1001
1.9377
2.0442
0.9571
0.8631
2.6954
1.7111
2.7963
2.4084
0.1936
0.152
2.266
1.0048
0.2169
1.6514
1.2593
1.0937
0.2889
1.2156
0.9623
3.2317
0.4701
1.5372
1.1255
0.6519
2.4366
0.4086
2.8047
1.22
0.2955
2.5639
1.0564
0.56
1.0022
2.0911
1.5268
4.5187
0.1876
3.4971
1.036
1.4602
2.0662
1.01
2.9549
0.7227
1.2676
0.3538
1.3186
0.2182
2.7353
3.3268
0.2122
1.2934
2.327
1.3149
1.2737
1.5823
0.6616
1.3192
2.2762
2.588
1.329
0.3816
2.9896
1.3526
1.2853
0.3903
1.6017
1.7955
1.0607
1.0966
0.5119
4.3773
1.1973
3.4499
0.5716
2.5335
1.6827
1.2647
4.271
1.8637
0.9829
2.1371
1.151
1.2386
1.1247
1.3305
0.432
1.9549
1.6692
0.6314
1.4037
1.6642
0.2665
2.1439
2.3739
1.5223
3.7927
0.1106
0.228
2.272
1.0005
1.6602
1.6343
2.3876
1.6093
0.8462
0.4206
0.694
1.5887
0.285
2.7476
1.3718
3.6376
1.0238
1.4649
0.6595
1.7937
0.5348
2.3666
0.4286
1.9153
0.8211
1.554
1.7147
2.6994
2.8295
0.3898
2.8032
1.1549
1.2013
1.2888
0.9737
3.0232
0.8535
0.879
1.8362
0.5539
1.4324
0.7314
2.5744
2.0556
0.7834
1.0923
0.2512
0.6634
1.7342
0.8054
0.6929
