0.3318
0.4368
0.8414
0.8418
0.7174
0.2467
0.4638
0.5871
0.6159
0.3305
0.7465
1.7518
0.185
0.1694
0.3759
0.8863
1.0848
0.1447
0.4486
0.4762
1.0504
0.3753
0.4976
1.6734
0.1261
0.6965
0.4559
0.5308
0.4654
0.4489
0.4869
0.8085
0.3338
1.0416
0.534
0.4893
0.1257
1.164
0.6945
0.8805
0.7328
0.7436
0.4181
0.1981
0.7135
0.7235
0.415
1.3302
0.2851
0.8747
0.3315
1.0313
0.4953
0.6501
0.3495
0.3292
0.5752
0.8119
1.5979
0.7617
0.3719
0.4608
1.2244
1.0416
0.1905
0.1837
0.8376
0.3664
0.7685
0.8638
0.7667
0.3358
0.9728
0.1843
0.3313
0.5633
0.7371
0.2556
2.0696
0.0961
0.3842
0.2535
0.7638
0.4751
1.0896
0.4129
0.3119
0.3414
0.9803
0.4862
0.0944
1.141
0.6878
1.9306
0.1025
0.1633
1.0058
0.5962
0.2005
0.5189
0.6718
0.5247
1.5059
0.2234
0.4154
0.3348
0.529
0.9521
0.2726
1.1581
0.1864
0.9178
1.242
0.4633
0.496
0.651
0.9388
0.6888
0.4615
0.7517
0.9058
0.7308
0.2644
1.1971
0.2194
1.8963
0.5783
1.1572
0.7808
0.3757
0.2883
0.1513
0.9443
0.4859
0.897
0.2591
0.3192
1.8879
0.2704
1.2426
0.9867
0.8621
0.7696
0.5252
1.0899
0.586
1.2544
0.6988
0.4379
0.3809
0.156
0.3002
0.9046
0.5449
0.5957
0.5275
0.3669
0.2997
1.2856
0.1891
1.1006
0.2727
0.3116
0.2266
0.8684
0.6561
0.4315
0.3652
1.5
1.0657
0.6914
0.1961
1.1374
0.427
0.8496
0.9541
0.2595
0.4539
0.4644
0.1915
1.1607
0.3735
1.4207
0.4024
1.0283
0.5647
0.4437
0.6092
0.4093
1.6515
0.1763
0.5249
0.2161
0.5888
1.0288
0.3797
0.4766
0.7388
0.9727
0.1905
1.3295
0.6283
0.4315
1.0708
0.5462
0.19
0.4109
0.6666
0.907
1.6835
0.2003
0.6965
0.2134
0.142
0.1705
0.5295
0.7154
0.5209
0.5073
0.5491
1.4761
0.768
0.2738
0.8894
0.2014
0.9167
1.0672
0.613
0.5633
0.364
0.565
0.5326
0.5268
0.6707
0.9744
0.1799
0.6069
0.34
1.0859
0.2555
0.6758
0.8946
0.2129
0.5284
0.3284
1.0264
0.5857
0.4377
0.8175
0.9155
0.3864
0.2323
0.9056
0.608
0.6372
0.2611
0.6054
1.6886
0.2108
0.411
0.318
0.8592
0.3954
0.4821
1.1366
0.6814
1.0679
0.4451
0.4952
0.4532
0.2314
1.4003
0.3773
0.2061
0.19
0.1333
0.794
0.8731
0.7943
0.4065
1.101
1.0197
0.3944
1.107
0.3135
0.59
0.4593
0.6875
0.4086
1.2388
0.6528
0.5732
1.0346
0.387
0.2158
0.3452
0.2867
1.2039
0.9716
0.6417
0.821
0.822
0.1712
0.6148
0.4272
0.6554
0.4244
1.2712
0.6077
0.2361
0.3422
0.4377
0.8722
0.2441
1.2503
0.7679
0.5602
0.6094
0.3267
0.9728
1.0149
0.476
0.2119
0.6405
1.0672
0.4822
0.7916
0.3037
0.1728
0.3119
1.1243
0.0929
0.3724
1.3511
0.3725
0.5108
0.5678
0.6248
0.7955
0.588
0.1402
1.0735
0.504
0.9009
0.3157
0.5657
1.4515
0.1966
0.2828
1.0301
0.6997
0.289
0.6201
0.5281
2.6173
0.5075
0.2645
0.2676
0.7055
0.5762
0.1397
0.625
1.1915
0.859
0.5719
0.4849
0.4027
0.6083
0.3381
0.6235
0.9075
0.3299
0.9808
0.482
0.3301
0.8152
0.3676
1.0776
0.1715
0.4628
0.362
1.6366
0.7217
0.7666
0.5197
0.0771
0.5581
1.4951
0.7473
1.1506
0.5165
0.1695
1.2012
0.1451
0.2908
0.7651
0.6597
0.9408
1.0184
0.641
0.0925
0.4895
1.1172
0.5286
0.4436
0.5987
0.37
0.2133
0.8874
1.1108
1.0953
0.2639
0.5182
1.2708
1.2605
0.4449
0.5278
0.2608
1.0817
0.3546
0.8814
0.6384
0.1788
0.9632
0.2179
1.5422
0.3608
0.9531
0.2519
0.3862
0.889
1.5129
0.1768
0.3403
0.6674
1.1976
0.2913
0.6879
0.6249
0.2753
1.1255
1.0151
0.4541
0.9103
0.4171
1.2143
0.5453
0.4668
0.3582
0.4189
0.7202
0.1617
1.189
1.3077
0.4737
0.3634
0.4494
0.3587
0.7953
0.6165
0.2098
0.997
0.4284
0.6473
0.5288
0.7533
0.1427
1.1621
0.7311
0.5195
0.8481
0.8671
1.0849
0.5165
0.1688
1.3349
0.4756
0.8212
0.6294
0.3858
0.4099
0.4666
0.8613
0.3939
0.8514
0.242
0.5187
0.3264
0.2972
1.1561
0.7639
0.3787
0.2637
1.205
0.5368
1.0185
0.8522
0.429
0.2411
0.476
0.5554
0.4027
0.7173
0.8056
0.9704
0.5559
0.2615
0.1415
1.0984
0.5254
0.7618
0.5846
0.3826
0.129
0.9354
0.1912
0.5928
0.7057
0.4279
0.5105
1.0108
0.492
0.4291
1.2983
0.8337
0.247
0.4784
0.3445
0.4688
1.0056
0.8958
1.0313
0.6704
0.3759
0.3535
0.2177
0.4581
0.7692
1.3463
0.3836
0.8427
1.1444
0.2076
0.2372
0.2166
0.4915
0.6377
0.4217
0.5382
0.5737
0.5447
0.909
0.5257
1.1807
0.1087
1.4302
0.3101
0.5111
0.4002
0.3308
1.2839
0.3755
0.3464
1.5705
0.5664
0.4555
0.5019
0.3688
0.5265
0.2619
0.9522
1.1765
0.6439
0.2031
0.5109
0.2516
0.5533
0.6172
0.2375
0.5681
0.242
1.1058
0.266
0.3781
1.6992
0.3214
0.6448
1.1709
0.9456
0.4536
0.2319
0.2146
0.2365
0.5842
0.6926
0.4009
1.1305
0.2505
0.6008
0.302
0.7574
0.7065
0.6694
0.4554
0.8827
1.0366
0.5666
0.3098
0.2412
1.3097
0.2585
0.5752
0.9318
0.2465
0.9627
0.5904
0.7237
0.8122
0.4078
0.2784
0.6169
1.0428
1.0599
0.2989
1.2275
1.7107
0.7359
0.2451
0.6821
0.4311
0.9323
0.6802
1.202
0.3073
0.2765
1.5597
0.5737
0.9981
0.4179
0.5395
0.1304
0.3647
0.6936
0.3788
1.0055
0.4463
0.2283
0.8166
1.2422
0.6128
0.5863
0.805
0.3589
1.2218
0.7734
0.3834
0.1736
0.3374
1.2868
0.7719
0.2462
0.3747
1.3667
0.4882
0.1725
0.5246
0.6974
0.4784
0.5237
0.2929
1.049
1.1884
0.2568
1.0533
0.5216
1.1283
0.3239
0.2825
0.4468
0.1976
0.416
0.3761
0.6616
1.0333
0.8291
0.7511
1.0488
0.8239
0.2762
0.5745
0.3872
0.2684
0.7948
0.4771
0.287
0.4714
1.0025
0.4652
0.2374
0.3611
0.5735
1.3675
0.3275
0.6678
0.2835
0.1483
1.5593
0.1774
0.359
0.8578
0.5759
1.1524
0.8227
0.3445
1.3428
0.3562
1.1468
0.7251
1.1011
0.407
0.6895
0.6904
0.4829
0.1497
0.3524
0.8067
0.5269
0.4539
0.8838
1.0685
0.2554
0.4225
0.8852
0.5379
0.9697
0.7592
0.5774
0.3664
1.0331
0.576
0.6159
0.6113
0.4734
1.1493
1.1357
0.413
0.4642
0.1547
0.6536
1.4624
0.3026
0.7355
0.5328
0.2054
0.2551
0.2984
1.0938
0.5356
0.0995
0.4649
0.6013
1.187
0.891
0.6425
0.3547
1.0616
0.63
0.4243
0.4303
0.2424
0.6184
0.2327
0.8367
0.7679
0.8849
0.2481
0.7449
0.2311
0.7601
0.492
1.0403
1.0152
0.8301
0.2398
0.1421
0.2817
0.7616
1.6127
0.38
0.3215
0.3217
0.5031
1.1892
0.4334
2.3076
0.1802
0.2636
0.7317
0.6025
1.0872
0.5736
0.1612
0.4941
1.0819
0.5148
0.9965
1.3867
0.2534
0.2805
0.3078
0.3067
0.4901
1.0458
0.7008
0.7956
0.3613
0.6421
0.1797
1.3685
0.6086
1.222
0.7088
0.706
0.6008
1.1455
0.3671
0.3721
0.7705
0.2303
0.732
0.8209
0.2424
0.2626
0.4821
1.094
0.3627
0.3907
0.3452
0.7166
0.2484
0.1778
1.3369
0.8986
0.5391
0.5698
0.7786
0.8794
0.2399
0.7117
0.1961
1.618
0.3874
0.6458
0.1316
0.6502
0.5767
0.8747
0.255
0.5216
0.8409
0.6204
0.2269
0.4105
0.8198
0.2364
0.3383
1.1649
1.0459
0.5271
0.6638
0.6429
0.0977
1.3427
0.2477
0.6796
0.8706
1.0031
0.4522
0.4696
0.3187
0.1813
0.2997
1.5053
0.4439
0.2787
0.5948
0.6599
1.3444
1.0759
0.9548
0.527
0.1948
0.8896
1.391
0.4007
0.1533
0.9174
0.6633
0.3291
1.3545
0.6428
0.322
0.3079
1.0186
0.2136
1.1736
0.1783
0.7224
0.4992
1.364
0.3828
0.5413
0.1614
0.8952
0.2323
1.0967
0.8594
0.7017
0.4654
0.6541
1.0818
0.9943
0.3253
0.5612
0.5597
0.4861
0.2682
0.3085
1.4247
0.4408
0.1575
0.1599
0.8835
0.7071
0.5891
0.2269
0.7555
1.3957
0.2178
0.6986
0.6534
0.4377
0.4953
0.9548
0.9228
0.4017
0.2236
0.3609
1.0833
0.3875
1.4338
0.4657
0.481
0.6248
0.4768
0.6749
0.8373
0.3586
0.658
0.2182
0.6674
0.557
0.4359
1.3855
0.5186
0.7843
0.5255
0.4192
0.1749
0.7424
0.4498
0.7662
0.1296
0.8117
0.3886
0.6549
0.9393
1.2273
0.3234
1.0061
0.383
0.5597
1.1732
0.3789
0.8176
0.8792
0.3391
0.7349
1.2187
1.6164
0.2125
0.3567
0.605
0.7326
0.4866
0.2684
0.34
1.4905
0.317
0.6821
